Nr	Art	BHD	h	kra	kd	x	y	kenn	mort
    1	    3	 22.1	 23.6	 16.2	  3.6	 60.5	 50.0	0	    0
	    0
	    0
	    0
    5	    3	 22.2	 23.7	 16.4	  3.6	 70.7	 22.9	0	    0
	    0
	    0
	    0
	    0
	    0
	    0
	    0
	    0
	    0
   15	    3	 22.5	 23.9	 16.5	  3.7	 57.9	 53.8	0	    0
   16	    5	 24.7	 18.0	  8.9	  7.4	 65.2	 90.0	0	    0
   17	    3	 27.0	 25.3	 17.2	  4.2	 84.7	  6.4	0	    0
	    0
	    0
	    0
	    0
	    0
	    0
	    0
   25	    5	 26.7	 18.7	  9.3	  7.7	 23.0	 19.4	0	    0
	    0
	    0
	    0
	    0
	    0
   31	    3	 25.4	 24.9	 17.0	  4.0	 92.7	 29.0	0	    0
	    0
	    0
	    0
	    0
	    0
	    0
	    0
	    0
	    0
	    0
	    0
	    0
	    0
	    0
	    0
	    0
	    0
	    0
   50	    5	 24.6	 18.0	  8.9	  7.4	 30.7	 22.8	0	    0
	    0
   52	    5	 27.6	 18.7	  9.3	  7.9	 86.2	 18.3	0	    0
	    0
	    0
	    0
	    0
	    0
	    0
	    0
	    0
   61	    3	 23.3	 23.7	 16.1	  3.8	 85.0	 48.0	0	    0
	    0
   63	    3	 25.3	 24.8	 17.0	  4.0	 92.6	 35.7	1	    0
	    0
   65	    5	 26.2	 18.3	  9.1	  7.7	 13.1	 24.9	0	    0
	    0
	    0
	    0
	    0
	    0
	    0
	    0
   73	    5	 33.8	 19.9	  9.9	  9.0	  2.9	100.0	0	    0
	    0
	    0
	    0
	    0
	    0
	    0
	    0
	    0
	    0
   83	    3	 22.8	 23.8	 16.4	  3.7	 66.1	 12.9	0	    0
   84	    5	 28.2	 19.0	  9.4	  8.0	 15.8	 78.1	0	    0
	    0
	    0
	    0
	    0
	    0
	    0
	    0
   92	    5	 31.9	 19.5	  9.7	  8.7	 86.2	 57.7	0	    0
	    0
	    0
   95	    3	 24.6	 24.6	 16.8	  3.9	  3.3	 71.7	1	    0
   96	    3	 24.2	 24.5	 16.8	  3.9	 82.2	 27.2	0	    0
	    0
	    0
	    0
	    0
	    0
	    0
	    0
	    0
	    0
	    0
	    0
	    0
  109	    5	 29.6	 19.4	  9.6	  8.3	 57.7	 65.2	0	    0
	    0
	    0
	    0
	    0
	    0
	    0
	    0
	    0
	    0
	    0
	    0
	    0
	    0
	    0
	    0
	    0
	    0
	    0
	    0
	    0
  130	    3	 21.6	 23.7	 16.4	  3.6	 18.8	 42.3	1	    0
	    0
  132	    5	 29.0	 19.1	  9.5	  8.2	  2.5	 87.9	0	    0
	    0
	    0
	    0
  136	    5	 30.8	 19.3	  9.6	  8.5	 75.5	 22.7	0	    0
	    0
	    0
	    0
	    0
  141	    5	 34.2	 20.0	 10.0	  9.1	 13.0	 85.5	0	    0
	    0
	    0
	    0
	    0
  146	    3	 25.0	 24.8	 17.0	  4.0	  4.5	 29.6	0	    0
	    0
	    0
	    0
	    0
	    0
	    0
	    0
  154	    3	 23.1	 24.1	 16.6	  3.7	 57.2	 13.6	1	    0
	    0
  156	    3	 23.6	 24.4	 16.8	  3.8	 61.4	 93.0	0	    0
	    0
	    0
	    0
	    0
  161	    3	 23.5	 24.0	 16.4	  3.8	 12.1	 23.5	0	    0
	    0
	    0
	    0
	    0
	    0
	    0
	    0
	    0
	    0
  171	    3	 23.9	 24.2	 16.6	  3.8	  0.7	 40.5	0	    0
  172	    3	 25.9	 24.7	 16.8	  4.1	 23.1	 73.0	0	    0
	    0
	    0
	    0
	    0
	    0
	    0
	    0
	    0
	    0
	    0
	    0
	    0
  185	    5	 29.1	 19.2	  9.5	  8.2	 19.1	  0.5	0	    0
	    0
  187	    3	 25.8	 24.9	 17.0	  4.1	 15.6	 60.6	0	    0
	    0
	    0
	    0
	    0
	    0
  193	    5	 30.0	 19.5	  9.7	  8.3	 77.7	 82.1	0	    0
	    0
	    0
	    0
	    0
	    0
	    0
	    0
	    0
	    0
	    0
	    0
	    0
	    0
  207	    3	 23.0	 24.1	 16.6	  3.7	 54.0	 36.0	0	    0
	    0
  209	    3	 25.1	 24.7	 16.9	  4.0	 27.4	 76.5	0	    0
	    0
	    0
	    0
	    0
	    0
	    0
	    0
	    0
	    0
  219	    3	 23.8	 24.4	 16.8	  3.8	 52.5	  6.5	0	    0
  220	    3	 24.8	 24.7	 16.9	  3.9	 26.4	 67.4	0	    0
	    0
	    0
	    0
	    0
	    0
	    0
	    0
	    0
	    0
	    0
	    0
  232	    3	 24.8	 24.7	 16.9	  3.9	 34.2	 78.2	0	    0
	    0
	    0
	    0
	    0
	    0
	    0
	    0
	    0
	    0
	    0
	    0
	    0
	    0
	    0
	    0
	    0
	    0
	    0
	    0
	    0
	    0
	    0
	    0
	    0
	    0
	    0
	    0
	    0
	    0
	    0
	    0
  264	    3	 26.5	 24.3	 16.3	  4.2	 67.9	 68.9	0	    0
	    0
	    0
	    0
	    0
	    0
	    0
	    0
	    0
	    0
	    0
	    0
	    0
	    0
	    0
	    0
	    0
	    0
	    0
	    0
	    0
	    0
	    0
	    0
	    0
	    0
	    0
	    0
	    0
	    0
	    0
  295	    3	 24.8	 24.3	 16.5	  4.0	 30.7	 21.3	0	    0
	    0
	    0
	    0
  299	    3	 21.8	 23.6	 16.3	  3.6	 60.6	 97.1	0	    0
	    0
	    0
	    0
	    0
	    0
	    0
  306	    5	 31.7	 19.4	  9.7	  8.7	 67.7	 94.9	0	    0
	    0
	    0
	    0
	    0
	    0
	    0
	    0
	    0
	    0
  316	    3	 23.7	 23.9	 16.3	  3.8	 99.7	 23.3	0	    0
	    0
	    0
  319	    3	 24.8	 23.8	 16.0	  4.0	 58.5	 85.1	0	    0
	    0
	    0
  322	    5	 28.5	 19.0	  9.4	  8.1	 11.3	 40.3	0	    0
	    0
	    0
	    0
	    0
  327	    3	 25.0	 24.6	 16.9	  4.0	 29.8	 22.4	0	    0
	    0
	    0
	    0
	    0
	    0
	    0
	    0
	    0
	    0
	    0
	    0
	    0
	    0
	    0
  342	    3	 22.3	 24.0	 16.7	  3.6	 53.0	  2.9	0	    0
	    0
	    0
	    0
  346	    5	 29.0	 19.0	  9.4	  8.2	 61.3	 68.0	0	    0
	    0
	    0
	    0
	    0
	    0
	    0
	    0
	    0
	    0
	    0
	    0
	    0
	    0
	    0
	    0
	    0
	    0
	    0
  365	    5	 31.7	 19.7	  9.8	  8.7	 94.6	  1.2	0	    0
	    0
	    0
	    0
  369	    3	 21.2	 23.3	 16.2	  3.5	 19.9	 35.9	1	    0
	    0
	    0
	    0
	    0
	    0
	    0
	    0
	    0
	    0
	    0
	    0
	    0
	    0
	    0
	    0
	    0
	    0
	    0
	    0
	    0
	    0
	    0
  392	    3	 23.3	 24.0	 16.5	  3.8	 50.4	 15.0	0	    0
	    0
	    0
	    0
	    0
	    0
	    0
	    0
	    0
	    0
	    0
	    0
	    0
	    0
	    0
	    0
  408	    5	 28.9	 19.0	  9.4	  8.2	 17.5	 49.6	0	    0
	    0
  410	    5	 28.8	 18.7	  9.3	  8.2	 87.5	  5.9	0	    0
	    0
	    0
	    0
  414	    3	 23.7	 24.4	 16.8	  3.8	  7.0	 32.6	0	    0
	    0
	    0
	    0
	    0
	    0
	    0
	    0
	    0
  423	    5	 25.7	 18.1	  9.0	  7.6	 63.4	 64.2	0	    0
	    0
	    0
	    0
	    0
	    0
	    0
	    0
	    0
  432	    3	 25.1	 24.6	 16.8	  4.0	  4.5	 60.2	0	    0
	    0
	    0
	    0
	    0
	    0
	    0
	    0
	    0
	    0
	    0
	    0
  444	    3	 23.6	 23.7	 16.1	  3.8	 18.8	 92.7	0	    0
  445	    5	 26.4	 18.6	  9.2	  7.7	 70.2	 17.2	0	    0
	    0
	    0
	    0
	    0
	    0
  451	    3	 24.1	 24.3	 16.6	  3.9	 99.0	 76.3	0	    0
	    0
	    0
	    0
	    0
	    0
	    0
	    0
	    0
	    0
	    0
	    0
  463	    3	 25.3	 24.7	 16.9	  4.0	 82.6	 65.3	0	    0
	    0
	    0
	    0
	    0
	    0
	    0
	    0
	    0
	    0
	    0
	    0
	    0
	    0
  477	    5	 28.4	 19.1	  9.5	  8.1	 99.7	 68.7	0	    0
	    0
	    0
	    0
	    0
	    0
  483	    3	 22.8	 23.9	 16.5	  3.7	 62.5	 85.2	0	    0
	    0
	    0
	    0
	    0
	    0
	    0
	    0
	    0
	    0
	    0
	    0
	    0
	    0
	    0
	    0
	    0
	    0
	    0
	    0
  503	    3	 23.6	 24.3	 16.8	  3.8	 43.9	 21.8	0	    0
	    0
	    0
	    0
	    0
	    0
	    0
	    0
	    0
	    0
  513	    3	 27.8	 25.3	 17.2	  4.3	 58.9	  4.6	0	    0
	    0
	    0
  516	    5	 26.1	 18.7	  9.3	  7.6	 38.1	 33.4	0	    0
	    0
	    0
	    0
	    0
	    0
	    0
	    0
	    0
	    0
	    0
	    0
	    0
	    0
	    0
	    0
	    0
	    0
	    0
	    0
	    0
	    0
	    0
	    0
	    0
	    0
	    0
	    0
	    0
	    0
	    0
	    0
	    0
	    0
	    0
	    0
	    0
	    0
	    0
  555	    3	 23.4	 24.0	 16.4	  3.8	 20.0	 26.3	0	    0
  556	    5	 29.4	 19.2	  9.5	  8.3	 69.8	 39.2	0	    0
	    0
	    0
	    0
  560	    5	 31.9	 19.6	  9.7	  8.7	 68.7	  0.0	0	    0
	    0
	    0
	    0
	    0
	    0
  566	    5	 28.3	 18.8	  9.3	  8.1	 83.5	 95.3	0	    0
	    0
  568	    3	 24.1	 24.6	 16.9	  3.9	 91.6	 88.8	1	    0
	    0
	    0
	    0
	    0
	    0
	    0
  575	    3	 23.4	 24.3	 16.8	  3.8	 55.1	 85.4	0	    0
	    0
  577	    3	 24.9	 24.6	 16.8	  4.0	 36.1	 22.9	0	    0
  578	    5	 26.7	 18.4	  9.1	  7.8	 86.4	 84.2	0	    0
	    0
	    0
	    0
  582	    5	 29.7	 19.1	  9.5	  8.3	 13.6	 97.1	0	    0
	    0
	    0
	    0
  586	    5	 30.0	 19.4	  9.6	  8.4	 93.1	 78.7	1	    0
	    0
	    0
	    0
  590	    3	 26.2	 25.0	 17.0	  4.1	 64.0	 43.6	0	    0
	    0
	    0
	    0
	    0
	    0
	    0
	    0
	    0
	    0
  600	    5	 24.4	 18.0	  8.9	  7.3	 80.7	 74.7	0	    0
	    0
	    0
  603	    3	 25.1	 24.8	 17.0	  4.0	 55.9	 84.7	0	    0
	    0
	    0
	    0
	    0
	    0
	    0
	    0
	    0
	    0
	    0
  614	    5	 28.5	 19.1	  9.5	  8.1	 74.4	 27.8	0	    0
	    0
  616	    3	 24.8	 24.7	 16.9	  4.0	 50.9	 34.1	0	    0
  617	    3	 22.8	 24.0	 16.6	  3.7	 81.0	 99.1	1	    0
	    0
	    0
	    0
	    0
	    0
  623	    5	 32.4	 19.7	  9.8	  8.8	 57.1	 48.6	0	    0
	    0
	    0
	    0
  627	    5	 25.5	 18.5	  9.2	  7.5	 30.2	 13.4	0	    0
	    0
  629	    5	 32.5	 19.9	  9.9	  8.8	  1.7	 52.7	0	    0
	    0
	    0
	    0
	    0
	    0
  635	    3	 26.5	 24.7	 16.7	  4.2	 47.2	 31.4	0	    0
  636	    5	 30.5	 19.4	  9.7	  8.5	  7.1	 66.0	0	    0
	    0
	    0
	    0
	    0
	    0
	    0
  643	    5	 30.0	 19.3	  9.6	  8.3	 89.5	 34.2	0	    0
	    0
	    0
	    0
  647	    3	 24.0	 24.5	 16.8	  3.9	 74.4	 44.9	0	    0
	    0
	    0
	    0
	    0
	    0
	    0
	    0
  655	    3	 24.8	 24.6	 16.9	  3.9	 11.2	 59.1	0	    0
	    0
	    0
  658	    5	 28.0	 18.7	  9.3	  8.1	 20.2	 58.3	0	    0
	    0
  660	    3	 24.3	 23.9	 16.2	  3.9	 13.5	 62.8	0	    0
	    0
	    0
	    0
	    0
	    0
	    0
	    0
	    0
  669	    3	 20.9	 23.4	 16.4	  3.5	 16.2	 29.5	0	    0
	    0
	    0
	    0
	    0
	    0
	    0
	    0
	    0
	    0
	    0
	    0
	    0
	    0
	    0
	    0
	    0
	    0
  687	    3	 24.9	 24.6	 16.8	  4.0	 23.3	 68.9	0	    0
	    0
  689	    3	 22.4	 24.0	 16.6	  3.7	 77.6	 19.1	1	    0
	    0
	    0
	    0
	    0
	    0
  695	    3	 21.9	 23.6	 16.4	  3.6	 70.7	 36.3	0	    0
	    0
	    0
	    0
  699	    3	 26.5	 25.2	 17.2	  4.1	 75.7	 66.0	0	    0
	    0
	    0
	    0
	    0
	    0
  705	    3	 22.0	 23.7	 16.4	  3.6	 75.9	  9.0	1	    0
	    0
  707	    3	 23.8	 24.3	 16.7	  3.8	  5.4	 99.5	1	    0
	    0
  709	    3	 25.5	 24.7	 16.9	  4.0	 80.0	 39.8	0	    0
	    0
	    0
	    0
  713	    5	 25.6	 18.5	  9.2	  7.5	 93.8	 15.7	0	    0
	    0
	    0
	    0
	    0
  718	    5	 24.9	 18.5	  9.2	  7.4	 78.1	 79.3	0	    0
	    0
	    0
	    0
  722	    3	 27.5	 25.4	 17.3	  4.3	 11.4	 49.5	0	    0
	    0
  724	    5	 26.6	 18.6	  9.2	  7.7	 12.1	 51.4	0	    0
	    0
	    0
	    0
	    0
	    0
	    0
	    0
	    0
	    0
	    0
	    0
	    0
	    0
	    0
  739	    3	 24.4	 24.6	 16.9	  3.9	  6.0	 33.7	0	    0
  740	    3	 26.7	 25.2	 17.2	  4.2	 72.9	 88.0	1	    0
	    0
	    0
	    0
	    0
	    0
	    0
	    0
	    0
  749	    5	 26.0	 18.1	  9.0	  7.7	 94.6	  7.6	0	    0
	    0
	    0
	    0
  753	    3	 26.0	 25.0	 17.1	  4.1	 47.1	 60.5	0	    0
	    0
  755	    5	 28.4	 18.8	  9.3	  8.1	 24.7	 13.2	0	    0
	    0
	    0
	    0
	    0
  760	    3	 21.9	 23.5	 16.2	  3.6	 50.2	 26.2	0	    0
	    0
	    0
	    0
  764	    5	 27.8	 18.8	  9.3	  8.0	 59.7	 86.1	0	    0
	    0
	    0
	    0
	    0
  769	    3	 21.0	 23.5	 16.4	  3.5	 26.6	 82.2	1	    0
	    0
  771	    3	 21.9	 23.5	 16.2	  3.6	 25.0	 25.5	0	    0
	    0
	    0
	    0
	    0
	    0
	    0
	    0
	    0
	    0
  781	    3	 23.5	 24.3	 16.7	  3.8	 36.8	 52.9	0	    0
	    0
	    0
	    0
	    0
	    0
	    0
	    0
	    0
	    0
	    0
	    0
	    0
	    0
	    0
	    0
	    0
	    0
	    0
	    0
	    0
	    0
	    0
	    0
	    0
  806	    3	 21.9	 23.5	 16.3	  3.6	 69.1	 60.0	0	    0
  807	    5	 26.9	 18.7	  9.3	  7.8	 46.3	 11.0	0	    0
	    0
	    0
	    0
  811	    5	 28.5	 19.1	  9.5	  8.1	 23.5	 80.3	0	    0
	    0
	    0
  814	    3	 20.9	 23.6	 16.6	  3.5	 89.0	 24.4	0	    0
	    0
	    0
	    0
  818	    5	 30.3	 19.5	  9.7	  8.4	  1.8	 72.8	0	    0
  819	    5	 30.8	 19.7	  9.8	  8.5	 77.0	 70.2	0	    0
	    0
	    0
	    0
	    0
	    0
	    0
	    0
	    0
	    0
	    0
	    0
	    0
  832	    5	 23.6	 18.0	  8.9	  7.2	 58.3	 58.9	0	    0
	    0
	    0
	    0
	    0
	    0
	    0
	    0
  840	    5	 29.3	 19.2	  9.5	  8.2	 48.7	 23.5	0	    0
	    0
	    0
	    0
	    0
  845	    3	 22.3	 24.1	 16.7	  3.6	 62.2	 34.7	0	    0
	    0
	    0
	    0
  849	    3	 26.1	 25.1	 17.2	  4.1	 83.8	 87.1	1	    0
	    0
	    0
	    0
  853	    5	 26.3	 18.6	  9.2	  7.7	 90.5	 70.1	0	    0
	    0
	    0
  856	    3	 24.1	 24.5	 16.8	  3.9	 38.1	 32.8	1	    0
	    0
	    0
  859	    5	 30.4	 19.3	  9.6	  8.4	  8.5	 23.4	0	    0
  860	    3	 24.6	 24.5	 16.8	  3.9	 91.9	 44.1	0	    0
	    0
	    0
  863	    5	 25.6	 18.8	  9.3	  7.5	  1.2	 26.6	0	    0
  864	    3	 24.9	 24.8	 17.0	  3.9	 65.8	 84.7	0	    0
	    0
	    0
	    0
	    0
	    0
	    0
	    0
	    0
	    0
	    0
	    0
	    0
	    0
	    0
  879	    3	 21.6	 23.5	 16.3	  3.6	 39.7	 14.7	0	    0
	    0
	    0
  882	    3	 24.6	 24.1	 16.4	  4.0	 64.8	 74.9	0	    0
	    0
	    0
	    0
	    0
  887	    3	 23.7	 24.2	 16.6	  3.8	 33.7	 48.8	1	    0
	    0
  889	    3	 24.2	 24.4	 16.7	  3.9	 13.3	 69.6	1	    0
	    0
	    0
  892	    5	 28.3	 18.8	  9.3	  8.1	 59.9	 73.3	0	    0
	    0
	    0
  895	    5	 29.1	 18.9	  9.4	  8.2	 11.3	 80.1	0	    0
	    0
  897	    3	 22.0	 23.6	 16.3	  3.6	  6.5	 94.0	0	    0
	    0
	    0
	    0
  901	    3	 25.4	 24.1	 16.2	  4.1	 66.4	 23.0	0	    0
	    0
	    0
	    0
	    0
	    0
  907	    3	 23.2	 24.2	 16.7	  3.8	 42.5	 51.4	0	    0
	    0
	    0
  910	    3	 25.4	 24.8	 17.0	  4.0	 48.7	 16.4	0	    0
	    0
	    0
	    0
	    0
  915	    3	 25.2	 24.7	 16.9	  4.0	 76.4	 99.2	1	    0
  916	    3	 25.5	 24.8	 17.0	  4.0	 55.0	 98.4	0	    0
  917	    3	 26.3	 25.0	 17.1	  4.1	 68.5	 67.3	0	    0
	    0
	    0
	    0
  921	    5	 27.3	 18.7	  9.3	  7.9	 34.4	 14.9	0	    0
	    0
  923	    3	 23.1	 23.9	 16.4	  3.8	 89.4	 27.4	0	    0
	    0
	    0
	    0
	    0
	    0
	    0
	    0
	    0
	    0
	    0
  934	    5	 29.8	 19.3	  9.6	  8.3	 88.4	 66.9	0	    0
	    0
  936	    5	 30.8	 19.4	  9.7	  8.5	 98.0	 26.6	0	    0
  937	    3	 23.9	 24.4	 16.8	  3.8	  0.7	 83.2	0	    0
	    0
  939	    3	 24.0	 24.4	 16.7	  3.9	  2.8	 15.3	0	    0
	    0
	    0
	    0
	    0
	    0
	    0
	    0
	    0
	    0
	    0
	    0
	    0
	    0
	    0
	    0
	    0
	    0
	    0
	    0
	    0
	    0
	    0
	    0
	    0
	    0
  965	    5	 26.7	 19.1	  9.5	  7.7	 21.8	 16.6	0	    0
	    0
	    0
	    0
	    0
	    0
	    0
	    0
  973	    3	 23.3	 22.7	 15.2	  3.9	 36.8	 97.4	0	    0
	    0
	    0
  976	    5	 28.3	 18.7	  9.3	  8.1	 31.1	 34.1	0	    0
	    0
	    0
	    0
	    0
  981	    5	 27.5	 19.0	  9.4	  7.9	 38.2	 87.1	0	    0
	    0
  983	    3	 25.9	 25.0	 17.1	  4.1	 93.4	 95.8	0	    0
  984	    3	 23.8	 24.3	 16.7	  3.8	 30.3	 24.4	0	    0
	    0
  986	    5	 27.3	 19.2	  9.5	  7.8	 69.5	 69.2	0	    0
	    0
	    0
	    0
  990	    3	 25.2	 24.6	 16.8	  4.0	 13.0	 72.5	0	    0
	    0
  992	    3	 24.0	 24.0	 16.4	  3.9	 42.6	 23.4	0	    0
	    0
	    0
	    0
	    0
	    0
  998	    3	 23.5	 24.3	 16.7	  3.8	  4.0	 64.6	1	    0
	    0
	    0
	    0
	    0
	    0
	    0
	    0
 1006	    5	 26.5	 18.2	  9.0	  7.8	 41.5	 48.2	0	    0
	    0
	    0
	    0
	    0
	    0
 1012	    5	 31.6	 19.4	  9.7	  8.7	 51.1	 66.8	0	    0
	    0
	    0
	    0
 1016	    3	 24.0	 24.2	 16.5	  3.9	 53.5	 55.8	0	    0
 1017	    3	 26.5	 25.2	 17.2	  4.1	 90.5	 67.4	1	    0
	    0
	    0
	    0
	    0
	    0
	    0
	    0
 1025	    5	 24.9	 18.7	  9.3	  7.4	 40.0	 80.8	0	    0
	    0
	    0
	    0
	    0
	    0
	    0
	    0
	    0
 1034	    3	 25.1	 24.7	 16.9	  4.0	 38.8	 27.9	0	    0
	    0
	    0
	    0
	    0
	    0
	    0
	    0
	    0
	    0
 1044	    3	 24.9	 24.6	 16.8	  4.0	 92.0	 78.4	0	    0
	    0
	    0
	    0
	    0
	    0
	    0
	    0
	    0
	    0
	    0
	    0
	    0
 1057	    3	 24.3	 24.2	 16.5	  3.9	 11.3	 58.3	1	    0
 1058	    5	 29.0	 19.2	  9.5	  8.2	 64.4	 83.1	0	    0
	    0
	    0
	    0
	    0
	    0
	    0
	    0
	    0
	    0
	    0
 1069	    3	 23.7	 24.0	 16.4	  3.8	  5.5	 37.1	1	    0
	    0
	    0
	    0
	    0
	    0
	    0
	    0
	    0
	    0
	    0
	    0
	    0
 1082	    5	 26.7	 18.8	  9.3	  7.7	  4.2	 61.7	0	    0
 1083	    5	 29.1	 19.2	  9.5	  8.2	 34.6	 23.5	0	    0
	    0
 1085	    3	 25.7	 24.5	 16.6	  4.1	 33.6	 41.5	0	    0
	    0
 1087	    5	 27.8	 18.6	  9.2	  8.0	 19.3	 52.2	0	    0
	    0
	    0
	    0
	    0
	    0
	    0
	    0
	    0
	    0
	    0
	    0
	    0
	    0
	    0
	    0
	    0
 1104	    3	 25.3	 24.9	 17.0	  4.0	 92.6	 73.5	1	    0
	    0
	    0
	    0
	    0
	    0
	    0
	    0
	    0
 1113	    5	 27.4	 18.9	  9.4	  7.9	 28.4	 20.0	0	    0
	    0
 1115	    3	 23.4	 24.2	 16.6	  3.8	 64.5	 60.3	0	    0
	    0
	    0
	    0
 1119	    3	 25.7	 25.0	 17.1	  4.1	 99.5	 36.7	0	    0
	    0
	    0
	    0
	    0
 1124	    3	 23.8	 24.4	 16.7	  3.8	 93.4	  3.5	0	    0
	    0
	    0
	    0
	    0
	    0
	    0
	    0
	    0
	    0
	    0
	    0
 1136	    5	 28.3	 18.9	  9.4	  8.1	 27.9	 84.3	0	    0
	    0
	    0
	    0
	    0
	    0
	    0
	    0
	    0
	    0
 1146	    5	 28.9	 19.3	  9.6	  8.1	  5.9	 70.6	0	    0
	    0
	    0
	    0
	    0
	    0
 1152	    3	 23.8	 23.7	 16.1	  3.9	 98.3	  2.9	1	    0
	    0
	    0
	    0
	    0
 1157	    5	 30.8	 19.5	  9.7	  8.5	 87.8	 93.1	0	    0
	    0
 1159	    3	 24.1	 24.4	 16.8	  3.9	 58.2	 10.6	0	    0
	    0
 1161	    3	 24.8	 24.4	 16.6	  4.0	 17.4	 36.9	0	    0
	    0
	    0
	    0
	    0
	    0
	    0
	    0
	    0
	    0
	    0
	    0
	    0
	    0
	    0
	    0
	    0
	    0
	    0
	    0
	    0
 1182	    3	 25.8	 24.7	 16.8	  4.1	 48.8	 83.3	0	    0
	    0
	    0
	    0
	    0
	    0
	    0
	    0
	    0
	    0
	    0
	    0
	    0
 1195	    3	 24.2	 24.0	 16.3	  3.9	 13.3	 13.9	0	    0
	    0
	    0
	    0
	    0
 1200	    3	 23.3	 24.1	 16.5	  3.8	 12.7	 44.2	0	    0
	    0
	    0
	    0
 1204	    3	 23.6	 23.9	 16.3	  3.8	 37.1	 35.6	1	    0
	    0
	    0
	    0
	    0
	    0
 1210	    3	 26.1	 25.0	 17.0	  4.1	 65.5	 65.1	0	    0
 1211	    5	 29.6	 19.2	  9.6	  8.3	 90.0	 89.8	0	    0
 1212	    3	 24.5	 24.3	 16.6	  3.9	 81.6	 37.5	0	    0
	    0
	    0
	    0
 1216	    5	 30.4	 19.0	  9.4	  8.5	 17.3	 34.4	0	    0
 1217	    3	 27.2	 25.1	 17.1	  4.2	 30.4	 88.5	0	    0
	    0
	    0
	    0
	    0
	    0
	    0
 1224	    3	 25.1	 24.6	 16.8	  4.0	 37.4	 87.4	1	    0
	    0
	    0
 1227	    3	 22.5	 24.0	 16.6	  3.7	  7.3	 50.9	0	    0
	    0
	    0
	    0
	    0
	    0
	    0
 1234	    5	 27.5	 18.9	  9.4	  7.9	 63.9	  8.8	0	    0
	    0
	    0
	    0
	    0
	    0
	    0
 1241	    5	 26.2	 18.7	  9.3	  7.6	 58.9	 76.9	0	    0
	    0
	    0
	    0
	    0
	    0
	    0
	    0
	    0
	    0
	    0
	    0
	    0
	    0
	    0
	    0
 1257	    3	 24.7	 24.6	 16.9	  3.9	 78.6	  6.6	0	    0
	    0
	    0
	    0
	    0
	    0
	    0
	    0
 1265	    3	 24.4	 24.4	 16.7	  3.9	 51.6	 19.0	0	    0
	    0
	    0
	    0
	    0
	    0
	    0
	    0
	    0
	    0
	    0
	    0
	    0
	    0
	    0
	    0
	    0
	    0
 1283	    3	 24.0	 24.4	 16.7	  3.8	 76.7	 11.9	0	    0
	    0
	    0
	    0
 1287	    5	 28.8	 19.2	  9.5	  8.1	 39.1	 31.6	0	    0
	    0
	    0
	    0
	    0
	    0
	    0
	    0
 1295	    3	 25.5	 24.8	 17.0	  4.0	 75.3	 75.8	0	    0
	    0
	    0
 1298	    5	 26.0	 18.4	  9.1	  7.7	  7.3	 60.6	0	    0
	    0
 1300	    5	 30.2	 19.6	  9.7	  8.4	 68.4	 82.3	0	    0
	    0
	    0
	    0
 1304	    5	 30.8	 19.4	  9.7	  8.5	 31.7	 98.3	0	    0
 1305	    5	 27.3	 18.7	  9.3	  7.9	 49.6	 68.4	1	    0
	    0
	    0
	    0
 1309	    3	 23.7	 23.7	 16.1	  3.9	 16.5	 32.1	0	    0
	    0
	    0
	    0
 1313	    5	 29.7	 18.8	  9.3	  8.4	 72.8	 94.4	0	    0
	    0
	    0
	    0
	    0
	    0
	    0
	    0
	    0
	    0
 1323	    3	 21.9	 23.8	 16.5	  3.6	 71.8	 26.7	1	    0
	    0
 1325	    3	 26.5	 25.1	 17.1	  4.1	 35.4	 73.3	0	    0
 1326	    3	 26.3	 25.0	 17.0	  4.1	  5.3	 80.3	0	    0
	    0
	    0
	    0
	    0
	    0
	    0
	    0
	    0
	    0
	    0
	    0
	    0
	    0
 1340	    3	 22.3	 23.9	 16.5	  3.7	  4.6	 57.1	0	    0
	    0
	    0
	    0
	    0
	    0
 1346	    3	 25.0	 24.6	 16.8	  4.0	  8.7	  9.5	0	    0
	    0
	    0
 1349	    3	 27.2	 25.4	 17.3	  4.2	 83.0	 42.8	0	    0
	    0
	    0
 1352	    5	 28.4	 18.8	  9.3	  8.1	 36.5	 94.0	1	    0
	    0
	    0
	    0
	    0
	    0
	    0
	    0
 1360	    5	 28.5	 19.1	  9.5	  8.1	 15.6	 50.8	0	    0
	    0
	    0
	    0
	    0
	    0
	    0
	    0
	    0
	    0
	    0
	    0
	    0
	    0
	    0
 1375	    5	 28.3	 18.9	  9.4	  8.1	 47.2	 51.6	0	    0
	    0
	    0
 1378	    5	 28.5	 18.8	  9.3	  8.1	 59.4	  0.8	0	    0
	    0
	    0
 1381	    3	 22.7	 23.9	 16.5	  3.7	 43.5	 88.2	1	    0
	    0
	    0
	    0
	    0
	    0
	    0
	    0
	    0
	    0
	    0
	    0
 1393	    3	 24.0	 23.8	 16.2	  3.9	  4.2	 80.9	0	    0
 1394	    3	 22.3	 23.9	 16.5	  3.6	  3.7	 56.3	0	    0
	    0
	    0
	    0
 1398	    5	 30.1	 19.5	  9.7	  8.3	 25.8	 10.0	0	    0
	    0
	    0
	    0
	    0
	    0
	    0
	    0
	    0
	    0
	    0
	    0
	    0
	    0
 1412	    5	 30.4	 19.2	  9.6	  8.5	 81.5	 78.2	0	    0
 1413	    3	 23.6	 24.2	 16.6	  3.8	 44.4	 69.1	0	    0
	    0
	    0
	    0
	    0
	    0
	    0
	    0
	    0
	    0
	    0
	    0
	    0
	    0
	    0
	    0
	    0
	    0
	    0
 1432	    5	 25.8	 18.4	  9.1	  7.6	 80.8	 14.1	0	    0
	    0
	    0
	    0
 1436	    3	 24.1	 24.5	 16.8	  3.9	 17.5	 28.6	0	    0
	    0
	    0
	    0
	    0
 1441	    3	 23.6	 23.8	 16.2	  3.8	 78.9	 49.1	1	    0
	    0
 1443	    5	 30.0	 19.4	  9.7	  8.3	 49.3	 91.8	0	    0
	    0
	    0
	    0
	    0
 1448	    5	 28.7	 18.6	  9.2	  8.2	 94.0	 97.7	0	    0
	    0
	    0
	    0
	    0
	    0
	    0
 1455	    5	 30.3	 19.1	  9.5	  8.4	 34.4	 50.6	0	    0
	    0
 1457	    5	 27.1	 18.7	  9.3	  7.8	 67.5	 89.8	0	    0
	    0
	    0
	    0
	    0
	    0
	    0
 1464	    3	 25.4	 24.8	 17.0	  4.0	 22.9	 88.4	0	    0
	    0
	    0
 1467	    3	 25.6	 24.8	 16.9	  4.0	 38.5	 84.8	0	    0
 1468	    5	 26.9	 18.7	  9.3	  7.8	 69.7	 11.7	1	    0
	    0
	    0
	    0
 1472	    3	 24.9	 24.6	 16.8	  4.0	 83.2	 71.1	0	    0
	    0
	    0
 1475	    3	 25.7	 24.9	 17.0	  4.1	 80.3	  7.7	0	    0
	    0
	    0
 1478	    3	 24.6	 24.6	 16.8	  3.9	 63.7	 69.7	0	    0
	    0
	    0
	    0
	    0
	    0
	    0
 1485	    5	 30.4	 19.1	  9.5	  8.5	 94.8	 38.0	0	    0
	    0
	    0
 1488	    5	 28.7	 18.9	  9.4	  8.2	  5.1	 10.1	0	    0
	    0
	    0
 1491	    5	 29.1	 19.0	  9.5	  8.2	 12.4	 69.0	0	    0
	    0
 1493	    3	 23.7	 24.3	 16.7	  3.8	  6.2	  9.4	1	    0
	    0
	    0
	    0
 1497	    5	 25.4	 18.4	  9.1	  7.5	 13.6	 53.3	0	    0
	    0
	    0
 1500	    5	 31.1	 19.4	  9.6	  8.6	 26.9	 79.5	1	    0
	    0
 1502	    3	 24.1	 24.4	 16.7	  3.9	 81.4	 46.2	0	    0
	    0
	    0
	    0
	    0
	    0
	    0
	    0
	    0
	    0
	    0
	    0
	    0
	    0
	    0
	    0
	    0
	    0
	    0
	    0
	    0
	    0
	    0
	    0
	    0
	    0
 1528	    3	 22.5	 23.9	 16.5	  3.7	 91.5	 65.5	0	    0
	    0
	    0
 1531	    3	 23.8	 23.6	 16.0	  3.9	 84.6	 83.1	0	    0
	    0
	    0
	    0
 1535	    3	 26.7	 25.2	 17.2	  4.2	100.0	 27.0	0	    0
	    0
	    0
	    0
	    0
	    0
	    0
 1542	    5	 26.4	 18.3	  9.1	  7.7	 90.8	 48.3	0	    0
	    0
	    0
	    0
 1546	    3	 22.7	 24.0	 16.5	  3.7	 45.9	 67.1	0	    0
	    0
	    0
 1549	    5	 25.8	 18.4	  9.1	  7.6	 92.9	 35.0	0	    0
	    0
	    0
	    0
 1553	    5	 30.0	 19.3	  9.6	  8.4	 31.3	 59.6	0	    0
	    0
 1555	    3	 21.4	 23.4	 16.2	  3.5	 23.9	 96.4	0	    0
 1556	    3	 23.2	 23.7	 16.2	  3.8	 94.1	 59.7	0	    0
	    0
	    0
	    0
	    0
	    0
	    0
	    0
 1564	    3	 23.6	 24.1	 16.6	  3.8	 31.5	 62.2	1	    0
	    0
 1566	    3	 20.7	 23.5	 16.5	  3.4	 90.5	 12.1	1	    0
	    0
 1568	    3	 22.3	 23.7	 16.4	  3.7	 48.5	 26.0	1	    0
	    0
	    0
 1571	    3	 21.7	 23.6	 16.4	  3.6	 80.2	 36.7	0	    0
	    0
	    0
	    0
	    0
 1576	    5	 30.0	 19.2	  9.5	  8.4	 96.1	 70.1	0	    0
	    0
	    0
 1579	    3	 24.0	 24.0	 16.4	  3.9	 72.3	 41.1	0	    0
	    0
	    0
	    0
	    0
	    0
	    0
	    0
	    0
	    0
	    0
 1590	    3	 23.7	 24.3	 16.7	  3.8	 22.2	  1.5	0	    0
	    0
	    0
	    0
	    0
	    0
	    0
	    0
	    0
	    0
	    0
 1601	    5	 29.2	 18.9	  9.4	  8.3	 94.3	 11.4	1	    0
	    0
	    0
	    0
	    0
	    0
	    0
	    0
	    0
	    0
	    0
	    0
	    0
	    0
	    0
	    0
	    0
	    0
	    0
	    0
	    0
	    0
 1623	    3	 24.4	 24.5	 16.8	  3.9	 26.5	 64.3	0	    0
	    0
	    0
	    0
	    0
	    0
	    0
	    0
 1631	    5	 28.1	 18.8	  9.3	  8.0	 21.9	 70.1	0	    0
 1632	    3	 24.5	 24.5	 16.8	  3.9	 42.2	 86.4	0	    0
	    0
	    0
	    0
	    0
	    0
 1638	    3	 22.9	 24.1	 16.6	  3.7	 88.2	 87.5	1	    0
	    0
	    0
	    0
	    0
	    0
 1644	    3	 22.3	 23.1	 15.7	  3.7	 74.3	 91.9	0	    0
	    0
	    0
	    0
 1648	    3	 20.8	 23.0	 15.9	  3.5	 83.2	 69.7	0	    0
	    0
	    0
 1651	    3	 24.1	 24.5	 16.8	  3.9	 98.1	 79.6	0	    0
	    0
	    0
	    0
 1655	    3	 24.2	 24.3	 16.6	  3.9	  0.7	 73.5	1	    0
	    0
	    0
	    0
	    0
	    0
	    0
	    0
	    0
	    0
	    0
	    0
	    0
 1668	    5	 31.8	 19.6	  9.7	  8.7	 33.2	 37.4	0	    0
	    0
	    0
	    0
	    0
	    0
	    0
	    0
	    0
 1677	    3	 26.0	 24.9	 17.0	  4.1	 14.7	 92.9	0	    0
	    0
	    0
	    0
	    0
	    0
	    0
	    0
	    0
	    0
	    0
	    0
	    0
 1690	    3	 25.6	 24.9	 17.0	  4.0	 56.8	 81.8	0	    0
	    0
	    0
	    0
	    0
	    0
	    0
	    0
 1698	    5	 24.2	 18.0	  8.9	  7.3	  9.5	 20.7	0	    0
	    0
	    0
	    0
	    0
	    0
	    0
	    0
	    0
	    0
	    0
	    0
	    0
 1711	    3	 21.7	 23.7	 16.5	  3.6	 58.5	 22.3	1	    0
	    0
	    0
	    0
	    0
	    0
	    0
 1718	    3	 24.4	 24.1	 16.4	  3.9	 42.7	 36.2	0	    0
	    0
	    0
	    0
	    0
	    0
	    0
	    0
	    0
	    0
	    0
	    0
	    0
	    0
	    0
	    0
 1734	    3	 24.7	 24.1	 16.3	  4.0	 47.5	 96.2	0	    0
	    0
	    0
 1737	    3	 26.4	 25.0	 17.1	  4.1	 66.7	 52.6	0	    0
	    0
	    0
	    0
	    0
	    0
	    0
 1744	    5	 27.3	 19.0	  9.4	  7.9	 38.5	 38.0	0	    0
	    0
 1746	    3	 23.7	 24.0	 16.4	  3.8	 23.5	  5.7	1	    0
	    0
	    0
	    0
	    0
 1751	    3	 23.9	 24.3	 16.6	  3.8	 83.6	 92.1	0	    0
	    0
	    0
	    0
	    0
	    0
	    0
	    0
	    0
 1760	    3	 23.6	 23.5	 15.9	  3.8	 65.6	 71.3	0	    0
	    0
	    0
	    0
	    0
	    0
	    0
	    0
	    0
	    0
	    0
	    0
	    0
	    0
 1774	    3	 21.4	 23.4	 16.2	  3.5	 24.7	 85.0	0	    0
	    0
	    0
 1777	    3	 23.7	 24.2	 16.6	  3.8	 65.0	 56.2	0	    0
	    0
	    0
 1780	    3	 21.5	 23.2	 15.9	  3.6	 80.4	 26.4	0	    0
 1781	    3	 25.6	 24.9	 17.0	  4.0	 21.2	 43.6	0	    0
	    0
	    0
	    0
	    0
	    0
	    0
	    0
 1789	    5	 27.4	 18.7	  9.3	  7.9	 70.9	 75.7	0	    0
	    0
	    0
	    0
	    0
	    0
	    0
	    0
	    0
	    0
 1799	    3	 24.0	 24.3	 16.7	  3.9	 31.4	 18.9	1	    0
	    0
	    0
	    0
	    0
 1804	    3	 23.7	 24.3	 16.7	  3.8	 40.0	 29.4	1	    0
	    0
 1806	    3	 24.9	 24.6	 16.8	  4.0	 67.7	  9.0	0	    0
 1807	    3	 22.4	 24.0	 16.7	  3.7	 32.0	  8.9	0	    0
	    0
	    0
 1810	    5	 27.7	 18.7	  9.3	  8.0	 21.7	 89.6	0	    0
	    0
	    0
	    0
	    0
	    0
	    0
	    0
	    0
	    0
	    0
	    0
	    0
	    0
	    0
	    0
	    0
	    0
	    0
	    0
	    0
	    0
	    0
	    0
	    0
	    0
	    0
	    0
 1838	    5	 28.3	 18.8	  9.4	  8.1	 85.3	 64.3	0	    0
	    0
	    0
	    0
	    0
	    0
	    0
	    0
	    0
	    0
	    0
	    0
	    0
	    0
	    0
 1853	    5	 30.8	 19.6	  9.7	  8.5	 70.6	 15.2	0	    0
	    0
	    0
	    0
	    0
	    0
	    0
	    0
	    0
	    0
	    0
	    0
	    0
	    0
	    0
	    0
	    0
	    0
	    0
	    0
	    0
	    0
	    0
	    0
	    0
	    0
	    0
	    0
	    0
	    0
	    0
	    0
	    0
	    0
	    0
 1888	    3	 24.4	 24.5	 16.8	  3.9	 82.0	 88.2	0	    0
	    0
	    0
	    0
	    0
	    0
	    0
	    0
	    0
 1897	    3	 23.1	 24.1	 16.6	  3.7	 76.7	 25.3	0	    0
	    0
	    0
	    0
	    0
	    0
	    0
	    0
 1905	    3	 24.9	 24.7	 16.9	  3.9	 39.0	 26.4	0	    0
	    0
	    0
 1908	    3	 23.5	 24.3	 16.7	  3.8	 72.9	 39.8	1	    0
	    0
	    0
	    0
	    0
	    0
	    0
	    0
	    0
	    0
	    0
	    0
	    0
	    0
	    0
	    0
	    0
	    0
	    0
	    0
	    0
	    0
	    0
	    0
 1932	    5	 32.2	 19.2	  9.6	  8.8	 83.8	  7.6	0	    0
	    0
	    0
	    0
	    0
	    0
	    0
 1939	    5	 26.4	 18.9	  9.4	  7.7	 35.2	 39.9	0	    0
	    0
 1941	    3	 25.2	 24.8	 17.0	  4.0	 46.0	 25.3	0	    0
	    0
	    0
	    0
	    0
	    0
	    0
 1948	    3	 24.0	 24.5	 16.8	  3.9	 57.4	 80.1	0	    0
 1949	    3	 25.5	 24.7	 16.9	  4.0	  8.8	 73.7	0	    0
	    0
	    0
 1952	    3	 21.4	 23.5	 16.3	  3.5	 44.8	 35.3	0	    0
	    0
	    0
	    0
	    0
	    0
	    0
	    0
	    0
 1961	    5	 28.2	 19.3	  9.6	  8.0	 52.6	 92.8	0	    0
	    0
	    0
	    0
 1965	    3	 23.0	 24.0	 16.5	  3.7	  9.7	  5.4	1	    0
	    0
	    0
	    0
	    0
	    0
	    0
	    0
	    0
	    0
	    0
	    0
	    0
	    0
	    0
	    0
	    0
	    0
	    0
 1984	    3	 24.8	 24.6	 16.8	  3.9	 74.7	 84.0	0	    0
	    0
	    0
	    0
 1988	    5	 30.1	 19.2	  9.5	  8.4	 12.6	 66.2	0	    0
	    0
	    0
 1991	    3	 21.8	 23.7	 16.4	  3.6	 99.4	 34.5	0	    0
	    0
	    0
	    0
	    0
	    0
 1997	    3	 22.2	 23.6	 16.3	  3.7	 82.6	 20.6	0	    0
 1998	    5	 28.2	 18.8	  9.3	  8.1	 86.8	 89.3	0	    0
	    0
	    0
	    0
	    0
	    0
	    0
	    0
	    0
	    0
	    0
	    0
	    0
	    0
	    0
 2013	    3	 24.9	 24.7	 16.9	  4.0	 64.6	 68.2	0	    0
 2014	    3	 27.3	 25.2	 17.2	  4.2	 16.6	 88.2	0	    0
	    0
 2016	    3	 26.8	 25.2	 17.2	  4.2	 16.0	 10.5	0	    0
	    0
 2018	    3	 23.3	 23.9	 16.4	  3.8	 79.2	 50.1	1	    0
	    0
	    0
	    0
	    0
	    0
	    0
	    0
	    0
 2027	    3	 21.4	 23.4	 16.2	  3.6	 35.7	 97.6	0	    0
 2028	    3	 24.3	 24.4	 16.7	  3.9	 95.3	 50.7	0	    0
	    0
	    0
	    0
	    0
	    0
 2034	    5	 30.0	 19.3	  9.6	  8.4	 86.4	 21.8	0	    0
	    0
	    0
	    0
 2038	    3	 23.8	 24.3	 16.7	  3.8	 22.0	 30.2	0	    0
	    0
	    0
	    0
	    0
	    0
	    0
	    0
	    0
	    0
 2048	    3	 23.6	 23.9	 16.4	  3.8	 20.8	 68.1	0	    0
	    0
	    0
	    0
	    0
	    0
	    0
	    0
	    0
	    0
	    0
	    0
 2060	    5	 33.2	 20.0	 10.0	  8.9	 40.3	 28.1	0	    0
	    0
	    0
	    0
	    0
	    0
	    0
	    0
	    0
	    0
	    0
	    0
	    0
	    0
 2074	    3	 23.6	 24.2	 16.7	  3.8	 20.1	 96.6	0	    0
	    0
	    0
 2077	    3	 23.9	 24.1	 16.5	  3.8	 46.7	 70.7	0	    0
	    0
	    0
	    0
	    0
	    0
	    0
	    0
	    0
	    0
	    0
	    0
	    0
	    0
	    0
	    0
	    0
 2094	    3	 24.9	 24.7	 16.9	  4.0	 41.6	 70.1	0	    0
	    0
	    0
	    0
	    0
	    0
	    0
	    0
	    0
	    0
	    0
	    0
	    0
	    0
	    0
	    0
	    0
	    0
	    0
	    0
	    0
	    0
 2116	    5	 28.6	 19.1	  9.5	  8.1	 24.3	 35.0	1	    0
	    0
	    0
 2119	    3	 25.5	 24.8	 17.0	  4.0	  8.2	 91.9	0	    0
	    0
	    0
	    0
	    0
	    0
 2125	    3	 24.7	 24.8	 17.1	  3.9	 71.9	 47.7	0	    0
	    0
	    0
 2128	    3	 24.8	 24.7	 16.9	  3.9	 79.3	 57.7	0	    0
	    0
	    0
	    0
 2132	    3	 22.9	 24.1	 16.6	  3.7	 52.0	 48.4	0	    0
	    0
	    0
	    0
	    0
	    0
	    0
	    0
	    0
	    0
	    0
 2143	    3	 25.2	 24.8	 17.0	  4.0	 15.7	 48.0	0	    0
	    0
	    0
	    0
	    0
	    0
 2149	    5	 25.9	 17.4	  8.6	  7.8	 63.0	  0.4	0	    0
	    0
 2151	    3	 22.0	 23.4	 16.1	  3.6	  7.4	 83.3	0	    0
 2152	    3	 22.8	 23.8	 16.4	  3.7	 37.6	  2.0	1	    0
	    0
	    0
	    0
 2156	    3	 24.4	 24.4	 16.8	  3.9	 43.6	 29.8	0	    0
 2157	    5	 29.7	 19.0	  9.5	  8.3	 85.0	 40.1	0	    0
	    0
 2159	    3	 24.9	 24.7	 16.9	  4.0	 10.4	 14.3	1	    0
	    0
 2161	    5	 30.1	 19.4	  9.6	  8.4	  5.6	 97.4	0	    0
	    0
	    0
 2164	    3	 22.1	 23.5	 16.1	  3.6	 87.5	 29.8	1	    0
	    0
	    0
 2167	    3	 24.2	 24.4	 16.8	  3.9	  5.1	 74.7	0	    0
	    0
	    0
	    0
	    0
	    0
	    0
 2174	    3	 26.1	 24.9	 17.0	  4.1	 68.1	 74.7	0	    0
 2175	    3	 23.2	 23.8	 16.3	  3.8	 27.0	 56.0	0	    0
	    0
	    0
	    0
 2179	    5	 28.3	 19.0	  9.4	  8.1	 64.3	 87.4	0	    0
	    0
	    0
	    0
	    0
	    0
	    0
	    0
	    0
	    0
	    0
	    0
 2191	    3	 23.0	 24.1	 16.6	  3.7	 59.4	 20.3	0	    0
	    0
	    0
	    0
	    0
	    0
	    0
	    0
	    0
 2200	    5	 30.7	 19.0	  9.4	  8.6	 55.8	  7.3	0	    0
	    0
 2202	    5	 32.2	 19.2	  9.5	  8.8	 97.1	 24.2	0	    0
	    0
	    0
	    0
	    0
 2207	    3	 24.3	 24.4	 16.7	  3.9	 80.5	 92.6	0	    0
	    0
	    0
	    0
	    0
	    0
	    0
 2214	    3	 22.1	 23.6	 16.3	  3.6	 57.9	 22.5	0	    0
	    0
	    0
	    0
	    0
	    0
	    0
	    0
	    0
 2223	    3	 23.4	 24.1	 16.5	  3.8	  6.3	 63.1	0	    0
	    0
	    0
	    0
	    0
	    0
	    0
	    0
	    0
	    0
	    0
 2234	    3	 23.3	 23.8	 16.3	  3.8	 83.9	 27.5	0	    0
 2235	    5	 27.2	 19.0	  9.4	  7.8	 12.2	  7.3	0	    0
	    0
	    0
	    0
	    0
	    0
 2241	    3	 23.0	 23.1	 15.6	  3.8	 94.1	 32.0	0	    0
	    0
	    0
	    0
	    0
	    0
	    0
	    0
	    0
	    0
	    0
	    0
	    0
	    0
 2255	    3	 23.6	 24.3	 16.7	  3.8	 87.3	 49.3	0	    0
	    0
	    0
	    0
	    0
	    0
	    0
	    0
 2263	    3	 26.1	 25.1	 17.1	  4.1	 90.2	 47.0	1	    0
	    0
	    0
	    0
	    0
	    0
	    0
	    0
	    0
	    0
	    0
	    0
	    0
	    0
	    0
 2278	    5	 27.2	 18.9	  9.4	  7.8	 41.6	 97.9	0	    0
 2279	    3	 25.2	 24.7	 16.9	  4.0	 27.1	  8.1	1	    0
	    0
	    0
	    0
	    0
	    0
	    0
 2286	    3	 27.1	 25.4	 17.3	  4.2	 31.8	 27.9	0	    0
	    0
	    0
	    0
	    0
 2291	    5	 29.5	 19.1	  9.5	  8.3	 99.8	 46.0	0	    0
	    0
	    0
	    0
	    0
 2296	    3	 24.3	 24.3	 16.6	  3.9	 63.9	 17.9	0	    0
 2297	    3	 24.2	 24.4	 16.8	  3.9	  1.0	 20.9	0	    0
	    0
	    0
	    0
	    0
	    0
	    0
	    0
	    0
	    0
	    0
 2308	    3	 23.3	 24.2	 16.7	  3.8	 47.6	 18.3	0	    0
 2309	    3	 22.8	 24.1	 16.7	  3.7	 29.7	 17.1	0	    0
	    0
	    0
	    0
	    0
	    0
	    0
 2316	    3	 23.9	 24.5	 16.8	  3.8	 26.2	 58.2	0	    0
 2317	    3	 25.4	 24.8	 17.0	  4.0	 26.0	 93.4	0	    0
	    0
	    0
	    0
 2321	    3	 24.0	 22.9	 15.2	  3.9	 67.4	 32.5	0	    0
	    0
 2323	    5	 32.6	 19.7	  9.8	  8.8	 12.8	 17.8	0	    0
	    0
	    0
	    0
	    0
	    0
	    0
	    0
	    0
 2332	    5	 29.0	 19.1	  9.5	  8.2	 50.0	 37.9	0	    0
 2333	    3	 24.2	 24.4	 16.8	  3.9	 27.5	 69.6	0	    0
	    0
	    0
 2336	    3	 21.2	 23.1	 15.9	  3.5	 68.2	 10.2	1	    0
	    0
	    0
	    0
	    0
	    0
	    0
	    0
	    0
 2345	    5	 27.4	 18.9	  9.4	  7.9	 20.2	 15.2	0	    0
	    0
 2347	    3	 25.9	 25.0	 17.1	  4.1	 25.5	 87.5	0	    0
	    0
	    0
	    0
	    0
	    0
	    0
	    0
	    0
	    0
	    0
	    0
	    0
	    0
	    0
	    0
	    0
	    0
	    0
	    0
	    0
	    0
	    0
	    0
 2371	    3	 23.1	 23.9	 16.4	  3.8	 80.7	  9.8	0	    0
 2372	    3	 22.8	 24.1	 16.6	  3.7	 65.4	 76.3	0	    0
	    0
	    0
	    0
	    0
	    0
 2378	    3	 22.1	 23.8	 16.5	  3.6	 43.6	 60.4	0	    0
 2379	    3	 22.4	 23.9	 16.5	  3.7	 67.9	 87.6	0	    0
	    0
	    0
	    0
	    0
	    0
	    0
	    0
	    0
	    0
	    0
	    0
	    0
	    0
	    0
	    0
	    0
	    0
	    0
	    0
	    0
	    0
	    0
	    0
 2403	    3	 22.2	 23.5	 16.2	  3.7	 38.6	  4.4	0	    0
 2404	    5	 28.5	 18.7	  9.3	  8.1	 94.5	 85.9	0	    0
	    0
	    0
 2407	    5	 28.9	 19.1	  9.5	  8.2	 38.3	 64.6	0	    0
	    0
	    0
	    0
	    0
	    0
	    0
	    0
	    0
 2416	    5	 29.8	 19.3	  9.6	  8.3	 37.2	 72.3	0	    0
	    0
	    0
	    0
	    0
	    0
	    0
	    0
	    0
	    0
	    0
 2427	    3	 27.8	 25.4	 17.3	  4.3	 87.8	 74.6	0	    0
	    0
	    0
	    0
	    0
	    0
	    0
	    0
 2435	    5	 27.2	 18.6	  9.2	  7.9	 89.9	 30.5	0	    0
	    0
	    0
	    0
 2439	    3	 24.9	 24.7	 16.9	  4.0	 53.9	 90.9	0	    0
	    0
	    0
	    0
	    0
	    0
	    0
	    0
	    0
	    0
	    0
	    0
	    0
	    0
	    0
	    0
	    0
	    0
	    0
	    0
	    0
	    0
	    0
	    0
	    0
	    0
	    0
	    0
	    0
	    0
 2469	    3	 23.3	 23.8	 16.2	  3.8	 74.5	 39.5	0	    0
	    0
	    0
	    0
	    0
	    0
	    0
	    0
	    0
 2478	    5	 29.7	 19.3	  9.6	  8.3	 56.0	 70.4	0	    0
	    0
	    0
	    0
	    0
 2483	    5	 26.9	 18.8	  9.3	  7.8	 90.7	 19.8	0	    0
	    0
	    0
	    0
	    0
	    0
	    0
	    0
	    0
	    0
	    0
	    0
	    0
	    0
	    0
	    0
	    0
	    0
	    0
	    0
	    0
	    0
 2505	    5	 28.6	 18.8	  9.3	  8.2	 58.9	  5.6	0	    0
	    0
	    0
	    0
	    0
	    0
	    0
	    0
	    0
	    0
 2515	    3	 22.7	 23.8	 16.4	  3.7	 61.4	 26.3	1	    0
	    0
	    0
	    0
	    0
	    0
 2521	    3	 23.3	 24.2	 16.6	  3.8	 45.5	 55.5	0	    0
	    0
	    0
 2524	    3	 24.5	 24.5	 16.8	  3.9	 48.2	 97.2	1	    0
	    0
 2526	    5	 27.1	 18.4	  9.1	  7.9	 56.4	 61.3	0	    0
	    0
	    0
	    0
 2530	    5	 28.4	 18.3	  9.0	  8.2	 57.1	 98.0	0	    0
	    0
	    0
	    0
	    0
	    0
	    0
	    0
	    0
	    0
	    0
	    0
	    0
 2543	    5	 28.6	 19.0	  9.4	  8.1	 43.0	 58.1	0	    0
	    0
	    0
	    0
 2547	    3	 21.6	 23.7	 16.4	  3.6	 38.9	 14.0	0	    0
	    0
	    0
 2550	    3	 25.0	 24.6	 16.9	  4.0	 73.2	 45.5	0	    0
	    0
	    0
	    0
	    0
	    0
	    0
	    0
 2558	    5	 24.8	 18.5	  9.2	  7.4	 66.5	 82.2	0	    0
	    0
	    0
	    0
	    0
	    0
	    0
	    0
	    0
	    0
	    0
	    0
 2570	    5	 27.6	 19.2	  9.5	  7.9	 12.5	 73.3	0	    0
 2571	    5	 28.1	 19.2	  9.5	  8.0	 75.7	 16.9	0	    0
	    0
	    0
	    0
 2575	    3	 24.2	 24.4	 16.7	  3.9	 70.3	  6.9	0	    0
	    0
 2577	    5	 30.8	 19.5	  9.7	  8.5	  2.7	 90.9	1	    0
	    0
	    0
	    0
	    0
	    0
	    0
	    0
	    0
	    0
	    0
 2588	    3	 25.2	 24.7	 16.9	  4.0	100.0	 49.2	1	    0
 2589	    3	 28.3	 25.7	 17.5	  4.3	 75.1	 34.0	0	    0
	    0
	    0
 2592	    5	 31.7	 19.7	  9.8	  8.7	 58.1	 45.0	0	    0
	    0
	    0
	    0
	    0
	    0
	    0
 2599	    5	 30.6	 19.2	  9.6	  8.5	 28.9	 44.5	0	    0
	    0
	    0
	    0
	    0
	    0
 2605	    5	 28.3	 18.9	  9.4	  8.1	 73.0	 69.4	0	    0
	    0
	    0
 2608	    5	 27.9	 18.6	  9.2	  8.0	 30.9	 88.2	0	    0
	    0
	    0
	    0
 2612	    5	 28.2	 19.2	  9.5	  8.0	 43.7	 64.0	0	    0
	    0
	    0
	    0
 2616	    5	 30.1	 19.2	  9.5	  8.4	 62.2	 24.2	0	    0
	    0
	    0
	    0
	    0
	    0
	    0
 2623	    3	 22.7	 23.7	 16.2	  3.7	 43.5	  6.1	0	    0
	    0
	    0
	    0
	    0
	    0
	    0
 2630	    3	 22.5	 24.0	 16.6	  3.7	 41.7	 32.9	1	    0
	    0
	    0
	    0
	    0
	    0
	    0
	    0
 2638	    3	 21.8	 23.5	 16.2	  3.6	 93.0	  6.5	0	    0
	    0
 2640	    3	 25.0	 24.7	 16.9	  4.0	 42.1	 94.0	1	    0
	    0
	    0
	    0
	    0
	    0
	    0
	    0
	    0
 2649	    3	 24.8	 24.5	 16.8	  3.9	 72.6	 58.6	1	    0
	    0
	    0
	    0
	    0
	    0
	    0
	    0
	    0
	    0
 2659	    3	 23.1	 24.0	 16.5	  3.8	 48.4	 66.6	0	    0
	    0
	    0
	    0
	    0
	    0
	    0
	    0
 2667	    3	 26.7	 24.7	 16.7	  4.2	 36.3	 95.7	0	    0
	    0
	    0
	    0
	    0
	    0
 2673	    3	 26.5	 25.1	 17.1	  4.1	 87.2	 65.3	0	    0
	    0
	    0
	    0
 2677	    5	 28.3	 18.9	  9.4	  8.1	 16.9	 24.9	0	    0
	    0
	    0
	    0
	    0
	    0
	    0
	    0
 2685	    3	 23.3	 24.1	 16.6	  3.8	 36.2	 87.8	0	    0
	    0
	    0
	    0
	    0
 2690	    5	 28.6	 18.7	  9.3	  8.2	  8.6	 36.9	0	    0
	    0
	    0
	    0
	    0
	    0
 2696	    3	 22.9	 23.9	 16.5	  3.7	 41.2	 67.9	0	    0
	    0
	    0
	    0
	    0
	    0
	    0
	    0
 2704	    5	 25.7	 18.5	  9.2	  7.6	 58.4	 74.4	0	    0
	    0
	    0
	    0
 2708	    5	 31.1	 19.7	  9.8	  8.5	 88.5	 38.4	0	    0
	    0
	    0
	    0
	    0
	    0
	    0
 2715	    3	 25.1	 24.6	 16.8	  4.0	 93.9	 46.6	0	    0
	    0
	    0
	    0
	    0
	    0
	    0
	    0
	    0
	    0
	    0
	    0
	    0
 2728	    3	 23.4	 24.2	 16.6	  3.8	 38.3	 10.1	1	    0
	    0
 2730	    5	 32.6	 19.5	  9.7	  8.9	  6.3	 41.2	0	    0
	    0
	    0
	    0
 2734	    5	 26.9	 18.9	  9.4	  7.8	 15.7	 94.0	0	    0
	    0
	    0
	    0
	    0
	    0
	    0
	    0
 2742	    3	 22.6	 24.1	 16.7	  3.7	 75.1	 72.3	0	    0
 2743	    3	 22.9	 24.1	 16.6	  3.7	  9.7	 45.9	1	    0
	    0
	    0
	    0
	    0
	    0
	    0
	    0
	    0
	    0
	    0
	    0
	    0
 2756	    3	 24.3	 24.2	 16.5	  3.9	 48.0	 90.4	0	    0
	    0
	    0
	    0
	    0
	    0
 2762	    5	 30.3	 19.0	  9.5	  8.5	  8.6	 27.4	0	    0
	    0
	    0
	    0
	    0
	    0
	    0
 2769	    5	 31.1	 19.5	  9.7	  8.6	 65.9	 48.5	0	    0
	    0
 2771	    3	 26.3	 24.9	 17.0	  4.1	 96.7	  0.6	0	    0
	    0
	    0
	    0
 2775	    3	 26.8	 25.2	 17.2	  4.2	 16.0	  3.1	0	    0
	    0
	    0
	    0
 2779	    5	 31.0	 19.3	  9.6	  8.6	 50.5	  6.1	0	    0
	    0
 2781	    3	 25.7	 24.8	 16.9	  4.1	 33.7	 50.6	0	    0
	    0
	    0
	    0
	    0
	    0
	    0
	    0
	    0
	    0
	    0
	    0
	    0
	    0
	    0
	    0
	    0
	    0
 2799	    3	 23.8	 24.1	 16.5	  3.8	  8.2	 88.5	1	    0
	    0
	    0
	    0
	    0
	    0
	    0
 2806	    5	 30.8	 19.3	  9.6	  8.5	 15.0	 81.8	0	    0
 2807	    3	 24.4	 24.5	 16.8	  3.9	 10.7	 85.3	1	    0
	    0
	    0
	    0
	    0
	    0
	    0
	    0
	    0
 2816	    5	 28.9	 18.8	  9.3	  8.2	 17.7	 88.0	0	    0
 2817	    5	 24.6	 17.9	  8.8	  7.4	 92.9	 67.6	0	    0
	    0
	    0
 2820	    5	 27.5	 18.7	  9.3	  7.9	 75.5	 96.5	0	    0
	    0
 2822	    3	 23.0	 24.1	 16.6	  3.7	 45.9	 62.3	0	    0
 2823	    5	 29.0	 19.0	  9.4	  8.2	 63.3	 96.0	0	    0
	    0
	    0
	    0
	    0
	    0
 2829	    3	 24.2	 24.4	 16.7	  3.9	 49.5	 55.0	0	    0
	    0
	    0
	    0
	    0
	    0
	    0
	    0
	    0
	    0
	    0
	    0
	    0
	    0
	    0
 2844	    3	 24.8	 24.4	 16.6	  4.0	 16.7	 42.6	0	    0
	    0
	    0
	    0
 2848	    3	 24.6	 24.5	 16.8	  3.9	 55.3	 26.4	1	    0
	    0
	    0
	    0
	    0
 2853	    5	 25.0	 18.5	  9.2	  7.4	 57.4	 77.1	0	    0
	    0
	    0
 2856	    3	 24.2	 24.3	 16.6	  3.9	 67.5	 21.1	1	    0
	    0
	    0
	    0
	    0
	    0
	    0
	    0
	    0
	    0
 2866	    5	 30.5	 19.2	  9.6	  8.5	 78.6	 34.0	0	    0
 2867	    3	 24.4	 24.7	 17.0	  3.9	 27.6	 21.3	0	    0
	    0
	    0
	    0
	    0
	    0
	    0
	    0
	    0
	    0
	    0
	    0
	    0
	    0
	    0
	    0
 2883	    3	 24.3	 24.4	 16.7	  3.9	 59.0	 18.3	0	    0
 2884	    3	 22.2	 23.8	 16.4	  3.6	  4.3	 57.6	1	    0
	    0
	    0
	    0
	    0
 2889	    5	 30.0	 19.2	  9.5	  8.4	 36.1	 27.4	0	    0
	    0
	    0
	    0
	    0
	    0
	    0
	    0
	    0
	    0
	    0
	    0
 2901	    3	 23.4	 24.1	 16.6	  3.8	 54.1	 12.6	0	    0
	    0
	    0
	    0
	    0
	    0
	    0
 2908	    3	 22.6	 23.9	 16.5	  3.7	 54.6	 42.3	0	    0
	    0
	    0
	    0
 2912	    3	 23.0	 24.4	 16.9	  3.7	 59.8	 52.9	0	    0
	    0
 2914	    5	 25.8	 18.4	  9.1	  7.6	 21.5	  4.0	0	    0
 2915	    5	 24.7	 18.2	  9.0	  7.4	 10.3	 58.7	0	    0
	    0
	    0
	    0
	    0
 2920	    5	 30.6	 18.9	  9.4	  8.5	 32.7	 43.7	0	    0
	    0
 2922	    3	 24.7	 24.6	 16.8	  3.9	  9.5	 63.7	0	    0
	    0
	    0
	    0
	    0
	    0
	    0
	    0
	    0
 2931	    5	 24.9	 18.2	  9.0	  7.4	  7.3	 12.6	0	    0
	    0
	    0
	    0
	    0
	    0
	    0
	    0
 2939	    3	 23.8	 24.3	 16.7	  3.8	 55.8	 51.8	0	    0
 2940	    5	 34.0	 19.5	  9.7	  9.1	 20.3	 76.3	0	    0
	    0
	    0
	    0
	    0
	    0
 2946	    3	 25.0	 24.6	 16.8	  4.0	 70.8	 24.6	0	    0
	    0
	    0
	    0
	    0
 2951	    3	 23.0	 24.0	 16.5	  3.7	 49.4	 61.0	0	    0
	    0
	    0
	    0
 2955	    3	 25.1	 24.5	 16.7	  4.0	 71.8	 76.9	1	    0
	    0
	    0
	    0
	    0
	    0
 2961	    5	 30.6	 19.2	  9.5	  8.5	 99.1	 64.7	0	    0
 2962	    3	 22.6	 23.9	 16.5	  3.7	 62.2	 90.7	0	    0
 2963	    3	 26.6	 25.1	 17.1	  4.2	 76.6	  4.8	0	    0
	    0
	    0
	    0
	    0
 2968	    5	 26.9	 18.6	  9.2	  7.8	  2.8	 16.0	0	    0
	    0
	    0
	    0
	    0
 2973	    3	 23.6	 24.2	 16.6	  3.8	 16.3	 67.4	0	    0
 2974	    5	 28.3	 18.8	  9.3	  8.1	 14.3	 88.8	0	    0
 2975	    3	 27.0	 25.4	 17.3	  4.2	 78.7	  0.0	0	    0
	    0
	    0
	    0
 2979	    3	 23.7	 24.0	 16.4	  3.8	 25.0	 47.8	0	    0
	    0
	    0
	    0
	    0
	    0
 2985	    3	 24.6	 24.6	 16.9	  3.9	 56.2	 66.3	1	    0
	    0
	    0
	    0
	    0
	    0
	    0
	    0
 2993	    5	 28.8	 18.9	  9.4	  8.2	 54.0	 39.8	0	    0
	    0
	    0
	    0
	    0
 2998	    3	 23.6	 24.3	 16.7	  3.8	 58.8	 69.2	0	    0
	    0
 3000	    3	 23.1	 24.2	 16.7	  3.7	 15.9	  7.0	1	    0
	    0
	    0
	    0
	    0
	    0
 3006	    3	 24.0	 24.4	 16.7	  3.9	 95.9	 31.8	0	    0
	    0
	    0
	    0
	    0
 3011	    3	 22.5	 23.9	 16.5	  3.7	 88.7	 62.7	1	    0
	    0
	    0
	    0
	    0
	    0
	    0
	    0
	    0
 3020	    3	 23.8	 24.4	 16.8	  3.8	 60.0	 75.4	0	    0
	    0
	    0
	    0
	    0
	    0
	    0
	    0
	    0
	    0
	    0
 3031	    5	 27.8	 18.8	  9.3	  8.0	  2.8	 33.0	0	    0
	    0
 3033	    3	 23.1	 24.3	 16.7	  3.7	 18.7	 90.0	0	    0
	    0
	    0
	    0
	    0
	    0
	    0
	    0
	    0
	    0
	    0
	    0
	    0
 3046	    5	 24.1	 18.1	  9.0	  7.3	 46.7	 46.4	1	    0
	    0
	    0
	    0
	    0
	    0
	    0
	    0
	    0
	    0
	    0
	    0
	    0
	    0
	    0
	    0
	    0
	    0
	    0
 3065	    3	 24.3	 24.5	 16.8	  3.9	 35.5	 79.4	0	    0
	    0
	    0
	    0
 3069	    5	 28.0	 19.1	  9.5	  8.0	 97.5	 43.0	0	    0
	    0
	    0
	    0
 3073	    3	 23.6	 24.1	 16.5	  3.8	 33.4	 93.4	0	    0
	    0
	    0
	    0
 3077	    3	 25.1	 24.6	 16.8	  4.0	  1.4	  8.4	0	    0
	    0
 3079	    5	 32.1	 19.7	  9.8	  8.7	 12.6	 78.3	0	    0
	    0
 3081	    3	 24.4	 24.5	 16.8	  3.9	 57.6	 91.9	0	    0
	    0
	    0
	    0
	    0
	    0
	    0
	    0
	    0
	    0
	    0
 3092	    5	 23.8	 18.4	  9.1	  7.2	 67.3	 40.5	0	    0
	    0
 3094	    3	 22.2	 23.1	 15.8	  3.7	 17.1	 67.8	0	    0
	    0
	    0
	    0
	    0
	    0
	    0
	    0
	    0
	    0
	    0
	    0
	    0
	    0
 3108	    3	 23.7	 24.0	 16.4	  3.8	 52.9	 45.5	0	    0
 3109	    3	 25.8	 24.8	 16.9	  4.1	  9.2	 50.3	0	    0
	    0
	    0
	    0
	    0
	    0
 3115	    3	 25.5	 24.8	 17.0	  4.0	 49.8	 81.2	0	    0
	    0
	    0
	    0
	    0
	    0
	    0
	    0
	    0
	    0
	    0
	    0
	    0
	    0
	    0
	    0
	    0
	    0
 3133	    5	 25.4	 18.1	  9.0	  7.6	 27.1	 89.1	0	    0
	    0
	    0
	    0
 3137	    3	 21.0	 23.6	 16.5	  3.5	 88.9	 41.6	1	    0
	    0
	    0
	    0
	    0
	    0
	    0
	    0
	    0
	    0
	    0
 3148	    3	 23.3	 24.0	 16.5	  3.8	 62.0	 17.9	0	    0
 3149	    3	 25.2	 24.7	 16.9	  4.0	  0.0	 65.7	0	    0
 3150	    3	 24.6	 24.4	 16.6	  3.9	 10.6	 17.4	0	    0
	    0
	    0
	    0
	    0
	    0
 3156	    5	 30.7	 19.5	  9.7	  8.5	 31.2	 67.4	0	    0
 3157	    3	 24.2	 24.4	 16.8	  3.9	 48.5	 41.0	0	    0
	    0
	    0
	    0
	    0
 3162	    3	 22.9	 24.0	 16.6	  3.7	 71.9	 13.4	1	    0
	    0
	    0
	    0
	    0
	    0
	    0
	    0
	    0
	    0
	    0
	    0
	    0
	    0
	    0
	    0
 3178	    3	 25.8	 24.9	 17.0	  4.1	 24.8	 14.0	0	    0
 3179	    5	 25.1	 18.1	  9.0	  7.5	 17.3	 58.2	0	    0
	    0
	    0
	    0
 3183	    3	 24.3	 24.1	 16.4	  3.9	 36.3	 37.2	0	    0
	    0
	    0
 3186	    5	 29.3	 19.1	  9.5	  8.2	 23.6	 39.4	0	    0
	    0
	    0
	    0
	    0
	    0
	    0
 3193	    5	 29.2	 19.1	  9.5	  8.2	 74.6	  6.9	0	    0
	    0
	    0
	    0
	    0
	    0
	    0
	    0
	    0
	    0
	    0
	    0
	    0
	    0
	    0
	    0
	    0
	    0
	    0
	    0
	    0
	    0
	    0
	    0
	    0
 3218	    3	 23.4	 23.6	 16.0	  3.8	 94.9	 76.7	1	    0
	    0
	    0
	    0
	    0
 3223	    3	 26.1	 25.0	 17.1	  4.1	  8.8	 20.6	0	    0
	    0
 3225	    5	 28.5	 19.0	  9.5	  8.1	 46.9	 48.9	0	    0
	    0
	    0
	    0
	    0
 3230	    5	 28.1	 19.0	  9.4	  8.0	  9.5	 17.1	0	    0
	    0
 3232	    5	 26.2	 18.4	  9.1	  7.7	 72.8	 59.1	0	    0
	    0
	    0
	    0
	    0
	    0
	    0
	    0
	    0
	    0
	    0
 3243	    3	 21.8	 23.8	 16.5	  3.6	 46.8	 77.2	0	    0
 3244	    3	 23.1	 24.4	 16.9	  3.7	 32.1	  8.7	0	    0
 3245	    3	 23.5	 24.2	 16.6	  3.8	  5.5	  6.6	0	    0
 3246	    3	 25.3	 24.9	 17.0	  4.0	 78.3	 76.8	0	    0
	    0
	    0
	    0
	    0
	    0
	    0
	    0
	    0
	    0
	    0
	    0
 3258	    3	 23.5	 24.1	 16.5	  3.8	 23.3	 37.6	0	    0
 3259	    5	 33.1	 19.8	  9.8	  8.9	 11.6	 10.5	0	    0
	    0
	    0
	    0
	    0
	    0
	    0
	    0
	    0
	    0
	    0
	    0
	    0
	    0
	    0
 3274	    5	 28.8	 19.0	  9.5	  8.1	 43.1	 45.3	1	    0
	    0
	    0
 3277	    3	 26.9	 25.2	 17.2	  4.2	 25.6	 72.5	0	    0
	    0
	    0
	    0
	    0
	    0
	    0
 3284	    3	 24.5	 24.6	 16.8	  3.9	 66.9	 36.7	1	    0
	    0
 3286	    3	 24.6	 24.6	 16.9	  3.9	 90.0	 13.4	0	    0
	    0
	    0
	    0
 3290	    5	 29.3	 19.0	  9.5	  8.3	 49.2	 82.9	0	    0
	    0
	    0
	    0
	    0
	    0
	    0
	    0
	    0
	    0
 3300	    3	 23.5	 24.2	 16.6	  3.8	  0.5	 26.3	1	    0
	    0
	    0
	    0
	    0
	    0
 3306	    3	 23.9	 24.3	 16.7	  3.8	  0.8	  6.3	0	    0
	    0
	    0
 3309	    3	 25.4	 24.8	 16.9	  4.0	 32.3	 17.9	0	    0
	    0
	    0
	    0
	    0
 3314	    3	 26.0	 25.0	 17.0	  4.1	 85.9	 93.3	0	    0
	    0
	    0
	    0
	    0
 3319	    3	 25.5	 25.0	 17.1	  4.0	 40.6	 78.1	0	    0
 3320	    5	 25.9	 18.4	  9.1	  7.6	 57.0	 58.1	0	    0
	    0
	    0
	    0
	    0
	    0
	    0
	    0
	    0
	    0
	    0
	    0
	    0
	    0
 3334	    3	 27.3	 25.4	 17.3	  4.2	 73.3	 98.6	0	    0
	    0
	    0
	    0
	    0
	    0
	    0
	    0
	    0
	    0
	    0
	    0
	    0
	    0
	    0
	    0
 3350	    3	 23.8	 24.3	 16.7	  3.8	 40.9	 52.2	0	    0
	    0
	    0
	    0
	    0
	    0
	    0
	    0
 3358	    5	 27.9	 18.9	  9.4	  8.0	 16.8	 40.6	0	    0
	    0
	    0
	    0
	    0
 3363	    3	 23.7	 24.2	 16.6	  3.8	 52.0	 12.1	0	    0
	    0
	    0
	    0
 3367	    3	 23.1	 24.0	 16.5	  3.8	 97.3	 61.9	0	    0
	    0
	    0
	    0
	    0
	    0
	    0
	    0
	    0
	    0
	    0
	    0
	    0
	    0
	    0
	    0
	    0
	    0
	    0
 3386	    3	 21.3	 23.3	 16.2	  3.5	 64.7	 76.7	1	    0
	    0
	    0
 3389	    3	 26.8	 25.3	 17.3	  4.2	 39.5	 49.9	0	    0
	    0
	    0
	    0
	    0
	    0
	    0
	    0
	    0
	    0
	    0
 3400	    3	 23.9	 24.4	 16.8	  3.8	  7.2	 43.4	0	    0
	    0
	    0
 3403	    3	 24.2	 24.4	 16.8	  3.9	 73.2	  0.2	0	    0
	    0
 3405	    3	 22.5	 24.0	 16.6	  3.7	 93.0	 53.2	0	    0
 3406	    5	 30.7	 19.2	  9.6	  8.5	  1.4	  1.6	0	    0
	    0
	    0
 3409	    3	 25.6	 24.8	 17.0	  4.0	 83.8	 12.2	0	    0
 3410	    3	 23.1	 23.7	 16.2	  3.8	 62.4	  2.1	0	    0
	    0
	    0
	    0
	    0
	    0
	    0
	    0
	    0
 3419	    3	 22.7	 24.1	 16.6	  3.7	  9.8	 31.6	0	    0
	    0
	    0
	    0
	    0
	    0
	    0
	    0
	    0
 3428	    5	 28.1	 19.0	  9.5	  8.0	 35.6	 42.2	0	    0
	    0
	    0
	    0
	    0
	    0
	    0
	    0
	    0
	    0
	    0
	    0
	    0
	    0
	    0
	    0
	    0
	    0
	    0
	    0
	    0
	    0
	    0
	    0
	    0
	    0
 3454	    5	 27.7	 18.6	  9.2	  8.0	 71.8	 51.8	1	    0
	    0
	    0
	    0
	    0
 3459	    5	 27.5	 18.7	  9.3	  7.9	 98.9	  3.7	0	    0
	    0
 3461	    3	 23.7	 24.3	 16.7	  3.8	 61.7	 97.8	0	    0
 3462	    3	 24.4	 24.6	 16.8	  3.9	 45.4	 90.2	1	    0
	    0
	    0
	    0
	    0
	    0
	    0
	    0
	    0
	    0
	    0
	    0
	    0
 3475	    3	 22.0	 23.2	 15.9	  3.6	 18.2	 20.9	1	    0
	    0
 3477	    5	 26.0	 18.4	  9.1	  7.6	 41.1	 37.7	0	    0
	    0
	    0
	    0
	    0
	    0
	    0
 3484	    3	 25.5	 24.8	 16.9	  4.0	 87.8	 56.8	0	    0
	    0
	    0
	    0
	    0
	    0
	    0
	    0
	    0
	    0
	    0
	    0
 3496	    3	 22.5	 24.0	 16.6	  3.7	 26.7	 47.8	0	    0
	    0
	    0
	    0
	    0
	    0
	    0
	    0
	    0
	    0
	    0
	    0
	    0
	    0
	    0
 3511	    5	 31.0	 19.7	  9.8	  8.5	 51.3	 64.2	0	    0
	    0
	    0
	    0
	    0
	    0
	    0
	    0
	    0
 3520	    3	 27.2	 25.3	 17.3	  4.2	 80.8	 30.6	0	    0
	    0
	    0
 3523	    5	 28.7	 19.2	  9.5	  8.1	 97.1	 97.2	0	    0
	    0
	    0
	    0
	    0
 3528	    5	 30.3	 19.3	  9.6	  8.4	 73.5	 86.7	0	    0
	    0
	    0
	    0
	    0
	    0
	    0
	    0
 3536	    3	 23.5	 24.2	 16.6	  3.8	 24.3	 77.8	0	    0
	    0
	    0
	    0
	    0
	    0
	    0
	    0
	    0
	    0
	    0
	    0
	    0
	    0
	    0
	    0
	    0
	    0
 3554	    5	 26.4	 18.9	  9.4	  7.7	 68.2	 68.0	0	    0
	    0
	    0
 3557	    3	 22.9	 24.0	 16.5	  3.7	 86.4	 82.4	1	    0
	    0
	    0
	    0
	    0
	    0
	    0
	    0
	    0
	    0
 3567	    3	 26.3	 25.0	 17.1	  4.1	 33.6	  8.9	0	    0
 3568	    3	 24.6	 24.5	 16.8	  3.9	 33.9	 39.0	0	    0
	    0
 3570	    3	 24.7	 24.4	 16.6	  3.9	 74.7	 71.5	0	    0
	    0
	    0
	    0
	    0
	    0
	    0
 3577	    3	 24.4	 24.5	 16.8	  3.9	 22.4	 60.4	0	    0
	    0
	    0
	    0
	    0
	    0
	    0
	    0
	    0
	    0
	    0
	    0
	    0
	    0
	    0
	    0
 3593	    3	 23.2	 24.3	 16.8	  3.8	 17.0	 95.8	0	    0
	    0
	    0
	    0
	    0
 3598	    3	 25.5	 24.7	 16.8	  4.0	  7.3	 85.8	1	    0
	    0
 3600	    5	 30.8	 19.4	  9.6	  8.5	  7.2	  0.7	0	    0
	    0
	    0
	    0
 3604	    3	 24.3	 24.6	 16.9	  3.9	 95.8	 96.9	0	    0
	    0
	    0
	    0
	    0
	    0
 3610	    5	 27.8	 18.8	  9.3	  8.0	 53.5	 80.9	0	    0
	    0
	    0
	    0
	    0
	    0
	    0
	    0
	    0
	    0
	    0
	    0
	    0
	    0
	    0
	    0
	    0
	    0
	    0
 3629	    3	 27.8	 25.7	 17.6	  4.3	 77.4	 51.9	0	    0
	    0
	    0
	    0
	    0
	    0
	    0
	    0
	    0
	    0
	    0
	    0
	    0
	    0
	    0
	    0
 3645	    5	 25.1	 18.4	  9.1	  7.5	 83.7	 74.1	0	    0
 3646	    3	 25.5	 24.8	 17.0	  4.0	 28.1	 37.1	0	    0
 3647	    3	 24.5	 24.6	 16.9	  3.9	 91.0	 54.1	0	    0
	    0
	    0
	    0
	    0
	    0
	    0
	    0
	    0
	    0
	    0
	    0
	    0
	    0
	    0
	    0
 3663	    3	 25.0	 24.8	 17.0	  4.0	 66.0	 32.7	1	    0
	    0
	    0
	    0
 3667	    3	 24.5	 24.6	 16.9	  3.9	 27.8	 12.0	0	    0
	    0
	    0
	    0
 3671	    3	 25.1	 24.7	 16.9	  4.0	 49.6	 71.8	0	    0
	    0
	    0
	    0
	    0
	    0
 3677	    5	 29.9	 19.4	  9.6	  8.3	 45.3	 19.2	0	    0
	    0
	    0
	    0
	    0
	    0
 3683	    3	 25.8	 24.9	 17.0	  4.1	 37.7	 96.4	1	    0
	    0
	    0
	    0
	    0
	    0
	    0
	    0
	    0
	    0
 3693	    3	 25.1	 24.8	 17.0	  4.0	 66.3	 29.1	0	    0
 3694	    3	 25.1	 24.7	 16.9	  4.0	 43.0	 42.0	1	    0
	    0
	    0
	    0
 3698	    3	 25.5	 24.8	 16.9	  4.0	 19.1	 22.4	0	    0
	    0
	    0
	    0
	    0
	    0
	    0
	    0
	    0
 3707	    5	 27.5	 19.0	  9.4	  7.9	 30.3	 63.3	0	    0
	    0
	    0
	    0
	    0
	    0
	    0
	    0
	    0
	    0
	    0
	    0
	    0
	    0
	    0
	    0
	    0
 3724	    5	 29.2	 19.2	  9.6	  8.2	 63.5	 15.8	0	    0
	    0
	    0
	    0
	    0
	    0
	    0
	    0
 3732	    5	 24.1	 18.1	  9.0	  7.3	  7.9	 59.6	0	    0
	    0
	    0
	    0
	    0
	    0
	    0
	    0
 3740	    5	 26.8	 18.6	  9.2	  7.8	 71.2	 45.9	0	    0
	    0
	    0
	    0
	    0
	    0
	    0
	    0
	    0
	    0
	    0
	    0
	    0
	    0
	    0
	    0
	    0
 3757	    3	 23.6	 24.2	 16.6	  3.8	 15.9	 71.4	0	    0
	    0
 3759	    3	 25.9	 24.9	 17.0	  4.1	 96.3	 49.4	0	    0
	    0
	    0
	    0
	    0
	    0
	    0
 3766	    5	 30.8	 19.4	  9.6	  8.5	 93.1	 18.5	0	    0
	    0
	    0
 3769	    5	 22.9	 18.0	  8.9	  7.0	 23.3	 68.0	0	    0
 3770	    3	 24.1	 24.1	 16.5	  3.9	 27.6	 30.0	1	    0
	    0
 3772	    5	 27.7	 18.9	  9.4	  7.9	 89.3	 99.3	0	    0
	    0
	    0
	    0
	    0
	    0
	    0
	    0
 3780	    3	 24.5	 24.7	 16.9	  3.9	 82.9	 54.7	0	    0
 3781	    3	 25.9	 24.9	 17.0	  4.1	 57.8	 36.1	0	    0
 3782	    3	 24.7	 24.5	 16.8	  3.9	 18.9	 61.8	0	    0
	    0
	    0
	    0
 3786	    3	 21.4	 23.4	 16.3	  3.5	 53.0	 23.2	0	    0
	    0
	    0
	    0
	    0
 3791	    5	 28.4	 18.9	  9.4	  8.1	 73.7	 49.0	0	    0
	    0
	    0
	    0
	    0
 3796	    3	 25.8	 24.7	 16.8	  4.1	  8.9	 94.6	0	    0
	    0
	    0
	    0
	    0
	    0
	    0
	    0
	    0
	    0
	    0
	    0
	    0
	    0
	    0
	    0
	    0
	    0
	    0
	    0
	    0
 3817	    5	 32.2	 19.4	  9.6	  8.8	 68.2	 56.4	0	    0
	    0
	    0
	    0
	    0
	    0
	    0
	    0
	    0
	    0
	    0
	    0
	    0
	    0
 3831	    3	 24.8	 24.6	 16.8	  4.0	 86.5	 38.8	0	    0
 3832	    5	 28.9	 18.9	  9.4	  8.2	 65.8	 39.3	0	    0
 3833	    3	 23.3	 23.8	 16.3	  3.8	 61.9	  1.4	0	    0
	    0
	    0
	    0
	    0
	    0
	    0
	    0
	    0
	    0
	    0
	    0
	    0
	    0
	    0
	    0
	    0
	    0
	    0
	    0
	    0
	    0
	    0
	    0
	    0
	    0
	    0
 3860	    3	 25.8	 24.9	 17.0	  4.1	 74.8	 18.2	0	    0
	    0
	    0
	    0
	    0
	    0
 3866	    5	 26.9	 18.7	  9.3	  7.8	 81.9	 22.8	0	    0
	    0
	    0
	    0
	    0
	    0
	    0
	    0
	    0
	    0
	    0
	    0
	    0
	    0
	    0
	    0
 3882	    5	 29.5	 19.1	  9.5	  8.3	 40.5	 46.1	0	    0
	    0
	    0
	    0
 3886	    5	 33.7	 20.1	 10.0	  9.0	  3.1	 19.6	0	    0
	    0
	    0
	    0
	    0
 3891	    3	 25.8	 25.0	 17.1	  4.1	 41.7	  6.7	0	    0
	    0
	    0
	    0
 3895	    5	 27.9	 18.4	  9.1	  8.1	  0.6	 10.5	0	    0
	    0
	    0
	    0
	    0
	    0
	    0
 3902	    3	 25.8	 25.0	 17.1	  4.1	 26.8	 57.7	1	    0
	    0
	    0
	    0
	    0
	    0
 3908	    5	 28.8	 19.3	  9.6	  8.1	  1.1	 60.6	0	    0
	    0
	    0
 3911	    3	 23.4	 24.4	 16.9	  3.8	 99.7	 87.9	0	    0
	    0
	    0
 3914	    5	 28.5	 19.0	  9.4	  8.1	 27.9	 39.6	0	    0
 3915	    3	 24.5	 24.5	 16.7	  3.9	  3.5	  9.3	0	    0
	    0
 3917	    3	 24.8	 22.7	 14.9	  4.1	 85.1	 73.9	0	    0
	    0
	    0
	    0
 3921	    5	 30.9	 19.5	  9.7	  8.5	  3.6	 66.5	0	    0
	    0
	    0
	    0
	    0
	    0
	    0
 3928	    3	 22.1	 23.8	 16.4	  3.6	 44.0	  5.4	1	    0
	    0
	    0
	    0
	    0
	    0
	    0
	    0
 3936	    5	 28.4	 18.9	  9.4	  8.1	 41.4	 93.4	0	    0
	    0
 3938	    5	 26.4	 18.3	  9.1	  7.7	 77.4	 29.5	0	    0
	    0
	    0
	    0
	    0
	    0
	    0
	    0
	    0
	    0
	    0
	    0
	    0
	    0
	    0
	    0
 3954	    5	 27.5	 18.6	  9.2	  8.0	 48.8	 70.9	0	    0
	    0
	    0
	    0
	    0
	    0
	    0
	    0
 3962	    5	 27.1	 18.6	  9.2	  7.9	 34.8	  0.4	0	    0
	    0
	    0
	    0
	    0
	    0
	    0
	    0
	    0
 3971	    3	 22.8	 24.1	 16.6	  3.7	 39.2	 19.8	0	    0
	    0
	    0
	    0
	    0
	    0
	    0
	    0
 3979	    5	 31.4	 19.4	  9.6	  8.6	 24.1	 44.8	0	    0
	    0
	    0
	    0
	    0
	    0
 3985	    3	 25.0	 24.8	 17.0	  4.0	 89.2	 41.9	1	    0
 3986	    3	 23.2	 24.0	 16.5	  3.8	 12.8	  3.6	0	    0
	    0
	    0
 3989	    5	 28.0	 18.6	  9.2	  8.1	 37.5	  6.8	1	    0
	    0
	    0
	    0
	    0
	    0
 3995	    3	 22.2	 23.5	 16.2	  3.7	 48.9	 10.5	0	    0
	    0
	    0
 3998	    3	 23.8	 24.4	 16.8	  3.8	 87.0	 87.3	0	    0
 3999	    5	 29.3	 19.0	  9.4	  8.3	 23.7	 72.9	0	    0
	    0
	    0
	    0
	    0
	    0
	    0
 4006	    3	 22.5	 22.6	 15.2	  3.7	  5.6	 88.2	1	    0
 4007	    3	 24.3	 24.5	 16.8	  3.9	 19.0	 65.9	0	    0
	    0
	    0
	    0
	    0
 4012	    3	 22.7	 23.9	 16.5	  3.7	 32.2	 25.9	0	    0
	    0
	    0
	    0
	    0
	    0
	    0
 4019	    3	 27.1	 25.3	 17.2	  4.2	  3.5	 99.0	0	    0
 4020	    3	 23.1	 24.1	 16.6	  3.7	 29.9	 54.8	0	    0
	    0
	    0
	    0
	    0
	    0
	    0
	    0
	    0
	    0
	    0
	    0
	    0
	    0
	    0
	    0
	    0
	    0
	    0
	    0
	    0
 4041	    3	 21.5	 23.7	 16.5	  3.5	 25.3	 98.7	1	    0
	    0
	    0
	    0
	    0
	    0
 4047	    3	 23.2	 23.6	 16.1	  3.8	 10.0	 35.1	0	    0
	    0
 4049	    3	 22.9	 23.8	 16.4	  3.7	 35.3	 47.0	0	    0
	    0
	    0
	    0
	    0
 4054	    3	 25.0	 24.5	 16.8	  4.0	 50.1	 10.7	0	    0
	    0
	    0
	    0
	    0
	    0
	    0
	    0
	    0
	    0
	    0
	    0
	    0
 4067	    5	 30.5	 19.3	  9.6	  8.5	 17.9	 12.5	0	    0
	    0
	    0
	    0
	    0
	    0
	    0
	    0
	    0
	    0
 4077	    5	 26.4	 18.8	  9.3	  7.7	  2.3	 25.2	0	    0
	    0
 4079	    3	 26.2	 25.0	 17.0	  4.1	 23.2	  8.8	0	    0
	    0
	    0
	    0
	    0
	    0
	    0
	    0
 4087	    3	 21.8	 23.6	 16.4	  3.6	 18.6	 19.6	0	    0
	    0
	    0
	    0
 4091	    5	 28.9	 19.3	  9.6	  8.1	 31.5	 81.3	0	    0
	    0
	    0
	    0
	    0
	    0
	    0
	    0
	    0
	    0
	    0
	    0
	    0
	    0
	    0
	    0
	    0
	    0
 4109	    3	 22.4	 23.8	 16.4	  3.7	 31.8	 64.8	1	    0
	    0
 4111	    3	 25.0	 24.6	 16.9	  4.0	 60.7	 64.5	0	    0
	    0
	    0
	    0
	    0
 4116	    3	 25.4	 24.8	 16.9	  4.0	 25.1	 57.3	0	    0
	    0
	    0
	    0
 4120	    5	 29.9	 19.3	  9.6	  8.3	 46.6	 58.7	0	    0
	    0
	    0
	    0
	    0
	    0
	    0
 4127	    3	 24.4	 24.5	 16.8	  3.9	 28.6	 65.3	0	    0
	    0
	    0
	    0
	    0
	    0
	    0
	    0
	    0
	    0
	    0
	    0
	    0
 4140	    3	 23.8	 24.3	 16.7	  3.8	 73.6	 34.1	0	    0
	    0
	    0
	    0
	    0
 4145	    3	 24.9	 24.5	 16.8	  4.0	  9.0	 40.8	0	    0
	    0
	    0
	    0
	    0
 4150	    3	 22.9	 23.8	 16.3	  3.7	 64.2	  5.0	0	    0
 4151	    3	 22.9	 23.9	 16.4	  3.7	 51.1	 21.4	0	    0
	    0
	    0
	    0
	    0
	    0
	    0
	    0
	    0
	    0
	    0
	    0
	    0
 4164	    5	 27.3	 18.8	  9.3	  7.9	 82.6	 99.8	0	    0
	    0
	    0
	    0
	    0
	    0
	    0
	    0
	    0
 4173	    5	 30.5	 19.4	  9.6	  8.5	 96.5	 18.7	0	    0
	    0
	    0
	    0
	    0
	    0
	    0
	    0
	    0
	    0
	    0
	    0
	    0
	    0
	    0
	    0
	    0
	    0
	    0
 4192	    5	 32.3	 19.8	  9.9	  8.8	 32.8	 13.8	0	    0
	    0
	    0
	    0
 4196	    3	 23.9	 24.5	 16.8	  3.8	 43.1	 22.6	0	    0
	    0
	    0
 4199	    3	 21.5	 23.5	 16.3	  3.6	 74.4	 93.1	1	    0
	    0
	    0
	    0
	    0
	    0
 4205	    3	 23.9	 24.4	 16.8	  3.8	 67.7	 60.2	0	    0
	    0
	    0
	    0
	    0
	    0
	    0
	    0
	    0
	    0
	    0
	    0
	    0
	    0
	    0
 4220	    3	 24.6	 24.6	 16.9	  3.9	 79.5	 94.5	0	    0
	    0
	    0
	    0
	    0
	    0
	    0
	    0
	    0
	    0
	    0
	    0
	    0
	    0
	    0
	    0
	    0
	    0
	    0
	    0
	    0
	    0
	    0
	    0
	    0
	    0
	    0
	    0
	    0
 4249	    5	 25.8	 18.7	  9.3	  7.6	 24.2	 18.6	0	    0
	    0
 4251	    3	 23.6	 24.4	 16.8	  3.8	 98.5	 13.8	0	    0
	    0
	    0
 4254	    3	 25.5	 24.3	 16.5	  4.1	 20.2	 79.7	0	    0
 4255	    3	 25.3	 24.8	 17.0	  4.0	 91.3	 81.2	0	    0
	    0
	    0
	    0
	    0
	    0
	    0
	    0
	    0
	    0
	    0
	    0
	    0
	    0
	    0
	    0
	    0
	    0
	    0
	    0
	    0
	    0
	    0
	    0
	    0
	    0
	    0
	    0
	    0
	    0
	    0
	    0
	    0
	    0
	    0
 4290	    3	 22.4	 22.9	 15.5	  3.7	 68.5	 86.4	0	    0
	    0
	    0
	    0
	    0
	    0
	    0
	    0
	    0
	    0
	    0
	    0
	    0
 4303	    3	 22.1	 23.9	 16.6	  3.6	 88.8	 86.2	0	    0
 4304	    3	 25.3	 24.8	 17.0	  4.0	  3.7	 32.1	0	    0
	    0
	    0
	    0
	    0
	    0
	    0
	    0
	    0
	    0
	    0
	    0
 4316	    3	 25.2	 24.8	 17.0	  4.0	 47.8	  1.8	0	    0
	    0
	    0
	    0
 4320	    3	 25.7	 24.5	 16.6	  4.1	 40.5	  6.5	0	    0
 4321	    3	 25.1	 24.7	 16.9	  4.0	 89.6	  8.8	0	    0
	    0
	    0
	    0
	    0
	    0
	    0
	    0
	    0
	    0
	    0
	    0
	    0
	    0
	    0
	    0
	    0
	    0
 4339	    5	 28.5	 18.8	  9.3	  8.1	 66.4	 78.0	0	    0
	    0
 4341	    3	 23.7	 24.3	 16.7	  3.8	 91.6	 58.9	0	    0
	    0
	    0
	    0
	    0
	    0
	    0
	    0
	    0
 4350	    3	 24.2	 24.4	 16.7	  3.9	 68.9	 29.0	0	    0
 4351	    5	 28.7	 18.9	  9.4	  8.2	 15.5	 58.4	0	    0
	    0
	    0
	    0
	    0
	    0
	    0
	    0
	    0
	    0
	    0
	    0
	    0
	    0
 4365	    3	 25.3	 24.7	 16.8	  4.0	 99.3	  1.4	0	    0
	    0
 4367	    3	 24.1	 24.4	 16.8	  3.9	 50.6	 29.5	1	    0
	    0
	    0
	    0
	    0
 4372	    5	 25.3	 17.8	  8.8	  7.6	  8.5	 51.4	0	    0
	    0
	    0
 4375	    3	 25.1	 24.7	 16.9	  4.0	 19.5	  9.3	0	    0
	    0
	    0
	    0
	    0
 4380	    5	 28.9	 18.7	  9.3	  8.2	 84.8	 88.3	0	    0
	    0
 4382	    5	 31.2	 19.5	  9.7	  8.6	 36.6	  8.6	0	    0
	    0
	    0
	    0
	    0
	    0
	    0
	    0
 4390	    5	 26.4	 18.7	  9.3	  7.7	 72.6	 61.6	1	    0
	    0
	    0
	    0
	    0
	    0
	    0
	    0
	    0
	    0
	    0
 4401	    5	 26.4	 18.9	  9.4	  7.7	 43.7	 99.7	0	    0
	    0
	    0
	    0
	    0
	    0
 4407	    3	 23.1	 24.2	 16.7	  3.7	 22.3	 78.3	1	    0
	    0
	    0
	    0
	    0
	    0
	    0
	    0
	    0
 4416	    3	 23.6	 24.1	 16.5	  3.8	 17.5	 81.9	0	    0
	    0
	    0
 4419	    5	 27.8	 18.6	  9.2	  8.0	 21.9	 12.3	0	    0
	    0
	    0
 4422	    3	 23.6	 24.3	 16.8	  3.8	 13.7	  8.0	1	    0
 4423	    5	 25.3	 18.1	  9.0	  7.5	 79.4	 39.9	0	    0
	    0
	    0
	    0
	    0
	    0
	    0
	    0
	    0
	    0
	    0
	    0
	    0
	    0
	    0
 4438	    5	 24.3	 18.4	  9.1	  7.3	 44.9	 17.3	0	    0
	    0
	    0
	    0
	    0
	    0
	    0
	    0
	    0
 4447	    3	 25.5	 24.9	 17.0	  4.0	 43.2	 80.7	0	    0
	    0
 4449	    5	 26.3	 18.9	  9.4	  7.6	 79.6	 72.2	0	    0
	    0
	    0
	    0
	    0
	    0
	    0
	    0
	    0
	    0
	    0
	    0
 4461	    3	 22.2	 24.0	 16.7	  3.6	 33.9	 46.4	1	    0
	    0
 4463	    5	 28.9	 18.9	  9.4	  8.2	  6.1	 17.1	0	    0
 4464	    5	 27.4	 18.8	  9.3	  7.9	 97.4	 15.7	0	    0
	    0
	    0
 4467	    3	 25.7	 24.8	 16.9	  4.1	 46.7	 81.2	0	    0
	    0
	    0
	    0
	    0
	    0
	    0
	    0
	    0
	    0
	    0
 4478	    3	 23.4	 24.4	 16.8	  3.8	 38.4	 68.9	0	    0
	    0
	    0
	    0
	    0
 4483	    5	 22.2	 17.3	  8.6	  7.0	  9.2	 57.3	0	    0
	    0
	    0
	    0
	    0
	    0
	    0
	    0
	    0
	    0
	    0
	    0
	    0
	    0
	    0
	    0
	    0
	    0
 4501	    5	 26.3	 18.3	  9.1	  7.7	 55.5	 43.4	0	    0
	    0
	    0
	    0
	    0
	    0
	    0
	    0
	    0
	    0
	    0
	    0
	    0
	    0
	    0
	    0
 4517	    5	 25.3	 18.1	  9.0	  7.5	 97.4	 20.8	0	    0
 4518	    5	 25.9	 18.2	  9.0	  7.7	 72.4	 36.4	0	    0
 4519	    3	 22.1	 23.9	 16.6	  3.6	 41.1	 40.6	0	    0
 4520	    3	 21.5	 23.9	 16.7	  3.5	 75.3	 48.1	1	    0
	    0
	    0
	    0
	    0
	    0
	    0
	    0
	    0
	    0
	    0
 4531	    3	 23.7	 24.5	 16.9	  3.8	 72.8	 82.7	0	    0
	    0
	    0
 4534	    5	 29.4	 19.0	  9.4	  8.3	 85.1	 34.4	0	    0
	    0
	    0
	    0
	    0
	    0
	    0
	    0
	    0
	    0
	    0
	    0
	    0
	    0
	    0
	    0
	    0
 4551	    3	 24.3	 24.4	 16.7	  3.9	 52.9	 59.9	0	    0
	    0
	    0
	    0
	    0
	    0
	    0
	    0
	    0
	    0
	    0
 4562	    3	 25.7	 23.7	 15.9	  4.1	 31.8	 84.8	0	    0
	    0
	    0
	    0
	    0
	    0
 4568	    3	 22.5	 24.0	 16.6	  3.7	 78.2	 75.9	0	    0
	    0
	    0
	    0
	    0
	    0
	    0
	    0
	    0
	    0
	    0
	    0
	    0
	    0
	    0
	    0
 4584	    5	 28.7	 18.4	  9.1	  8.2	 46.8	 42.8	0	    0
	    0
	    0
 4587	    3	 22.6	 23.8	 16.4	  3.7	  9.6	 80.2	1	    0
	    0
	    0
	    0
	    0
	    0
	    0
	    0
	    0
	    0
	    0
	    0
 4599	    3	 22.9	 24.1	 16.6	  3.7	 73.9	 66.3	0	    0
	    0
	    0
 4602	    5	 28.6	 19.0	  9.4	  8.1	 45.4	 88.7	0	    0
	    0
	    0
	    0
	    0
	    0
	    0
 4609	    3	 26.1	 24.9	 17.0	  4.1	 15.0	 82.9	0	    0
	    0
	    0
	    0
	    0
	    0
	    0
	    0
 4617	    5	 27.4	 18.4	  9.1	  8.0	 63.6	 29.4	0	    0
	    0
	    0
	    0
	    0
	    0
	    0
	    0
	    0
	    0
 4627	    3	 25.0	 24.7	 16.9	  4.0	 23.4	 18.0	0	    0
	    0
	    0
	    0
	    0
 4632	    3	 22.2	 24.0	 16.7	  3.6	  3.3	 71.1	1	    0
	    0
	    0
	    0
	    0
	    0
	    0
	    0
	    0
 4641	    3	 23.8	 24.4	 16.8	  3.8	 26.7	 98.9	0	    0
	    0
	    0
	    0
	    0
	    0
	    0
	    0
	    0
	    0
	    0
	    0
 4653	    3	 26.0	 24.8	 16.9	  4.1	 98.6	 17.8	0	    0
	    0
	    0
 4656	    5	 25.6	 18.5	  9.2	  7.5	 83.9	 23.8	0	    0
	    0
	    0
	    0
	    0
	    0
	    0
	    0
	    0
 4665	    5	 31.8	 19.3	  9.6	  8.7	 51.3	 31.9	0	    0
 4666	    3	 25.4	 24.8	 17.0	  4.0	 87.4	 27.8	1	    0
	    0
	    0
	    0
	    0
	    0
	    0
 4673	    3	 26.3	 25.1	 17.1	  4.1	 74.4	 59.6	0	    0
	    0
	    0
	    0
	    0
 4678	    3	 24.2	 24.4	 16.7	  3.9	  8.0	 77.0	0	    0
	    0
	    0
	    0
	    0
	    0
	    0
	    0
	    0
	    0
	    0
	    0
	    0
	    0
	    0
 4693	    3	 23.2	 24.0	 16.4	  3.8	 85.2	 53.4	0	    0
	    0
	    0
	    0
	    0
	    0
	    0
	    0
	    0
	    0
	    0
	    0
 4705	    5	 30.8	 19.3	  9.6	  8.5	 18.0	 55.4	0	    0
	    0
 4707	    3	 24.6	 24.6	 16.8	  3.9	 99.2	 40.8	0	    0
	    0
	    0
	    0
	    0
 4712	    3	 26.3	 24.9	 17.0	  4.1	 51.9	 57.1	0	    0
	    0
	    0
	    0
	    0
	    0
 4718	    3	 23.3	 24.3	 16.8	  3.8	 72.3	 19.4	0	    0
 4719	    5	 29.0	 18.8	  9.3	  8.2	 30.9	 50.0	0	    0
	    0
	    0
	    0
	    0
 4724	    5	 28.1	 18.2	  9.0	  8.1	 59.7	 15.7	0	    0
	    0
	    0
 4727	    3	 22.6	 24.2	 16.8	  3.7	 46.7	 76.5	0	    0
	    0
	    0
	    0
	    0
	    0
	    0
	    0
	    0
	    0
	    0
	    0
	    0
	    0
	    0
	    0
	    0
	    0
	    0
 4746	    3	 23.5	 24.2	 16.7	  3.8	 65.1	 55.5	0	    0
	    0
	    0
	    0
	    0
	    0
	    0
	    0
	    0
	    0
	    0
	    0
	    0
	    0
	    0
 4761	    3	 25.6	 24.7	 16.8	  4.1	 29.0	 47.9	0	    0
	    0
	    0
	    0
 4765	    3	 23.7	 24.4	 16.8	  3.8	 36.2	  1.2	1	    0
	    0
	    0
	    0
	    0
 4770	    3	 24.8	 24.4	 16.7	  4.0	 10.8	 45.7	0	    0
 4771	    3	 24.0	 24.4	 16.8	  3.9	 90.3	 93.8	0	    0
	    0
	    0
	    0
 4775	    3	 25.6	 25.0	 17.1	  4.0	 15.9	 56.0	0	    0
	    0
	    0
	    0
	    0
 4780	    3	 22.8	 23.8	 16.4	  3.7	  0.0	 44.8	0	    0
	    0
	    0
	    0
	    0
	    0
	    0
	    0
	    0
	    0
	    0
	    0
	    0
	    0
	    0
 4795	    5	 29.2	 19.3	  9.6	  8.2	 21.1	 79.5	0	    0
	    0
	    0
	    0
	    0
	    0
	    0
	    0
	    0
	    0
	    0
 4806	    5	 25.3	 18.4	  9.1	  7.5	 20.5	 17.9	0	    0
	    0
	    0
	    0
	    0
	    0
	    0
	    0
	    0
 4815	    3	 25.8	 24.8	 16.9	  4.1	 94.1	 68.9	0	    0
	    0
 4817	    3	 24.4	 24.5	 16.8	  3.9	 97.0	 83.9	0	    0
	    0
	    0
	    0
	    0
 4822	    5	 27.3	 18.7	  9.3	  7.9	 44.0	 27.4	0	    0
 4823	    3	 26.4	 25.0	 17.1	  4.1	 34.9	 30.7	0	    0
	    0
	    0
	    0
	    0
	    0
	    0
	    0
	    0
	    0
	    0
	    0
	    0
 4836	    3	 23.6	 24.3	 16.7	  3.8	 26.2	 96.3	0	    0
	    0
 4838	    5	 31.6	 19.6	  9.8	  8.6	  5.5	 23.8	0	    0
	    0
	    0
	    0
	    0
	    0
	    0
 4845	    3	 23.7	 24.3	 16.7	  3.8	 31.4	 40.1	1	    0
	    0
 4847	    3	 27.1	 25.3	 17.3	  4.2	 83.7	 59.6	0	    0
	    0
	    0
	    0
	    0
	    0
	    0
	    0
	    0
 4856	    3	 24.2	 24.1	 16.4	  3.9	 98.5	 92.4	0	    0
	    0
	    0
	    0
	    0
	    0
 4862	    5	 31.9	 19.7	  9.8	  8.7	 52.4	 85.0	0	    0
	    0
	    0
	    0
	    0
 4867	    3	 23.7	 24.4	 16.8	  3.8	 36.2	 34.6	1	    0
	    0
 4869	    3	 23.3	 23.9	 16.4	  3.8	 86.6	  4.8	1	    0
	    0
	    0
	    0
	    0
	    0
	    0
	    0
	    0
	    0
	    0
	    0
 4881	    3	 21.8	 23.9	 16.7	  3.6	 59.4	 99.0	0	    0
	    0
	    0
	    0
	    0
	    0
	    0
	    0
	    0
	    0
 4891	    3	 23.2	 24.2	 16.7	  3.8	  2.2	 44.3	0	    0
	    0
	    0
	    0
	    0
 4896	    3	 24.2	 24.4	 16.7	  3.9	 69.2	 16.8	0	    0
	    0
	    0
	    0
 4900	    3	 25.2	 24.6	 16.8	  4.0	 95.1	 78.2	0	    0
	    0
	    0
	    0
	    0
	    0
	    0
	    0
	    0
	    0
	    0
	    0
	    0
	    0
	    0
	    0
	    0
	    0
	    0
	    0
	    0
	    0
	    0
	    0
	    0
	    0
	    0
	    0
	    0
	    0
 4930	    3	 24.4	 24.5	 16.8	  3.9	 68.9	 98.1	0	    0
	    0
	    0
	    0
	    0
 4935	    3	 24.3	 24.2	 16.5	  3.9	 46.7	 37.9	0	    0
	    0
	    0
	    0
 4939	    3	 23.6	 23.9	 16.3	  3.8	 76.8	 44.6	0	    0
	    0
	    0
	    0
	    0
	    0
	    0
	    0
	    0
	    0
	    0
	    0
	    0
 4952	    5	 28.2	 18.9	  9.4	  8.0	 60.0	 60.6	0	    0
 4953	    3	 22.9	 23.9	 16.5	  3.7	 10.1	 76.6	0	    0
	    0
	    0
	    0
	    0
	    0
	    0
	    0
	    0
	    0
	    0
	    0
	    0
	    0
	    0
	    0
	    0
	    0
	    0
	    0
	    0
	    0
	    0
	    0
	    0
	    0
	    0
	    0
	    0
 4982	    5	 24.4	 18.0	  8.9	  7.3	  0.6	 86.1	0	    0
	    0
	    0
	    0
	    0
 4987	    3	 23.3	 24.2	 16.7	  3.8	 79.0	 24.0	0	    0
	    0
	    0
	    0
	    0
	    0
	    0
	    0
	    0
	    0
	    0
	    0
	    0
	    0
