Nr	Art	BHD	h	kra	kd	x	y	kenn	mort
	    0
	    0
	    0
	    0
	    0
	    0
    7	    3	 22.7	 24.1	 16.7	  3.7	 13.5	  9.4	0	    0
	    0
	    0
	    0
   11	    3	 25.1	 24.8	 17.0	  4.0	 17.3	 72.1	0	    0
	    0
   13	    5	 27.2	 18.3	  9.1	  7.9	 52.3	 74.5	0	    0
	    0
   15	    3	 23.9	 24.3	 16.7	  3.8	 57.9	 53.8	1	    0
	    0
	    0
	    0
	    0
	    0
   21	    5	 27.3	 18.6	  9.2	  7.9	 87.7	  3.2	0	    0
	    0
	    0
	    0
   25	    5	 30.6	 19.4	  9.6	  8.5	 23.0	 19.4	0	    0
	    0
	    0
	    0
	    0
	    0
	    0
	    0
	    0
   34	    3	 26.9	 25.2	 17.2	  4.2	 61.5	 96.5	0	    0
	    0
   36	    3	 21.1	 23.3	 16.2	  3.5	 23.9	 24.4	1	    0
	    0
	    0
   39	    5	 26.8	 18.0	  8.9	  7.9	 57.1	 65.6	0	    0
   40	    5	 27.9	 18.9	  9.4	  8.0	 58.4	 85.1	0	    0
	    0
	    0
	    0
	    0
	    0
	    0
	    0
	    0
	    0
	    0
   51	    3	 24.4	 24.7	 17.0	  3.9	 97.8	 25.0	0	    0
	    0
   53	    5	 28.6	 19.0	  9.4	  8.1	  3.9	 70.9	0	    0
	    0
	    0
	    0
	    0
   58	    5	 29.8	 19.2	  9.5	  8.3	 99.3	 84.3	0	    0
	    0
	    0
   61	    3	 22.5	 23.2	 15.8	  3.7	 85.0	 48.0	0	    0
	    0
	    0
	    0
   65	    5	 28.7	 19.1	  9.5	  8.1	 13.1	 24.9	0	    0
	    0
	    0
   68	    3	 24.6	 24.6	 16.8	  3.9	 50.6	 36.2	0	    0
	    0
	    0
	    0
	    0
	    0
   74	    3	 24.7	 24.6	 16.9	  3.9	 80.9	 55.1	0	    0
   75	    3	 21.2	 23.6	 16.5	  3.5	 15.2	  2.7	0	    0
	    0
	    0
	    0
	    0
	    0
	    0
   82	    3	 23.5	 24.2	 16.7	  3.8	 61.1	 15.5	0	    0
	    0
	    0
	    0
	    0
   87	    3	 22.6	 24.1	 16.7	  3.7	 77.4	 96.0	0	    0
	    0
	    0
	    0
	    0
	    0
	    0
	    0
	    0
   96	    3	 22.7	 24.2	 16.7	  3.7	 82.2	 27.2	0	    0
	    0
   98	    3	 24.9	 24.4	 16.7	  4.0	 76.5	 38.7	0	    0
	    0
  100	    3	 27.7	 25.4	 17.3	  4.3	  5.9	 39.6	1	    0
	    0
	    0
	    0
	    0
	    0
	    0
  107	    5	 29.9	 18.9	  9.4	  8.4	 24.4	 25.9	0	    0
	    0
	    0
	    0
	    0
  112	    3	 23.0	 24.1	 16.6	  3.7	 68.0	 22.5	0	    0
	    0
  114	    3	 21.6	 23.4	 16.2	  3.6	 21.0	 60.8	0	    0
	    0
	    0
	    0
	    0
	    0
	    0
	    0
  122	    3	 27.2	 25.2	 17.1	  4.2	 50.1	 18.9	0	    0
	    0
  124	    3	 25.2	 24.8	 16.9	  4.0	 64.0	 72.6	1	    0
	    0
  126	    3	 23.8	 24.3	 16.7	  3.8	 97.3	 53.5	0	    0
  127	    3	 23.3	 24.6	 17.0	  3.8	 10.2	 16.3	0	    0
	    0
	    0
	    0
	    0
	    0
	    0
	    0
	    0
	    0
	    0
	    0
	    0
	    0
	    0
  142	    3	 24.1	 24.3	 16.6	  3.9	 63.4	 14.3	0	    0
	    0
	    0
	    0
  146	    3	 23.4	 24.2	 16.7	  3.8	  4.5	 29.6	0	    0
  147	    5	 28.4	 19.1	  9.5	  8.1	 54.5	 31.0	0	    0
	    0
	    0
	    0
	    0
	    0
	    0
  154	    3	 27.7	 25.5	 17.3	  4.3	 57.2	 13.6	1	    0
  155	    3	 24.5	 24.4	 16.7	  3.9	  4.9	 23.2	1	    0
	    0
	    0
	    0
	    0
	    0
  161	    3	 22.9	 24.0	 16.5	  3.7	 12.1	 23.5	0	    0
  162	    3	 23.2	 24.3	 16.8	  3.7	  4.4	 75.3	0	    0
	    0
	    0
	    0
	    0
	    0
	    0
	    0
	    0
	    0
	    0
	    0
	    0
	    0
  176	    5	 28.2	 18.7	  9.3	  8.1	 18.1	  4.4	0	    0
	    0
	    0
	    0
	    0
  181	    3	 23.3	 24.3	 16.7	  3.8	 65.2	 32.1	0	    0
	    0
  183	    5	 27.3	 18.6	  9.2	  7.9	 24.4	  2.0	0	    0
	    0
	    0
	    0
	    0
  188	    3	 20.5	 23.2	 16.2	  3.4	 55.0	 86.2	0	    0
	    0
	    0
	    0
	    0
	    0
	    0
	    0
	    0
  197	    5	 27.0	 18.9	  9.4	  7.8	 85.0	 31.7	0	    0
	    0
  199	    5	 28.5	 19.0	  9.4	  8.1	 64.9	 22.7	0	    0
	    0
	    0
	    0
	    0
	    0
	    0
	    0
	    0
	    0
	    0
	    0
	    0
	    0
	    0
	    0
	    0
  216	    3	 24.9	 24.7	 16.9	  4.0	 11.6	 98.8	0	    0
	    0
	    0
  219	    3	 22.7	 24.1	 16.7	  3.7	 52.5	  6.5	0	    0
	    0
	    0
	    0
	    0
  224	    3	 24.2	 24.5	 16.8	  3.9	 66.2	 32.7	0	    0
	    0
	    0
	    0
	    0
  229	    3	 22.2	 24.0	 16.6	  3.6	 53.3	  2.5	0	    0
  230	    5	 26.2	 18.6	  9.3	  7.7	  5.0	 74.0	1	    0
	    0
	    0
	    0
	    0
	    0
	    0
	    0
	    0
	    0
  240	    3	 23.5	 23.8	 16.2	  3.8	 91.6	 34.6	0	    0
	    0
	    0
	    0
	    0
	    0
	    0
	    0
  248	    3	 24.4	 24.5	 16.8	  3.9	 36.3	  4.0	0	    0
	    0
	    0
	    0
	    0
  253	    3	 21.2	 23.6	 16.4	  3.5	 40.6	 98.3	1	    0
	    0
	    0
	    0
	    0
	    0
	    0
	    0
	    0
	    0
	    0
  264	    3	 23.7	 23.0	 15.4	  3.9	 67.9	 68.9	0	    0
  265	    5	 27.3	 19.0	  9.5	  7.8	 96.2	 66.9	0	    0
	    0
	    0
	    0
	    0
	    0
  271	    5	 27.2	 18.1	  8.9	  8.0	 12.6	 34.2	0	    0
  272	    3	 25.3	 24.3	 16.5	  4.0	 49.6	 54.1	0	    0
	    0
	    0
	    0
	    0
	    0
	    0
	    0
	    0
	    0
  282	    3	 22.8	 23.4	 15.9	  3.7	 26.8	 58.7	0	    0
	    0
	    0
	    0
	    0
	    0
	    0
	    0
	    0
	    0
	    0
	    0
	    0
  295	    3	 22.8	 23.5	 16.1	  3.7	 30.7	 21.3	0	    0
	    0
	    0
	    0
	    0
	    0
	    0
	    0
	    0
	    0
  305	    3	 25.2	 24.7	 16.8	  4.0	 98.5	  5.5	0	    0
	    0
	    0
	    0
	    0
	    0
	    0
	    0
	    0
	    0
	    0
	    0
	    0
  318	    3	 25.3	 24.7	 16.9	  4.0	 96.0	 11.4	0	    0
	    0
	    0
	    0
	    0
  323	    3	 23.6	 24.4	 16.8	  3.8	 83.1	 28.2	1	    0
	    0
	    0
	    0
  327	    3	 25.2	 24.7	 16.9	  4.0	 29.8	 22.4	0	    0
	    0
	    0
	    0
	    0
	    0
	    0
	    0
  335	    3	 23.6	 24.0	 16.5	  3.8	 81.6	 13.0	0	    0
	    0
	    0
	    0
	    0
	    0
	    0
	    0
	    0
  344	    3	 22.3	 23.8	 16.4	  3.7	 89.0	 95.4	0	    0
	    0
	    0
	    0
	    0
	    0
	    0
	    0
	    0
	    0
  354	    5	 26.8	 18.7	  9.3	  7.8	 27.6	 46.5	0	    0
  355	    3	 23.4	 24.2	 16.6	  3.8	 44.4	 90.2	1	    0
	    0
	    0
  358	    3	 24.7	 24.5	 16.8	  3.9	  9.0	 27.5	0	    0
	    0
	    0
	    0
	    0
  363	    3	 22.2	 23.6	 16.3	  3.7	 56.0	 69.3	0	    0
	    0
	    0
	    0
	    0
	    0
	    0
	    0
	    0
	    0
	    0
	    0
	    0
	    0
	    0
	    0
	    0
	    0
	    0
	    0
	    0
	    0
	    0
  386	    3	 24.3	 24.5	 16.8	  3.9	 19.6	 88.3	0	    0
	    0
	    0
	    0
	    0
	    0
	    0
	    0
	    0
	    0
  396	    5	 31.7	 19.6	  9.7	  8.7	 45.2	 55.1	0	    0
	    0
	    0
	    0
	    0
	    0
	    0
  403	    3	 24.2	 24.4	 16.7	  3.9	 83.7	 50.8	0	    0
	    0
	    0
	    0
	    0
	    0
	    0
	    0
	    0
	    0
	    0
	    0
	    0
	    0
	    0
	    0
	    0
  420	    3	 24.4	 24.0	 16.3	  3.9	 11.1	 74.5	0	    0
	    0
	    0
	    0
  424	    3	 22.0	 23.7	 16.4	  3.6	 58.8	 79.6	0	    0
	    0
  426	    3	 24.2	 24.5	 16.9	  3.9	 85.5	 18.9	0	    0
	    0
	    0
  429	    3	 20.3	 23.4	 16.5	  3.4	 35.5	 71.9	0	    0
	    0
	    0
	    0
	    0
  434	    3	 23.2	 23.9	 16.4	  3.8	 17.5	 46.9	0	    0
	    0
	    0
	    0
	    0
	    0
	    0
	    0
	    0
	    0
	    0
	    0
	    0
  447	    3	 22.4	 23.4	 16.1	  3.7	 53.0	 43.7	1	    0
	    0
	    0
	    0
	    0
	    0
	    0
	    0
	    0
  456	    5	 32.0	 19.6	  9.7	  8.7	 59.9	 45.2	0	    0
	    0
  458	    3	 21.2	 23.0	 15.8	  3.5	 46.2	 85.7	1	    0
	    0
	    0
	    0
	    0
	    0
	    0
	    0
	    0
	    0
  468	    5	 24.2	 18.1	  9.0	  7.3	 24.7	 98.4	0	    0
	    0
	    0
  471	    3	 20.9	 23.5	 16.4	  3.5	 19.1	 44.1	0	    0
	    0
  473	    3	 20.8	 22.7	 15.6	  3.5	 35.4	 19.1	1	    0
	    0
	    0
	    0
	    0
	    0
	    0
	    0
	    0
	    0
	    0
	    0
	    0
	    0
	    0
	    0
	    0
	    0
	    0
	    0
	    0
	    0
	    0
	    0
	    0
	    0
	    0
	    0
	    0
	    0
	    0
	    0
	    0
	    0
	    0
	    0
	    0
	    0
	    0
	    0
  513	    3	 22.9	 23.8	 16.4	  3.7	 58.9	  4.6	0	    0
	    0
	    0
	    0
  517	    3	 23.0	 23.8	 16.3	  3.7	 47.1	 63.4	0	    0
	    0
	    0
	    0
	    0
	    0
	    0
  524	    3	 21.9	 23.0	 15.7	  3.6	 36.4	 79.1	0	    0
	    0
  526	    3	 22.7	 24.1	 16.6	  3.7	 50.3	 93.1	0	    0
	    0
  528	    3	 23.1	 24.1	 16.6	  3.7	 17.8	 31.9	1	    0
	    0
	    0
	    0
	    0
	    0
	    0
	    0
  536	    3	 24.6	 24.6	 16.9	  3.9	 58.0	 39.1	0	    0
	    0
	    0
  539	    3	 22.4	 23.9	 16.5	  3.7	 12.4	 63.3	1	    0
	    0
	    0
	    0
	    0
	    0
	    0
	    0
	    0
	    0
	    0
	    0
	    0
	    0
	    0
	    0
	    0
  556	    5	 30.3	 19.4	  9.7	  8.4	 69.8	 39.2	0	    0
	    0
	    0
	    0
	    0
	    0
	    0
  563	    3	 22.1	 23.9	 16.6	  3.6	 39.8	 93.9	0	    0
  564	    3	 22.8	 24.1	 16.6	  3.7	 50.4	 16.1	0	    0
	    0
	    0
	    0
	    0
	    0
	    0
	    0
  572	    5	 30.1	 19.3	  9.6	  8.4	 33.5	 29.5	0	    0
	    0
	    0
	    0
	    0
	    0
	    0
	    0
  580	    3	 21.4	 23.5	 16.3	  3.5	 90.9	 37.8	1	    0
	    0
	    0
	    0
	    0
	    0
  586	    5	 25.6	 18.5	  9.2	  7.5	 93.1	 78.7	0	    0
  587	    5	 28.5	 18.9	  9.4	  8.1	 80.3	 56.3	0	    0
	    0
	    0
	    0
	    0
	    0
	    0
	    0
	    0
	    0
	    0
	    0
	    0
	    0
	    0
	    0
  603	    3	 24.6	 24.5	 16.8	  3.9	 55.9	 84.7	0	    0
	    0
	    0
  606	    5	 28.4	 18.7	  9.3	  8.1	 33.0	 53.4	0	    0
  607	    3	 26.6	 24.9	 17.0	  4.2	 41.5	 71.0	0	    0
	    0
	    0
	    0
	    0
	    0
	    0
	    0
	    0
	    0
  617	    3	 20.1	 23.0	 16.1	  3.4	 81.0	 99.1	1	    0
  618	    3	 22.8	 23.9	 16.5	  3.7	 27.7	  2.7	1	    0
	    0
	    0
	    0
	    0
	    0
	    0
	    0
	    0
	    0
	    0
	    0
	    0
	    0
  632	    3	 24.0	 24.3	 16.7	  3.9	 56.6	 50.2	0	    0
	    0
	    0
	    0
  636	    5	 28.2	 19.4	  9.7	  8.0	  7.1	 66.0	0	    0
	    0
	    0
  639	    3	 23.9	 24.4	 16.8	  3.8	 81.0	 71.1	0	    0
	    0
	    0
	    0
	    0
	    0
  645	    3	 23.5	 24.1	 16.5	  3.8	 73.1	 48.1	0	    0
	    0
  647	    3	 23.2	 24.0	 16.5	  3.8	 74.4	 44.9	0	    0
	    0
	    0
	    0
	    0
	    0
	    0
	    0
	    0
	    0
	    0
	    0
	    0
	    0
	    0
	    0
  663	    5	 29.3	 19.0	  9.4	  8.3	 34.4	 47.5	0	    0
	    0
	    0
	    0
	    0
	    0
	    0
	    0
	    0
	    0
	    0
	    0
	    0
	    0
	    0
	    0
  679	    3	 22.8	 24.2	 16.8	  3.7	 31.2	 83.1	0	    0
	    0
  681	    5	 33.2	 20.1	 10.0	  8.9	 64.0	 46.2	1	    0
	    0
  683	    3	 21.9	 23.7	 16.4	  3.6	  6.1	 55.6	0	    0
	    0
	    0
	    0
	    0
	    0
  689	    3	 21.8	 23.1	 15.9	  3.6	 77.6	 19.1	1	    0
	    0
	    0
	    0
	    0
	    0
	    0
	    0
	    0
	    0
	    0
	    0
	    0
	    0
	    0
	    0
	    0
  706	    3	 20.5	 23.1	 16.1	  3.4	 40.6	 48.9	1	    0
	    0
	    0
	    0
	    0
  711	    3	 24.8	 24.7	 16.9	  3.9	 32.4	 25.7	0	    0
	    0
	    0
	    0
	    0
	    0
	    0
	    0
	    0
	    0
	    0
	    0
	    0
	    0
  725	    5	 29.1	 18.8	  9.3	  8.3	 19.6	 50.8	0	    0
	    0
	    0
  728	    3	 22.7	 24.1	 16.7	  3.7	 77.0	 64.4	0	    0
	    0
	    0
  731	    5	 27.4	 18.8	  9.3	  7.9	 92.2	 54.1	0	    0
	    0
	    0
	    0
	    0
	    0
	    0
  738	    5	 30.5	 19.1	  9.5	  8.5	 12.4	 80.2	0	    0
	    0
  740	    3	 24.9	 24.5	 16.8	  4.0	 72.9	 88.0	0	    0
  741	    3	 26.0	 24.9	 17.0	  4.1	 25.1	 11.8	0	    0
  742	    5	 31.1	 19.4	  9.7	  8.6	 54.6	 77.6	0	    0
	    0
  744	    3	 24.8	 24.8	 17.1	  3.9	 16.1	 13.9	0	    0
	    0
	    0
	    0
	    0
	    0
	    0
	    0
	    0
  753	    3	 27.9	 25.5	 17.3	  4.3	 47.1	 60.5	0	    0
	    0
	    0
	    0
	    0
	    0
	    0
	    0
	    0
	    0
	    0
	    0
	    0
	    0
	    0
	    0
	    0
	    0
	    0
	    0
	    0
	    0
	    0
	    0
	    0
	    0
	    0
  780	    5	 27.4	 18.7	  9.3	  7.9	 30.6	 27.0	0	    0
  781	    3	 20.3	 23.3	 16.4	  3.4	 36.8	 52.9	1	    0
	    0
	    0
  784	    3	 22.8	 23.9	 16.4	  3.7	  8.3	 56.8	0	    0
	    0
	    0
	    0
	    0
  789	    5	 27.6	 18.7	  9.2	  8.0	 58.2	  9.8	0	    0
	    0
	    0
	    0
	    0
	    0
	    0
	    0
  797	    3	 26.7	 25.1	 17.1	  4.2	 62.7	 21.7	0	    0
	    0
	    0
  800	    5	 26.0	 18.5	  9.2	  7.6	 58.5	 70.5	0	    0
	    0
	    0
	    0
	    0
	    0
	    0
	    0
	    0
	    0
	    0
	    0
	    0
  813	    5	 31.0	 19.4	  9.7	  8.5	  6.4	 93.4	0	    0
	    0
	    0
	    0
  817	    3	 27.0	 25.3	 17.2	  4.2	 61.5	  2.7	0	    0
	    0
	    0
  820	    3	 20.6	 23.0	 16.0	  3.5	 79.7	 13.2	0	    0
	    0
	    0
	    0
	    0
	    0
	    0
	    0
	    0
	    0
	    0
	    0
	    0
	    0
	    0
	    0
	    0
	    0
	    0
	    0
	    0
	    0
	    0
	    0
	    0
	    0
	    0
	    0
	    0
	    0
	    0
	    0
  852	    3	 22.6	 23.6	 16.2	  3.7	 39.2	 27.2	0	    0
	    0
	    0
	    0
	    0
	    0
	    0
	    0
	    0
	    0
	    0
	    0
	    0
	    0
	    0
	    0
	    0
  869	    3	 21.7	 23.6	 16.4	  3.6	 81.5	 34.7	0	    0
  870	    3	 23.6	 24.4	 16.8	  3.8	 45.6	 76.8	0	    0
	    0
	    0
	    0
	    0
	    0
  876	    5	 28.3	 19.2	  9.5	  8.0	 20.9	 74.2	0	    0
	    0
	    0
	    0
  880	    5	 24.9	 18.4	  9.1	  7.4	 28.4	 77.6	0	    0
	    0
	    0
	    0
	    0
	    0
	    0
	    0
	    0
	    0
  890	    3	 24.3	 24.4	 16.7	  3.9	 19.1	 40.5	0	    0
	    0
	    0
	    0
	    0
	    0
	    0
	    0
	    0
  899	    3	 24.9	 24.4	 16.6	  4.0	 42.8	 47.1	1	    0
	    0
	    0
  902	    3	 21.8	 23.4	 16.2	  3.6	 19.2	 76.9	0	    0
	    0
	    0
	    0
  906	    3	 21.7	 23.2	 16.0	  3.6	  1.2	 57.0	0	    0
	    0
	    0
	    0
	    0
	    0
  912	    3	 22.9	 24.0	 16.6	  3.7	 41.5	 41.8	0	    0
	    0
	    0
  915	    3	 24.9	 24.7	 16.9	  4.0	 76.4	 99.2	0	    0
	    0
  917	    3	 25.2	 24.7	 16.9	  4.0	 68.5	 67.3	0	    0
  918	    3	 22.6	 23.6	 16.2	  3.7	 58.4	 45.8	0	    0
  919	    3	 22.2	 23.5	 16.1	  3.7	 49.4	 31.9	0	    0
	    0
	    0
	    0
  923	    3	 23.2	 24.2	 16.7	  3.8	 89.4	 27.4	1	    0
	    0
	    0
	    0
	    0
	    0
	    0
  930	    5	 26.7	 18.8	  9.3	  7.7	 72.7	 20.6	1	    0
	    0
	    0
	    0
	    0
  935	    5	 26.7	 18.7	  9.3	  7.8	 84.8	 50.7	0	    0
	    0
	    0
	    0
	    0
	    0
	    0
	    0
	    0
	    0
	    0
	    0
	    0
	    0
	    0
	    0
	    0
  952	    3	 22.7	 24.0	 16.6	  3.7	 50.9	 88.2	0	    0
  953	    5	 27.4	 18.7	  9.3	  7.9	 79.6	 38.5	0	    0
	    0
  955	    3	 23.8	 24.4	 16.8	  3.8	 59.5	 18.0	0	    0
	    0
	    0
	    0
	    0
	    0
	    0
	    0
	    0
	    0
  965	    5	 29.6	 19.3	  9.6	  8.3	 21.8	 16.6	0	    0
  966	    3	 25.4	 24.8	 17.0	  4.0	 77.3	  7.6	0	    0
  967	    5	 29.0	 18.9	  9.4	  8.2	 95.8	 30.6	0	    0
	    0
	    0
	    0
	    0
	    0
	    0
	    0
  975	    3	 23.5	 24.1	 16.5	  3.8	 48.0	 47.2	0	    0
	    0
	    0
	    0
	    0
	    0
	    0
  982	    3	 29.3	 25.9	 17.6	  4.5	 86.8	 60.4	0	    0
	    0
	    0
  985	    3	 25.4	 24.8	 16.9	  4.0	 59.9	 56.5	1	    0
	    0
	    0
	    0
  989	    3	 25.1	 24.6	 16.8	  4.0	 68.9	 39.0	1	    0
	    0
	    0
  992	    3	 24.7	 24.4	 16.7	  3.9	 42.6	 23.4	0	    0
	    0
	    0
	    0
	    0
	    0
	    0
  999	    5	 31.5	 19.1	  9.5	  8.7	 71.1	 77.7	0	    0
	    0
	    0
 1002	    3	 23.5	 24.0	 16.4	  3.8	 74.1	 73.0	0	    0
	    0
	    0
	    0
	    0
	    0
	    0
	    0
	    0
 1011	    3	 22.8	 24.1	 16.7	  3.7	 31.7	 78.9	0	    0
	    0
	    0
	    0
	    0
 1016	    3	 23.7	 24.3	 16.7	  3.8	 53.5	 55.8	0	    0
 1017	    3	 25.5	 24.8	 17.0	  4.0	 90.5	 67.4	0	    0
	    0
 1019	    3	 22.7	 23.8	 16.4	  3.7	 58.1	 31.4	0	    0
 1020	    3	 20.9	 23.1	 16.0	  3.5	 53.3	 32.0	1	    0
	    0
	    0
	    0
	    0
	    0
	    0
 1027	    3	 25.5	 24.8	 17.0	  4.0	 86.8	 79.1	1	    0
	    0
	    0
	    0
	    0
 1032	    5	 30.8	 19.3	  9.6	  8.5	 69.7	 25.5	0	    0
	    0
	    0
 1035	    3	 24.1	 24.4	 16.8	  3.9	 19.0	 79.1	1	    0
 1036	    5	 23.6	 18.1	  9.0	  7.1	 24.3	 74.2	0	    0
 1037	    3	 22.1	 23.7	 16.4	  3.6	 96.8	 43.3	0	    0
	    0
	    0
	    0
	    0
 1042	    3	 20.7	 22.8	 15.7	  3.5	 81.7	  1.0	1	    0
 1043	    3	 21.4	 23.2	 16.0	  3.6	 32.5	 78.2	0	    0
	    0
	    0
	    0
	    0
	    0
	    0
 1050	    5	 29.9	 19.1	  9.5	  8.4	 35.2	 25.9	0	    0
 1051	    5	 29.3	 19.0	  9.4	  8.3	 33.7	 87.6	0	    0
	    0
	    0
	    0
	    0
	    0
 1057	    3	 24.4	 23.7	 16.0	  3.9	 11.3	 58.3	0	    0
	    0
	    0
	    0
	    0
	    0
	    0
	    0
	    0
	    0
 1067	    3	 22.0	 23.7	 16.4	  3.6	  2.6	 72.7	1	    0
	    0
	    0
	    0
	    0
	    0
 1073	    3	 26.1	 25.0	 17.1	  4.1	 12.6	 47.7	0	    0
	    0
	    0
	    0
	    0
 1078	    5	 29.0	 18.9	  9.4	  8.2	 60.6	 92.3	0	    0
	    0
 1080	    3	 23.3	 24.3	 16.8	  3.8	 93.8	 57.2	0	    0
	    0
	    0
	    0
 1084	    5	 27.8	 18.6	  9.2	  8.0	 88.1	 49.4	1	    0
	    0
	    0
	    0
	    0
	    0
	    0
	    0
	    0
	    0
	    0
	    0
	    0
	    0
	    0
 1099	    3	 22.3	 23.8	 16.4	  3.6	 97.3	 29.2	0	    0
 1100	    5	 28.2	 19.0	  9.4	  8.0	 13.0	 30.1	0	    0
	    0
	    0
	    0
	    0
	    0
	    0
	    0
 1108	    3	 23.9	 24.4	 16.8	  3.8	 52.8	 75.5	1	    0
	    0
	    0
	    0
	    0
	    0
 1114	    3	 22.3	 23.7	 16.3	  3.7	 34.9	 21.4	0	    0
	    0
	    0
	    0
	    0
	    0
	    0
	    0
	    0
	    0
 1124	    3	 24.5	 24.4	 16.7	  3.9	 93.4	  3.5	0	    0
 1125	    5	 27.3	 18.9	  9.4	  7.9	 68.7	 43.6	0	    0
	    0
	    0
	    0
	    0
	    0
	    0
	    0
	    0
	    0
	    0
	    0
	    0
	    0
	    0
	    0
	    0
	    0
 1143	    3	 23.6	 24.3	 16.7	  3.8	 89.1	 93.1	1	    0
	    0
	    0
	    0
	    0
	    0
	    0
	    0
	    0
 1152	    3	 25.0	 24.2	 16.4	  4.0	 98.3	  2.9	1	    0
	    0
	    0
	    0
	    0
	    0
 1158	    5	 23.5	 18.2	  9.0	  7.1	 65.9	 67.2	0	    0
	    0
 1160	    3	 23.8	 24.3	 16.7	  3.8	 86.9	 63.7	1	    0
	    0
	    0
	    0
	    0
	    0
	    0
	    0
	    0
	    0
 1170	    3	 24.2	 24.5	 16.8	  3.9	 89.8	 82.2	0	    0
 1171	    3	 24.7	 24.5	 16.8	  3.9	 77.8	 17.7	0	    0
 1172	    3	 25.3	 24.6	 16.8	  4.0	 64.9	 53.6	0	    0
 1173	    5	 30.3	 19.2	  9.5	  8.4	 40.7	 26.0	0	    0
	    0
	    0
	    0
	    0
	    0
	    0
 1180	    3	 25.4	 24.9	 17.0	  4.0	 10.9	 56.1	0	    0
	    0
	    0
	    0
	    0
 1185	    3	 26.4	 25.2	 17.2	  4.1	 24.4	 30.5	0	    0
 1186	    3	 23.5	 24.3	 16.7	  3.8	 24.7	 63.6	0	    0
	    0
	    0
	    0
	    0
	    0
	    0
	    0
	    0
	    0
	    0
	    0
	    0
	    0
	    0
	    0
	    0
	    0
	    0
 1205	    5	 28.2	 19.1	  9.5	  8.0	 29.9	 57.0	0	    0
	    0
	    0
	    0
 1209	    5	 25.3	 18.4	  9.1	  7.5	 52.2	 26.5	0	    0
	    0
	    0
	    0
	    0
	    0
 1215	    3	 24.2	 24.3	 16.7	  3.9	 14.4	 28.9	0	    0
	    0
	    0
	    0
	    0
 1220	    3	 19.6	 22.9	 16.1	  3.3	 56.6	 58.3	1	    0
	    0
	    0
 1223	    3	 22.9	 23.2	 15.8	  3.8	 76.9	 77.4	0	    0
	    0
	    0
	    0
	    0
	    0
	    0
	    0
	    0
	    0
	    0
 1234	    5	 31.6	 19.7	  9.8	  8.6	 63.9	  8.8	0	    0
 1235	    3	 23.0	 24.0	 16.5	  3.7	  1.4	 67.3	0	    0
	    0
	    0
	    0
	    0
	    0
	    0
	    0
	    0
	    0
	    0
	    0
	    0
	    0
	    0
	    0
	    0
	    0
	    0
 1254	    3	 20.6	 22.9	 15.9	  3.5	 74.0	 28.4	0	    0
	    0
	    0
 1257	    3	 21.5	 23.6	 16.4	  3.5	 78.6	  6.6	1	    0
	    0
	    0
	    0
	    0
	    0
	    0
	    0
	    0
 1266	    3	 23.5	 24.5	 16.9	  3.8	 18.7	 53.1	1	    0
	    0
	    0
	    0
	    0
	    0
	    0
	    0
	    0
	    0
	    0
 1277	    3	 24.6	 24.2	 16.5	  3.9	  5.4	 97.3	0	    0
	    0
	    0
	    0
	    0
	    0
	    0
	    0
	    0
	    0
	    0
	    0
 1289	    5	 27.5	 18.9	  9.4	  7.9	  1.5	 71.2	0	    0
 1290	    5	 26.9	 18.6	  9.2	  7.8	 70.4	 13.3	0	    0
	    0
 1292	    5	 27.3	 19.0	  9.4	  7.8	 36.2	 11.4	0	    0
 1293	    5	 27.1	 18.6	  9.2	  7.9	 39.6	 83.8	0	    0
	    0
 1295	    3	 25.1	 24.7	 16.9	  4.0	 75.3	 75.8	1	    0
	    0
	    0
	    0
 1299	    3	 26.0	 25.0	 17.0	  4.1	 33.8	 51.0	1	    0
 1300	    5	 25.5	 18.6	  9.2	  7.5	 68.4	 82.3	0	    0
	    0
	    0
	    0
 1304	    5	 28.7	 19.2	  9.5	  8.1	 31.7	 98.3	0	    0
	    0
	    0
	    0
 1308	    3	 26.2	 25.1	 17.1	  4.1	 43.2	 15.6	0	    0
	    0
 1310	    5	 29.6	 19.4	  9.7	  8.3	 48.0	 13.9	0	    0
	    0
	    0
	    0
	    0
	    0
	    0
	    0
 1318	    3	 24.0	 24.2	 16.5	  3.9	 60.3	 16.0	0	    0
	    0
	    0
	    0
	    0
	    0
	    0
	    0
	    0
 1327	    5	 28.7	 19.0	  9.4	  8.1	 12.6	 20.2	0	    0
 1328	    5	 31.1	 19.3	  9.6	  8.6	 28.4	 68.7	0	    0
	    0
	    0
	    0
	    0
	    0
	    0
	    0
	    0
	    0
	    0
 1339	    3	 25.9	 25.0	 17.1	  4.1	 93.7	 75.4	0	    0
	    0
	    0
	    0
	    0
	    0
	    0
	    0
 1347	    3	 22.4	 23.9	 16.5	  3.7	 43.4	 49.9	0	    0
	    0
 1349	    3	 25.0	 24.7	 16.9	  4.0	 83.0	 42.8	0	    0
	    0
	    0
	    0
	    0
	    0
	    0
	    0
	    0
	    0
	    0
 1360	    5	 29.5	 19.1	  9.5	  8.3	 15.6	 50.8	0	    0
	    0
	    0
	    0
	    0
	    0
 1366	    3	 21.7	 23.7	 16.5	  3.6	 88.4	 20.3	0	    0
	    0
	    0
	    0
	    0
	    0
	    0
 1373	    5	 27.5	 18.8	  9.3	  7.9	  5.9	 48.9	0	    0
	    0
 1375	    5	 27.8	 18.6	  9.2	  8.0	 47.2	 51.6	0	    0
	    0
	    0
 1378	    5	 27.9	 18.6	  9.2	  8.0	 59.4	  0.8	0	    0
	    0
	    0
	    0
	    0
	    0
	    0
	    0
	    0
	    0
	    0
	    0
	    0
	    0
	    0
	    0
	    0
	    0
	    0
	    0
	    0
	    0
 1400	    3	 25.2	 24.8	 17.0	  4.0	 30.6	 48.9	0	    0
	    0
	    0
	    0
	    0
 1405	    3	 21.5	 23.3	 16.1	  3.6	 81.6	 40.5	1	    0
 1406	    3	 24.9	 24.7	 16.9	  4.0	 49.8	 21.5	0	    0
	    0
	    0
	    0
	    0
	    0
	    0
 1413	    3	 22.5	 24.0	 16.6	  3.7	 44.4	 69.1	0	    0
	    0
 1415	    3	 25.5	 24.9	 17.0	  4.0	 79.7	 87.1	0	    0
	    0
	    0
	    0
	    0
	    0
	    0
	    0
	    0
	    0
	    0
 1426	    5	 27.6	 19.0	  9.4	  7.9	 28.8	 50.2	0	    0
	    0
	    0
	    0
	    0
	    0
	    0
	    0
	    0
	    0
	    0
 1437	    3	 23.6	 24.0	 16.4	  3.8	 22.2	 70.5	0	    0
	    0
	    0
	    0
	    0
	    0
 1443	    5	 27.4	 18.6	  9.2	  7.9	 49.3	 91.8	0	    0
	    0
	    0
	    0
	    0
	    0
	    0
	    0
	    0
	    0
 1453	    3	 22.5	 24.0	 16.6	  3.7	 64.8	 80.1	0	    0
	    0
 1455	    5	 24.2	 17.9	  8.9	  7.3	 34.4	 50.6	0	    0
	    0
 1457	    5	 27.0	 18.9	  9.4	  7.8	 67.5	 89.8	0	    0
	    0
	    0
	    0
 1461	    5	 28.4	 18.5	  9.2	  8.2	 35.3	 17.8	0	    0
	    0
 1463	    5	 29.0	 19.0	  9.5	  8.2	 40.7	 41.2	1	    0
 1464	    3	 22.2	 23.8	 16.5	  3.6	 22.9	 88.4	0	    0
 1465	    3	 21.0	 23.5	 16.3	  3.5	 70.9	 63.0	1	    0
	    0
	    0
	    0
	    0
	    0
	    0
	    0
	    0
	    0
	    0
	    0
 1477	    5	 23.9	 18.1	  9.0	  7.2	 85.4	 64.9	0	    0
	    0
	    0
	    0
	    0
	    0
	    0
	    0
 1485	    5	 27.6	 19.1	  9.5	  7.9	 94.8	 38.0	0	    0
	    0
	    0
	    0
	    0
	    0
 1491	    5	 30.3	 19.0	  9.4	  8.5	 12.4	 69.0	0	    0
	    0
	    0
	    0
	    0
	    0
	    0
 1498	    3	 27.7	 25.4	 17.3	  4.3	 55.4	 40.5	0	    0
 1499	    3	 22.8	 23.6	 16.1	  3.7	 67.7	 19.7	0	    0
 1500	    5	 25.9	 18.6	  9.2	  7.6	 26.9	 79.5	0	    0
	    0
	    0
	    0
	    0
 1505	    3	 22.4	 23.8	 16.4	  3.7	 97.2	 44.4	0	    0
	    0
	    0
	    0
 1509	    5	 26.3	 18.6	  9.2	  7.7	 57.3	 97.0	0	    0
 1510	    3	 23.3	 24.1	 16.5	  3.8	 79.5	 52.6	0	    0
	    0
	    0
	    0
	    0
	    0
	    0
	    0
	    0
 1519	    3	 24.1	 24.5	 16.8	  3.9	 72.6	 54.8	0	    0
 1520	    3	 25.2	 24.5	 16.7	  4.0	 65.3	  1.2	0	    0
	    0
	    0
	    0
	    0
	    0
	    0
	    0
	    0
	    0
	    0
 1531	    3	 24.7	 24.5	 16.7	  3.9	 84.6	 83.1	0	    0
	    0
	    0
	    0
	    0
 1536	    3	 25.0	 24.4	 16.6	  4.0	 71.8	  5.0	0	    0
	    0
	    0
	    0
 1540	    3	 25.3	 24.9	 17.0	  4.0	 83.1	 86.0	0	    0
	    0
 1542	    5	 27.1	 19.2	  9.5	  7.8	 90.8	 48.3	0	    0
	    0
 1544	    3	 21.0	 23.4	 16.3	  3.5	 59.0	 48.9	0	    0
	    0
	    0
	    0
	    0
	    0
	    0
	    0
	    0
 1553	    5	 30.1	 19.4	  9.6	  8.4	 31.3	 59.6	1	    0
	    0
	    0
	    0
	    0
	    0
	    0
 1560	    5	 27.1	 18.6	  9.2	  7.9	 70.3	 84.5	1	    0
	    0
	    0
	    0
	    0
	    0
	    0
	    0
	    0
	    0
	    0
	    0
	    0
	    0
 1574	    3	 23.4	 24.2	 16.7	  3.8	 82.0	 90.0	0	    0
	    0
	    0
 1577	    3	 25.1	 24.6	 16.8	  4.0	 63.2	  0.6	0	    0
	    0
	    0
	    0
	    0
	    0
	    0
	    0
	    0
	    0
 1587	    5	 29.8	 19.2	  9.5	  8.4	 74.4	 36.3	0	    0
	    0
	    0
	    0
	    0
 1592	    5	 28.5	 19.3	  9.6	  8.0	 68.5	 79.0	0	    0
	    0
	    0
	    0
	    0
	    0
	    0
	    0
	    0
	    0
	    0
 1603	    3	 23.6	 24.3	 16.8	  3.8	 46.3	 23.8	0	    0
	    0
	    0
	    0
 1607	    3	 21.8	 23.4	 16.1	  3.6	 72.5	 67.3	0	    0
 1608	    3	 20.8	 23.7	 16.7	  3.5	 73.1	 60.0	1	    0
	    0
	    0
	    0
	    0
 1613	    5	 30.8	 19.3	  9.6	  8.5	  5.1	 37.9	0	    0
	    0
	    0
	    0
	    0
	    0
	    0
	    0
	    0
	    0
	    0
	    0
	    0
 1626	    3	 24.9	 24.7	 16.9	  4.0	 64.0	 39.0	0	    0
	    0
 1628	    5	 29.8	 19.2	  9.5	  8.3	 43.5	 86.1	0	    0
	    0
	    0
	    0
	    0
	    0
 1634	    3	 25.3	 24.7	 16.8	  4.0	 69.9	  9.8	0	    0
	    0
	    0
	    0
	    0
	    0
	    0
	    0
	    0
	    0
	    0
	    0
	    0
	    0
	    0
	    0
	    0
	    0
	    0
	    0
	    0
	    0
	    0
	    0
	    0
	    0
 1660	    5	 28.3	 18.8	  9.4	  8.1	 32.9	 56.9	0	    0
	    0
	    0
	    0
 1664	    3	 26.5	 25.2	 17.2	  4.1	 83.3	 36.5	1	    0
 1665	    3	 24.8	 24.4	 16.7	  4.0	 74.8	 25.9	0	    0
	    0
 1667	    5	 29.4	 19.3	  9.6	  8.2	 78.2	 82.8	0	    0
	    0
 1669	    3	 21.8	 23.0	 15.8	  3.6	 79.0	 74.2	0	    0
 1670	    5	 23.7	 18.0	  8.9	  7.2	 28.9	 51.5	1	    0
	    0
	    0
	    0
	    0
 1675	    5	 27.0	 18.7	  9.3	  7.8	 51.8	 79.3	0	    0
	    0
	    0
	    0
	    0
 1680	    3	 25.5	 24.9	 17.1	  4.0	 26.8	 36.7	1	    0
	    0
 1682	    5	 28.6	 19.1	  9.5	  8.1	 86.1	  1.3	0	    0
 1683	    3	 25.2	 24.7	 16.8	  4.0	 81.6	 42.3	0	    0
	    0
	    0
	    0
	    0
	    0
 1689	    3	 22.7	 24.1	 16.7	  3.7	 78.0	 93.2	0	    0
	    0
	    0
	    0
	    0
	    0
 1695	    3	 21.7	 23.5	 16.2	  3.6	 27.8	 53.9	0	    0
	    0
	    0
	    0
	    0
	    0
 1701	    3	 23.1	 24.2	 16.7	  3.7	 13.3	 41.0	0	    0
	    0
 1703	    5	 28.4	 19.0	  9.4	  8.1	 40.0	 19.6	0	    0
	    0
	    0
	    0
	    0
	    0
	    0
	    0
 1711	    3	 24.2	 24.6	 16.9	  3.9	 58.5	 22.3	1	    0
 1712	    5	 27.1	 18.7	  9.3	  7.8	 56.8	 93.6	1	    0
	    0
	    0
	    0
	    0
	    0
	    0
	    0
	    0
	    0
 1722	    3	 22.7	 23.3	 15.8	  3.7	 68.1	 89.3	0	    0
	    0
	    0
 1725	    3	 23.6	 24.3	 16.7	  3.8	 69.7	 88.6	0	    0
	    0
	    0
 1728	    3	 25.0	 24.8	 17.0	  4.0	 28.9	 46.4	0	    0
	    0
	    0
	    0
 1732	    5	 28.6	 18.9	  9.4	  8.1	 25.8	 77.2	0	    0
	    0
	    0
	    0
	    0
 1737	    3	 23.5	 24.5	 17.0	  3.8	 66.7	 52.6	0	    0
	    0
	    0
	    0
	    0
	    0
	    0
	    0
	    0
	    0
	    0
 1748	    3	 23.6	 24.2	 16.6	  3.8	 60.3	 10.9	0	    0
	    0
	    0
	    0
 1752	    5	 28.7	 18.9	  9.4	  8.2	 96.2	 33.3	0	    0
	    0
 1754	    3	 21.3	 23.3	 16.1	  3.5	  3.7	 82.1	0	    0
	    0
	    0
	    0
	    0
 1759	    5	 27.7	 19.0	  9.4	  7.9	 43.7	 15.0	0	    0
 1760	    3	 24.4	 24.4	 16.7	  3.9	 65.6	 71.3	0	    0
	    0
	    0
	    0
	    0
	    0
	    0
	    0
	    0
	    0
	    0
	    0
	    0
	    0
 1774	    3	 27.7	 25.3	 17.2	  4.3	 24.7	 85.0	0	    0
	    0
	    0
 1777	    3	 22.1	 23.9	 16.6	  3.6	 65.0	 56.2	0	    0
 1778	    5	 27.6	 18.6	  9.2	  8.0	 18.3	 69.1	0	    0
	    0
	    0
	    0
	    0
	    0
	    0
 1785	    5	 29.7	 19.2	  9.5	  8.3	 65.9	  1.1	0	    0
	    0
	    0
 1788	    3	 22.5	 24.0	 16.6	  3.7	 52.8	 30.9	0	    0
	    0
	    0
	    0
	    0
	    0
	    0
	    0
	    0
	    0
	    0
	    0
	    0
	    0
	    0
	    0
	    0
	    0
	    0
	    0
	    0
	    0
	    0
	    0
	    0
	    0
	    0
	    0
	    0
	    0
	    0
 1819	    3	 23.1	 24.2	 16.7	  3.7	 82.7	 56.9	1	    0
	    0
	    0
	    0
	    0
 1824	    3	 18.5	 22.0	 15.4	  3.2	 45.9	 24.5	1	    0
 1825	    3	 23.1	 24.1	 16.6	  3.7	 75.3	 89.0	0	    0
	    0
	    0
	    0
	    0
	    0
	    0
	    0
	    0
	    0
	    0
	    0
	    0
	    0
	    0
	    0
	    0
	    0
	    0
	    0
	    0
	    0
	    0
	    0
	    0
	    0
 1851	    5	 29.3	 19.1	  9.5	  8.3	 34.3	 94.0	0	    0
	    0
	    0
	    0
	    0
	    0
	    0
	    0
	    0
	    0
 1861	    3	 21.3	 23.5	 16.4	  3.5	 21.0	 11.4	0	    0
	    0
	    0
	    0
	    0
	    0
	    0
 1868	    3	 21.7	 23.9	 16.7	  3.6	 41.9	 33.4	0	    0
 1869	    3	 23.7	 24.3	 16.7	  3.8	 60.3	 89.5	0	    0
	    0
	    0
	    0
	    0
	    0
 1875	    3	 23.7	 24.4	 16.8	  3.8	 96.3	 38.7	0	    0
 1876	    3	 26.6	 25.1	 17.1	  4.2	 74.9	 11.3	0	    0
	    0
	    0
 1879	    3	 22.0	 23.9	 16.6	  3.6	 73.4	 48.1	0	    0
 1880	    5	 27.2	 18.8	  9.3	  7.8	 93.8	 92.4	0	    0
	    0
 1882	    5	 26.8	 18.8	  9.3	  7.8	 54.3	 68.6	0	    0
	    0
	    0
	    0
	    0
	    0
 1888	    3	 23.7	 24.4	 16.8	  3.8	 82.0	 88.2	0	    0
	    0
 1890	    3	 27.3	 25.3	 17.2	  4.2	 70.8	 93.9	0	    0
	    0
	    0
	    0
	    0
	    0
	    0
	    0
	    0
	    0
 1900	    3	 23.3	 24.3	 16.8	  3.8	 17.2	 99.0	0	    0
	    0
	    0
	    0
	    0
	    0
	    0
 1907	    3	 20.3	 23.2	 16.3	  3.4	 99.0	 88.2	0	    0
 1908	    3	 24.1	 24.5	 16.8	  3.9	 72.9	 39.8	0	    0
 1909	    5	 25.7	 18.6	  9.2	  7.5	 65.7	 79.2	0	    0
	    0
	    0
	    0
	    0
	    0
	    0
 1916	    3	 21.9	 23.4	 16.1	  3.6	 66.4	 64.0	0	    0
	    0
	    0
	    0
	    0
	    0
	    0
	    0
	    0
	    0
	    0
	    0
	    0
	    0
 1930	    5	 29.5	 19.3	  9.6	  8.3	 18.0	 84.4	0	    0
	    0
	    0
	    0
 1934	    3	 26.3	 25.2	 17.3	  4.1	 48.5	 71.6	0	    0
	    0
	    0
 1937	    3	 25.1	 24.7	 16.9	  4.0	 13.1	 55.0	0	    0
	    0
	    0
	    0
	    0
	    0
	    0
	    0
	    0
	    0
	    0
	    0
	    0
	    0
	    0
	    0
 1953	    5	 28.8	 18.9	  9.4	  8.2	 29.6	  1.9	1	    0
	    0
	    0
	    0
	    0
	    0
	    0
	    0
 1961	    5	 29.3	 19.1	  9.5	  8.3	 52.6	 92.8	0	    0
	    0
	    0
	    0
 1965	    3	 25.0	 24.7	 16.9	  4.0	  9.7	  5.4	0	    0
 1966	    5	 31.4	 19.7	  9.8	  8.6	 66.8	 87.4	0	    0
	    0
	    0
	    0
	    0
	    0
	    0
	    0
	    0
	    0
	    0
	    0
	    0
 1979	    3	 22.8	 23.6	 16.2	  3.7	 57.0	 18.0	0	    0
	    0
	    0
	    0
	    0
	    0
	    0
 1986	    3	 22.5	 24.0	 16.6	  3.7	  8.9	 84.0	0	    0
 1987	    3	 20.9	 23.2	 16.1	  3.5	 22.7	 56.1	1	    0
	    0
	    0
	    0
 1991	    3	 21.5	 23.6	 16.4	  3.5	 99.4	 34.5	0	    0
	    0
	    0
 1994	    5	 24.7	 18.2	  9.0	  7.4	 74.9	 38.1	0	    0
	    0
	    0
	    0
	    0
	    0
	    0
	    0
	    0
	    0
	    0
 2005	    3	 23.4	 24.2	 16.7	  3.8	 92.6	  9.3	0	    0
 2006	    3	 23.5	 24.3	 16.7	  3.8	 33.4	 22.2	0	    0
	    0
	    0
	    0
	    0
	    0
 2012	    3	 23.0	 24.0	 16.6	  3.7	 21.9	  3.7	1	    0
	    0
	    0
 2015	    3	 21.4	 23.4	 16.2	  3.6	 28.0	 73.3	0	    0
 2016	    3	 22.4	 24.0	 16.7	  3.7	 16.0	 10.5	0	    0
	    0
 2018	    3	 21.9	 23.9	 16.6	  3.6	 79.2	 50.1	0	    0
	    0
	    0
	    0
	    0
	    0
	    0
	    0
	    0
 2027	    3	 27.2	 25.3	 17.2	  4.2	 35.7	 97.6	0	    0
	    0
	    0
	    0
	    0
	    0
	    0
	    0
	    0
 2036	    3	 26.7	 25.1	 17.1	  4.2	 69.9	 40.3	0	    0
	    0
 2038	    3	 25.7	 25.0	 17.1	  4.1	 22.0	 30.2	0	    0
	    0
 2040	    3	 25.0	 24.7	 16.9	  4.0	 53.1	 23.0	0	    0
 2041	    5	 25.3	 18.0	  8.9	  7.6	 49.3	 88.0	0	    0
	    0
 2043	    5	 30.3	 19.1	  9.5	  8.5	 22.3	 63.8	0	    0
	    0
	    0
	    0
 2047	    5	 28.5	 19.0	  9.4	  8.1	 89.0	 58.8	0	    0
 2048	    3	 22.2	 23.7	 16.4	  3.6	 20.8	 68.1	0	    0
 2049	    5	 26.9	 18.5	  9.2	  7.8	 12.2	 73.8	0	    0
	    0
	    0
 2052	    5	 33.9	 19.7	  9.8	  9.1	 80.6	 34.3	0	    0
	    0
	    0
	    0
	    0
	    0
	    0
	    0
	    0
	    0
	    0
 2063	    3	 22.1	 23.0	 15.7	  3.7	 46.0	 93.3	0	    0
	    0
 2065	    5	 30.1	 18.9	  9.4	  8.4	 74.3	 83.5	0	    0
	    0
	    0
	    0
	    0
	    0
 2071	    3	 25.9	 24.9	 17.0	  4.1	 26.8	 14.5	1	    0
	    0
	    0
	    0
 2075	    3	 21.0	 23.2	 16.1	  3.5	 98.0	 82.3	1	    0
	    0
	    0
	    0
 2079	    3	 22.1	 23.5	 16.2	  3.6	 87.4	 39.4	0	    0
	    0
	    0
	    0
	    0
	    0
	    0
	    0
	    0
	    0
	    0
	    0
 2091	    5	 29.2	 19.2	  9.6	  8.2	 47.1	 29.3	0	    0
	    0
	    0
	    0
	    0
	    0
	    0
	    0
	    0
	    0
	    0
	    0
	    0
	    0
	    0
	    0
	    0
	    0
	    0
	    0
	    0
	    0
	    0
	    0
	    0
	    0
	    0
	    0
 2119	    3	 23.9	 24.4	 16.8	  3.8	  8.2	 91.9	0	    0
	    0
 2121	    5	 25.9	 17.9	  8.8	  7.7	 14.8	  3.0	0	    0
	    0
	    0
	    0
	    0
	    0
 2127	    3	 23.7	 24.4	 16.8	  3.8	 12.2	 61.6	0	    0
	    0
	    0
	    0
 2131	    3	 23.1	 23.8	 16.3	  3.8	 80.3	 62.2	1	    0
	    0
	    0
	    0
 2135	    3	 23.2	 23.7	 16.2	  3.8	 69.5	  4.2	1	    0
	    0
	    0
 2138	    3	 20.4	 22.9	 15.9	  3.4	  0.1	 68.0	1	    0
	    0
	    0
 2141	    5	 27.5	 18.6	  9.2	  7.9	 80.2	 45.9	0	    0
	    0
	    0
	    0
	    0
	    0
	    0
	    0
	    0
	    0
	    0
	    0
	    0
	    0
	    0
	    0
	    0
	    0
	    0
	    0
	    0
	    0
 2163	    3	 22.5	 23.9	 16.5	  3.7	 38.0	  8.4	0	    0
	    0
	    0
	    0
	    0
	    0
	    0
	    0
	    0
	    0
	    0
	    0
	    0
	    0
	    0
	    0
	    0
	    0
	    0
	    0
	    0
	    0
	    0
	    0
	    0
	    0
	    0
	    0
	    0
 2192	    3	 21.6	 23.5	 16.3	  3.6	 22.7	 89.5	0	    0
	    0
 2194	    3	 22.8	 24.1	 16.6	  3.7	 93.0	 90.6	1	    0
	    0
 2196	    5	 29.1	 19.1	  9.5	  8.2	 20.5	 89.6	0	    0
	    0
 2198	    3	 21.2	 22.8	 15.7	  3.6	  4.3	 14.6	0	    0
	    0
	    0
	    0
	    0
	    0
	    0
	    0
 2206	    5	 26.0	 18.3	  9.0	  7.7	 90.6	 39.9	0	    0
 2207	    3	 24.5	 24.6	 16.9	  3.9	 80.5	 92.6	0	    0
	    0
	    0
	    0
 2211	    5	 30.3	 19.4	  9.6	  8.4	 25.2	 21.8	0	    0
	    0
	    0
	    0
	    0
	    0
	    0
	    0
	    0
	    0
	    0
	    0
	    0
 2224	    3	 23.2	 24.1	 16.6	  3.8	  0.6	 24.0	0	    0
	    0
	    0
	    0
	    0
	    0
 2230	    3	 22.3	 23.0	 15.6	  3.7	 89.2	 13.3	0	    0
	    0
	    0
	    0
	    0
	    0
	    0
	    0
	    0
	    0
	    0
 2241	    3	 25.7	 24.6	 16.7	  4.1	 94.1	 32.0	0	    0
	    0
 2243	    3	 22.2	 23.9	 16.6	  3.6	 54.8	  9.1	0	    0
 2244	    3	 24.4	 24.6	 16.9	  3.9	  8.1	 97.9	0	    0
	    0
 2246	    3	 21.8	 23.6	 16.4	  3.6	 93.7	 48.1	0	    0
 2247	    5	 30.0	 19.1	  9.5	  8.4	 47.1	 40.5	0	    0
	    0
	    0
	    0
 2251	    3	 23.4	 24.1	 16.6	  3.8	 89.6	 26.9	1	    0
	    0
	    0
	    0
	    0
	    0
	    0
	    0
	    0
	    0
	    0
	    0
	    0
	    0
	    0
	    0
	    0
	    0
	    0
	    0
	    0
	    0
	    0
	    0
 2275	    3	 23.0	 24.1	 16.6	  3.7	 93.6	  9.1	0	    0
	    0
	    0
 2278	    5	 29.2	 18.8	  9.3	  8.3	 41.6	 97.9	0	    0
	    0
	    0
	    0
	    0
	    0
 2284	    3	 22.9	 23.8	 16.4	  3.7	 13.1	 52.2	0	    0
	    0
 2286	    3	 21.4	 23.4	 16.3	  3.5	 31.8	 27.9	1	    0
	    0
 2288	    3	 25.6	 24.8	 16.9	  4.0	 77.7	 31.3	0	    0
	    0
 2290	    3	 24.6	 24.5	 16.8	  3.9	 44.9	 49.7	0	    0
	    0
	    0
	    0
	    0
	    0
	    0
	    0
	    0
	    0
	    0
	    0
	    0
	    0
	    0
	    0
	    0
	    0
	    0
	    0
 2310	    3	 20.7	 22.8	 15.7	  3.5	 83.3	 33.0	1	    0
	    0
 2312	    3	 21.5	 23.4	 16.2	  3.6	 66.5	 68.8	0	    0
	    0
	    0
	    0
	    0
 2317	    3	 22.3	 24.0	 16.6	  3.6	 26.0	 93.4	0	    0
	    0
	    0
	    0
	    0
	    0
 2323	    5	 26.7	 18.6	  9.2	  7.8	 12.8	 17.8	0	    0
	    0
	    0
 2326	    5	 31.1	 19.4	  9.6	  8.6	 87.6	 11.2	0	    0
 2327	    3	 21.3	 23.4	 16.2	  3.5	  0.9	  8.2	0	    0
	    0
 2329	    3	 24.6	 24.4	 16.7	  3.9	 65.8	 90.3	0	    0
	    0
	    0
 2332	    5	 32.1	 19.7	  9.8	  8.7	 50.0	 37.9	0	    0
	    0
	    0
	    0
	    0
	    0
	    0
 2339	    5	 29.4	 18.9	  9.4	  8.3	 39.8	 91.2	0	    0
 2340	    3	 25.1	 24.6	 16.8	  4.0	  9.7	 78.2	1	    0
	    0
	    0
	    0
	    0
	    0
	    0
	    0
	    0
	    0
 2350	    5	 31.2	 19.5	  9.7	  8.6	 54.0	 46.5	0	    0
	    0
	    0
 2353	    5	 27.6	 18.8	  9.3	  7.9	 62.3	  1.4	0	    0
 2354	    3	 23.2	 23.9	 16.4	  3.8	 47.0	 82.0	0	    0
 2355	    3	 23.0	 24.0	 16.5	  3.7	 37.0	 82.8	0	    0
	    0
	    0
	    0
	    0
	    0
	    0
	    0
	    0
	    0
	    0
	    0
	    0
	    0
	    0
	    0
	    0
	    0
	    0
 2374	    3	 24.9	 24.8	 17.0	  4.0	 68.1	 51.8	0	    0
 2375	    3	 25.1	 24.7	 16.9	  4.0	  2.5	 50.0	0	    0
	    0
	    0
	    0
	    0
	    0
	    0
	    0
	    0
	    0
 2385	    3	 23.7	 24.4	 16.8	  3.8	 13.8	 86.5	0	    0
	    0
	    0
	    0
	    0
	    0
	    0
	    0
	    0
	    0
	    0
	    0
	    0
	    0
	    0
	    0
	    0
	    0
	    0
	    0
 2405	    5	 30.6	 19.4	  9.7	  8.5	 31.6	 93.0	1	    0
	    0
	    0
 2408	    5	 30.8	 19.3	  9.6	  8.5	 75.3	 91.1	0	    0
	    0
	    0
	    0
	    0
	    0
 2414	    5	 29.9	 19.2	  9.5	  8.4	 64.7	 40.8	0	    0
 2415	    5	 27.1	 18.3	  9.1	  7.9	 73.6	  2.7	0	    0
	    0
	    0
	    0
 2419	    3	 20.5	 23.5	 16.5	  3.4	 84.0	 46.5	1	    0
	    0
	    0
	    0
	    0
	    0
	    0
	    0
 2427	    3	 21.3	 23.7	 16.5	  3.5	 87.8	 74.6	1	    0
	    0
	    0
	    0
	    0
	    0
	    0
	    0
 2435	    5	 29.4	 19.0	  9.4	  8.3	 89.9	 30.5	0	    0
	    0
	    0
	    0
 2439	    3	 26.3	 25.0	 17.1	  4.1	 53.9	 90.9	0	    0
	    0
	    0
 2442	    3	 22.1	 23.6	 16.3	  3.6	 99.2	 49.6	0	    0
	    0
	    0
	    0
	    0
	    0
	    0
 2449	    5	 25.1	 18.0	  8.9	  7.5	 21.2	 94.7	0	    0
	    0
	    0
	    0
	    0
 2454	    3	 21.2	 23.7	 16.6	  3.5	 81.2	 71.7	1	    0
 2455	    3	 20.6	 22.7	 15.7	  3.5	 88.3	  1.5	1	    0
	    0
	    0
	    0
 2459	    3	 23.7	 24.3	 16.7	  3.8	  8.1	 52.0	0	    0
	    0
	    0
 2462	    3	 22.5	 23.9	 16.5	  3.7	 63.1	 33.0	0	    0
	    0
	    0
 2465	    5	 27.0	 18.7	  9.3	  7.8	 63.9	 31.0	0	    0
	    0
 2467	    3	 25.6	 24.9	 17.0	  4.0	 67.9	 11.6	0	    0
	    0
	    0
	    0
	    0
	    0
	    0
 2474	    5	 27.2	 18.9	  9.4	  7.8	 77.8	 46.7	0	    0
	    0
	    0
	    0
 2478	    5	 26.9	 18.4	  9.1	  7.8	 56.0	 70.4	0	    0
	    0
	    0
	    0
 2482	    5	 24.5	 18.2	  9.0	  7.3	 52.1	 46.0	0	    0
	    0
	    0
	    0
	    0
	    0
	    0
	    0
	    0
	    0
 2492	    5	 30.3	 19.4	  9.7	  8.4	 46.8	 78.0	0	    0
	    0
	    0
	    0
	    0
	    0
	    0
	    0
	    0
	    0
	    0
	    0
 2504	    3	 23.9	 24.3	 16.7	  3.8	 49.2	  6.8	0	    0
	    0
	    0
	    0
	    0
	    0
	    0
	    0
	    0
	    0
	    0
	    0
	    0
	    0
 2518	    5	 30.5	 19.3	  9.6	  8.5	 20.1	 14.2	0	    0
	    0
 2520	    3	 23.3	 24.3	 16.7	  3.8	 59.8	 89.4	1	    0
	    0
	    0
	    0
 2524	    3	 22.6	 24.0	 16.6	  3.7	 48.2	 97.2	0	    0
	    0
	    0
	    0
	    0
 2529	    3	 22.7	 24.1	 16.7	  3.7	 55.2	 60.0	0	    0
	    0
	    0
 2532	    3	 22.3	 23.9	 16.5	  3.7	 92.3	 76.8	0	    0
	    0
	    0
	    0
 2536	    3	 24.4	 24.5	 16.8	  3.9	 31.4	 51.8	0	    0
	    0
 2538	    5	 28.5	 19.0	  9.4	  8.1	  6.5	 75.6	0	    0
	    0
	    0
 2541	    3	 26.5	 25.1	 17.1	  4.1	 15.1	 22.6	0	    0
 2542	    5	 28.2	 18.6	  9.2	  8.1	  4.5	 18.6	0	    0
	    0
	    0
	    0
 2546	    5	 33.4	 19.5	  9.7	  9.0	 49.8	 63.6	0	    0
	    0
	    0
	    0
 2550	    3	 26.0	 25.0	 17.0	  4.1	 73.2	 45.5	0	    0
	    0
	    0
 2553	    5	 30.7	 19.6	  9.8	  8.5	 37.1	 74.2	0	    0
 2554	    5	 25.3	 18.3	  9.1	  7.5	 31.4	 22.3	1	    0
	    0
	    0
	    0
	    0
 2559	    3	 26.2	 25.0	 17.1	  4.1	 46.3	 35.8	0	    0
 2560	    3	 21.8	 23.7	 16.5	  3.6	 89.4	 66.2	0	    0
	    0
 2562	    3	 21.7	 23.7	 16.4	  3.6	 85.4	 86.2	0	    0
	    0
	    0
	    0
	    0
	    0
	    0
	    0
	    0
	    0
	    0
	    0
	    0
	    0
	    0
	    0
 2578	    3	 23.7	 24.1	 16.5	  3.8	 19.2	 75.6	0	    0
	    0
	    0
	    0
	    0
	    0
 2584	    5	 30.8	 19.6	  9.8	  8.5	 64.4	 92.0	0	    0
	    0
	    0
	    0
	    0
	    0
	    0
	    0
	    0
	    0
	    0
	    0
 2596	    3	 24.6	 24.5	 16.8	  3.9	 38.7	 69.0	0	    0
	    0
	    0
 2599	    5	 30.0	 19.2	  9.5	  8.4	 28.9	 44.5	0	    0
	    0
 2601	    3	 23.4	 23.3	 15.8	  3.8	 24.7	 71.8	0	    0
	    0
 2603	    3	 23.4	 24.2	 16.6	  3.8	 74.3	  5.1	1	    0
	    0
	    0
 2606	    3	 23.8	 24.1	 16.5	  3.8	 70.0	 14.7	1	    0
	    0
 2608	    5	 31.7	 19.6	  9.8	  8.7	 30.9	 88.2	0	    0
	    0
	    0
	    0
	    0
	    0
	    0
	    0
	    0
 2617	    5	 32.5	 19.5	  9.7	  8.8	 60.1	 66.5	0	    0
 2618	    3	 21.3	 23.7	 16.5	  3.5	  7.6	 32.8	0	    0
	    0
	    0
	    0
	    0
	    0
	    0
	    0
	    0
	    0
	    0
 2629	    3	 26.9	 25.2	 17.2	  4.2	 39.5	 89.9	0	    0
	    0
	    0
	    0
	    0
 2634	    5	 29.9	 19.1	  9.5	  8.4	 56.2	  4.4	0	    0
	    0
	    0
	    0
	    0
 2639	    3	 26.3	 25.1	 17.2	  4.1	 25.3	  1.4	0	    0
	    0
	    0
	    0
	    0
	    0
	    0
 2646	    3	 21.8	 23.8	 16.6	  3.6	 91.5	 52.2	0	    0
	    0
	    0
 2649	    3	 24.6	 24.5	 16.8	  3.9	 72.6	 58.6	0	    0
 2650	    3	 23.9	 24.6	 17.0	  3.8	 28.7	 85.9	0	    0
 2651	    3	 22.3	 23.7	 16.4	  3.7	 55.9	 37.9	0	    0
	    0
 2653	    3	 24.1	 24.4	 16.8	  3.9	  2.6	 63.0	1	    0
	    0
	    0
	    0
	    0
	    0
	    0
	    0
	    0
	    0
	    0
	    0
	    0
 2666	    3	 24.0	 24.4	 16.8	  3.9	 26.4	 16.3	0	    0
	    0
	    0
	    0
	    0
	    0
	    0
 2673	    3	 22.3	 23.8	 16.4	  3.7	 87.2	 65.3	1	    0
 2674	    5	 27.2	 18.6	  9.2	  7.9	 30.3	 15.7	0	    0
	    0
	    0
	    0
	    0
	    0
	    0
 2681	    3	 20.9	 23.6	 16.5	  3.5	 56.1	 96.7	0	    0
	    0
	    0
	    0
	    0
	    0
	    0
 2688	    5	 24.6	 18.3	  9.1	  7.4	 35.1	 10.8	0	    0
	    0
	    0
	    0
	    0
 2693	    5	 29.3	 18.5	  9.2	  8.3	 20.4	 79.9	0	    0
	    0
	    0
	    0
	    0
	    0
	    0
 2700	    5	 25.4	 18.2	  9.0	  7.5	 22.7	 53.2	0	    0
	    0
	    0
	    0
 2704	    5	 28.2	 19.1	  9.5	  8.0	 58.4	 74.4	0	    0
 2705	    3	 22.7	 23.5	 16.1	  3.7	 69.9	 53.6	0	    0
	    0
	    0
	    0
	    0
	    0
	    0
	    0
	    0
	    0
	    0
	    0
	    0
	    0
	    0
	    0
 2721	    5	 29.4	 19.4	  9.6	  8.2	 10.5	 26.0	0	    0
	    0
	    0
	    0
	    0
	    0
	    0
	    0
	    0
	    0
 2731	    3	 22.9	 24.0	 16.6	  3.7	 43.8	 56.1	1	    0
	    0
	    0
	    0
	    0
	    0
 2737	    5	 28.8	 19.0	  9.4	  8.1	 87.4	 91.4	0	    0
	    0
	    0
	    0
 2741	    3	 23.1	 24.1	 16.6	  3.7	 46.6	 45.2	0	    0
	    0
 2743	    3	 25.0	 24.7	 16.9	  4.0	  9.7	 45.9	0	    0
	    0
	    0
	    0
	    0
	    0
	    0
	    0
	    0
	    0
	    0
	    0
	    0
	    0
 2757	    5	 26.1	 18.7	  9.3	  7.6	 20.7	 56.4	0	    0
	    0
 2759	    3	 25.5	 24.7	 16.8	  4.0	 28.8	 60.3	0	    0
	    0
	    0
	    0
	    0
	    0
	    0
	    0
	    0
	    0
	    0
	    0
	    0
	    0
	    0
 2774	    5	 26.4	 18.2	  9.0	  7.8	 50.1	  5.7	0	    0
	    0
	    0
 2777	    3	 21.0	 22.9	 15.7	  3.5	 62.3	 44.5	1	    0
	    0
	    0
	    0
	    0
	    0
 2783	    5	 30.2	 19.4	  9.6	  8.4	 78.8	 31.5	0	    0
	    0
	    0
	    0
 2787	    3	 22.3	 23.6	 16.3	  3.7	 66.9	 61.6	1	    0
	    0
	    0
	    0
	    0
	    0
	    0
 2794	    3	 25.9	 25.0	 17.1	  4.1	 97.4	 98.5	0	    0
	    0
	    0
	    0
	    0
	    0
	    0
	    0
	    0
	    0
	    0
	    0
	    0
	    0
	    0
	    0
	    0
	    0
	    0
	    0
	    0
	    0
	    0
 2817	    5	 32.4	 19.9	  9.9	  8.8	 92.9	 67.6	0	    0
	    0
	    0
 2820	    5	 30.3	 18.9	  9.4	  8.5	 75.5	 96.5	0	    0
	    0
 2822	    3	 23.4	 24.2	 16.6	  3.8	 45.9	 62.3	0	    0
	    0
 2824	    3	 26.8	 25.2	 17.2	  4.2	 55.9	  6.4	0	    0
	    0
	    0
	    0
	    0
	    0
	    0
	    0
	    0
	    0
 2834	    5	 27.6	 18.9	  9.4	  7.9	 95.2	 23.1	0	    0
 2835	    3	 21.4	 23.7	 16.5	  3.5	  2.3	 76.3	0	    0
	    0
 2837	    5	 29.3	 18.9	  9.4	  8.3	 65.7	 73.4	0	    0
	    0
	    0
	    0
	    0
	    0
 2843	    5	 30.6	 19.2	  9.6	  8.5	 95.9	  2.5	0	    0
	    0
 2845	    5	 29.6	 19.3	  9.6	  8.3	 88.4	 16.1	0	    0
	    0
	    0
 2848	    3	 25.5	 24.9	 17.0	  4.0	 55.3	 26.4	0	    0
	    0
	    0
	    0
	    0
	    0
	    0
	    0
	    0
	    0
	    0
	    0
	    0
	    0
	    0
	    0
	    0
	    0
	    0
	    0
 2868	    3	 22.3	 23.8	 16.5	  3.6	 25.0	 19.9	0	    0
 2869	    3	 26.5	 25.2	 17.2	  4.1	 98.6	 83.7	1	    0
	    0
 2871	    3	 22.4	 24.1	 16.7	  3.6	 44.3	 58.1	0	    0
	    0
	    0
	    0
 2875	    3	 21.6	 23.4	 16.2	  3.6	 65.2	 68.3	0	    0
	    0
	    0
	    0
	    0
	    0
	    0
	    0
	    0
	    0
	    0
	    0
	    0
	    0
	    0
	    0
	    0
	    0
	    0
	    0
	    0
	    0
	    0
	    0
	    0
 2900	    3	 25.1	 24.8	 17.0	  4.0	 68.5	 48.2	0	    0
	    0
	    0
	    0
	    0
	    0
	    0
 2907	    3	 23.4	 24.2	 16.7	  3.8	  7.2	 44.6	0	    0
	    0
	    0
	    0
 2911	    3	 25.0	 24.7	 16.9	  4.0	 59.3	 63.8	0	    0
	    0
	    0
	    0
	    0
	    0
	    0
	    0
	    0
	    0
	    0
	    0
 2923	    3	 24.4	 24.2	 16.5	  3.9	 40.2	  9.0	0	    0
	    0
	    0
	    0
	    0
	    0
	    0
	    0
	    0
 2932	    3	 24.4	 24.5	 16.8	  3.9	 73.6	 81.6	1	    0
	    0
	    0
	    0
	    0
	    0
	    0
	    0
	    0
	    0
	    0
	    0
	    0
	    0
	    0
 2947	    3	 23.3	 24.1	 16.5	  3.8	 80.4	 63.9	0	    0
	    0
	    0
	    0
	    0
	    0
	    0
 2954	    3	 23.4	 24.2	 16.6	  3.8	 82.4	 76.3	1	    0
	    0
 2956	    3	 23.9	 24.3	 16.7	  3.8	 63.3	 42.1	0	    0
	    0
	    0
 2959	    5	 28.7	 18.7	  9.3	  8.2	 43.4	 79.5	0	    0
	    0
 2961	    5	 29.9	 19.2	  9.5	  8.4	 99.1	 64.7	0	    0
	    0
 2963	    3	 23.2	 24.2	 16.7	  3.7	 76.6	  4.8	0	    0
	    0
	    0
	    0
	    0
	    0
	    0
	    0
	    0
	    0
	    0
 2974	    5	 29.9	 19.3	  9.6	  8.4	 14.3	 88.8	0	    0
	    0
	    0
	    0
	    0
	    0
	    0
 2981	    5	 31.6	 19.4	  9.6	  8.7	 34.2	 33.2	0	    0
	    0
 2983	    3	 23.1	 24.1	 16.6	  3.8	 41.8	 50.4	1	    0
 2984	    3	 23.6	 23.8	 16.2	  3.8	 63.3	 84.9	0	    0
	    0
	    0
	    0
 2988	    3	 21.5	 23.7	 16.5	  3.6	 97.8	 82.8	0	    0
	    0
	    0
	    0
	    0
 2993	    5	 31.0	 19.0	  9.4	  8.6	 54.0	 39.8	0	    0
	    0
	    0
	    0
 2997	    3	 24.9	 24.6	 16.8	  4.0	 31.3	 11.5	0	    0
	    0
	    0
	    0
	    0
	    0
	    0
	    0
	    0
	    0
	    0
	    0
	    0
	    0
	    0
	    0
 3013	    3	 23.6	 24.3	 16.8	  3.8	 17.3	 79.9	0	    0
	    0
	    0
	    0
	    0
	    0
	    0
	    0
	    0
	    0
 3023	    3	 22.3	 23.3	 15.9	  3.7	 38.3	 84.9	0	    0
	    0
	    0
	    0
	    0
	    0
	    0
	    0
	    0
	    0
 3033	    3	 26.2	 25.0	 17.0	  4.1	 18.7	 90.0	0	    0
	    0
	    0
	    0
	    0
	    0
	    0
	    0
	    0
	    0
	    0
 3044	    3	 23.5	 24.1	 16.6	  3.8	 85.4	 10.2	1	    0
	    0
	    0
	    0
	    0
	    0
	    0
	    0
	    0
	    0
 3054	    5	 29.6	 18.8	  9.3	  8.4	 26.9	 39.2	0	    0
	    0
	    0
	    0
	    0
	    0
	    0
	    0
	    0
	    0
	    0
	    0
	    0
	    0
	    0
	    0
	    0
	    0
	    0
	    0
	    0
	    0
	    0
	    0
	    0
	    0
	    0
	    0
	    0
	    0
	    0
	    0
	    0
	    0
 3088	    3	 24.0	 24.3	 16.7	  3.9	 21.2	 26.0	0	    0
	    0
	    0
	    0
	    0
	    0
 3094	    3	 24.0	 24.0	 16.4	  3.9	 17.1	 67.8	0	    0
	    0
	    0
 3097	    3	 22.6	 22.9	 15.5	  3.7	 84.9	 38.2	0	    0
 3098	    5	 30.2	 19.2	  9.5	  8.4	  9.3	 40.4	0	    0
	    0
	    0
 3101	    5	 29.9	 19.1	  9.5	  8.4	 87.2	 44.8	0	    0
 3102	    3	 21.8	 23.6	 16.3	  3.6	 92.0	 29.6	0	    0
	    0
 3104	    3	 21.0	 23.4	 16.3	  3.5	 23.9	 89.3	0	    0
	    0
	    0
	    0
	    0
	    0
	    0
	    0
	    0
	    0
	    0
	    0
	    0
	    0
	    0
 3119	    5	 28.3	 19.0	  9.4	  8.0	 12.4	 21.9	0	    0
	    0
	    0
	    0
 3123	    3	 21.9	 23.3	 16.1	  3.6	 29.8	 15.1	0	    0
	    0
	    0
	    0
	    0
	    0
	    0
	    0
	    0
	    0
	    0
 3134	    3	 19.0	 22.8	 16.2	  3.2	 56.5	 60.3	0	    0
	    0
	    0
	    0
	    0
	    0
	    0
	    0
	    0
	    0
	    0
	    0
 3146	    3	 20.8	 22.8	 15.7	  3.5	 56.6	 87.2	0	    0
 3147	    3	 23.4	 24.0	 16.4	  3.8	 17.3	 25.0	0	    0
	    0
	    0
	    0
	    0
	    0
 3153	    5	 30.0	 19.1	  9.5	  8.4	 69.6	 30.9	1	    0
	    0
	    0
	    0
	    0
	    0
	    0
	    0
 3161	    5	 25.9	 18.4	  9.1	  7.6	  7.7	 88.7	0	    0
	    0
 3163	    3	 21.6	 23.5	 16.3	  3.6	  7.3	 88.5	0	    0
	    0
	    0
 3166	    3	 23.2	 24.1	 16.6	  3.8	 61.3	  2.4	0	    0
	    0
	    0
	    0
	    0
	    0
	    0
	    0
	    0
	    0
	    0
	    0
 3178	    3	 26.8	 25.1	 17.1	  4.2	 24.8	 14.0	0	    0
	    0
	    0
	    0
	    0
	    0
	    0
	    0
	    0
	    0
	    0
	    0
	    0
	    0
	    0
	    0
	    0
	    0
 3196	    5	 29.8	 19.1	  9.5	  8.4	 66.0	 60.2	0	    0
	    0
	    0
 3199	    5	 27.8	 19.2	  9.5	  7.9	  1.7	 21.6	0	    0
	    0
	    0
	    0
	    0
	    0
	    0
	    0
 3207	    3	 22.0	 23.9	 16.6	  3.6	 76.6	 93.7	0	    0
	    0
	    0
 3210	    3	 23.4	 24.0	 16.5	  3.8	 49.7	 50.0	0	    0
	    0
	    0
	    0
	    0
	    0
	    0
	    0
 3218	    3	 25.0	 24.5	 16.7	  4.0	 94.9	 76.7	0	    0
	    0
	    0
	    0
	    0
 3223	    3	 23.9	 24.4	 16.8	  3.8	  8.8	 20.6	0	    0
 3224	    3	 23.0	 24.0	 16.5	  3.7	 41.2	  8.5	0	    0
	    0
	    0
	    0
	    0
 3229	    3	 24.4	 23.5	 15.8	  4.0	 88.8	 67.9	0	    0
	    0
	    0
	    0
	    0
	    0
	    0
	    0
	    0
	    0
 3239	    3	 25.5	 24.1	 16.2	  4.1	 97.5	 43.1	0	    0
	    0
	    0
	    0
	    0
	    0
	    0
 3246	    3	 22.6	 24.0	 16.6	  3.7	 78.3	 76.8	0	    0
	    0
	    0
	    0
	    0
	    0
	    0
 3253	    5	 29.4	 19.1	  9.5	  8.3	 47.9	 93.8	0	    0
	    0
	    0
	    0
	    0
	    0
	    0
	    0
	    0
	    0
	    0
	    0
	    0
	    0
	    0
	    0
	    0
	    0
	    0
 3272	    3	 25.3	 24.6	 16.8	  4.0	 73.9	 33.6	0	    0
	    0
	    0
	    0
	    0
	    0
	    0
	    0
	    0
	    0
	    0
	    0
	    0
	    0
	    0
	    0
	    0
	    0
	    0
	    0
	    0
 3293	    3	 25.2	 24.5	 16.7	  4.0	 13.3	 96.9	0	    0
	    0
 3295	    3	 23.6	 24.3	 16.7	  3.8	 24.0	 52.1	1	    0
	    0
	    0
	    0
	    0
	    0
	    0
	    0
	    0
 3304	    3	 23.8	 24.3	 16.7	  3.8	 87.2	 27.6	0	    0
	    0
	    0
	    0
	    0
 3309	    3	 23.4	 24.0	 16.4	  3.8	 32.3	 17.9	0	    0
	    0
	    0
	    0
	    0
	    0
	    0
	    0
	    0
	    0
 3319	    3	 23.2	 23.8	 16.3	  3.8	 40.6	 78.1	0	    0
	    0
	    0
	    0
	    0
	    0
	    0
	    0
	    0
	    0
	    0
	    0
	    0
	    0
	    0
	    0
	    0
	    0
 3337	    3	 23.8	 23.3	 15.7	  3.9	 86.1	 18.3	0	    0
	    0
	    0
 3340	    5	 30.9	 19.3	  9.6	  8.6	 84.8	 74.1	0	    0
	    0
	    0
	    0
	    0
	    0
 3346	    3	 21.7	 23.6	 16.4	  3.6	  9.7	 29.2	0	    0
	    0
	    0
	    0
	    0
	    0
	    0
	    0
	    0
	    0
 3356	    5	 27.4	 18.7	  9.3	  7.9	 89.1	 36.5	0	    0
	    0
	    0
	    0
 3360	    3	 24.3	 24.5	 16.8	  3.9	 13.4	  2.6	1	    0
	    0
 3362	    3	 27.4	 25.3	 17.3	  4.2	 29.0	 64.9	0	    0
	    0
	    0
	    0
 3366	    3	 23.2	 23.9	 16.4	  3.8	 78.1	 33.9	0	    0
	    0
	    0
	    0
 3370	    5	 27.8	 18.7	  9.3	  8.0	 56.9	 23.6	0	    0
 3371	    3	 23.0	 23.9	 16.4	  3.7	 98.5	 44.5	0	    0
	    0
	    0
	    0
	    0
	    0
 3377	    3	 25.8	 24.9	 17.0	  4.1	 52.9	 13.6	1	    0
	    0
 3379	    3	 23.2	 24.1	 16.6	  3.8	 80.1	 36.6	0	    0
	    0
	    0
	    0
	    0
	    0
	    0
 3386	    3	 23.3	 24.0	 16.5	  3.8	 64.7	 76.7	0	    0
	    0
	    0
	    0
	    0
	    0
	    0
	    0
	    0
	    0
	    0
	    0
	    0
	    0
	    0
 3401	    5	 25.7	 18.4	  9.1	  7.6	 51.3	  2.9	0	    0
	    0
	    0
 3404	    3	 20.7	 23.2	 16.2	  3.5	 69.2	 34.2	0	    0
	    0
	    0
 3407	    5	 26.3	 17.8	  8.8	  7.8	 54.9	 15.3	0	    0
	    0
	    0
	    0
	    0
	    0
	    0
	    0
 3415	    3	 25.7	 24.5	 16.6	  4.1	 74.5	 36.0	0	    0
 3416	    5	 29.2	 18.7	  9.3	  8.3	 23.0	 71.2	0	    0
 3417	    3	 24.7	 24.5	 16.8	  3.9	  0.5	 11.8	0	    0
	    0
	    0
	    0
	    0
	    0
	    0
	    0
	    0
	    0
	    0
	    0
	    0
	    0
	    0
	    0
	    0
	    0
 3435	    3	 24.0	 24.2	 16.5	  3.9	 31.9	  8.2	0	    0
 3436	    5	 27.7	 18.9	  9.4	  7.9	 63.4	 77.7	1	    0
	    0
	    0
	    0
	    0
	    0
	    0
	    0
	    0
	    0
	    0
	    0
	    0
	    0
	    0
 3451	    3	 23.9	 24.4	 16.7	  3.8	 21.0	  0.0	0	    0
	    0
 3453	    3	 21.4	 23.2	 16.0	  3.6	 96.1	 43.4	0	    0
	    0
	    0
	    0
	    0
	    0
	    0
	    0
	    0
	    0
	    0
	    0
	    0
	    0
	    0
 3468	    3	 23.7	 24.0	 16.4	  3.8	 63.3	 90.9	0	    0
	    0
	    0
	    0
 3472	    3	 23.3	 24.1	 16.6	  3.8	 92.2	 99.9	1	    0
	    0
	    0
	    0
	    0
	    0
 3478	    3	 24.0	 24.4	 16.8	  3.8	 31.5	 38.4	0	    0
	    0
 3480	    3	 24.2	 24.5	 16.8	  3.9	 46.3	 26.6	0	    0
	    0
	    0
	    0
	    0
	    0
	    0
	    0
	    0
	    0
	    0
	    0
	    0
	    0
	    0
	    0
	    0
 3497	    3	 23.7	 24.4	 16.8	  3.8	 69.6	 80.5	0	    0
	    0
	    0
	    0
	    0
	    0
 3503	    3	 24.7	 24.6	 16.9	  3.9	 91.2	 45.3	1	    0
	    0
	    0
	    0
	    0
	    0
	    0
	    0
	    0
	    0
	    0
 3514	    3	 25.0	 24.7	 16.9	  4.0	 12.3	 37.0	0	    0
	    0
	    0
	    0
 3518	    3	 21.8	 23.5	 16.2	  3.6	 48.7	 50.2	0	    0
	    0
	    0
 3521	    3	 25.1	 24.8	 17.0	  4.0	 43.6	 51.8	1	    0
	    0
	    0
	    0
	    0
	    0
 3527	    5	 28.9	 18.9	  9.4	  8.2	 97.4	 41.8	0	    0
	    0
	    0
	    0
 3531	    3	 21.8	 23.5	 16.3	  3.6	 16.1	  4.9	0	    0
	    0
	    0
	    0
	    0
 3536	    3	 24.1	 24.4	 16.7	  3.9	 24.3	 77.8	0	    0
 3537	    5	 26.9	 18.5	  9.2	  7.8	 90.3	 52.2	1	    0
 3538	    3	 23.2	 23.7	 16.1	  3.8	 29.4	 39.0	0	    0
	    0
	    0
	    0
	    0
	    0
	    0
	    0
 3546	    3	 21.1	 23.3	 16.2	  3.5	 91.6	 50.4	0	    0
	    0
	    0
 3549	    5	 28.9	 19.0	  9.4	  8.2	 37.8	 24.9	0	    0
 3550	    3	 22.2	 23.8	 16.4	  3.6	 64.7	 37.3	0	    0
	    0
	    0
	    0
	    0
	    0
	    0
	    0
	    0
	    0
	    0
	    0
	    0
	    0
	    0
	    0
	    0
	    0
 3568	    3	 24.7	 24.7	 17.0	  3.9	 33.9	 39.0	0	    0
 3569	    3	 24.6	 24.5	 16.8	  3.9	 12.6	 44.7	0	    0
	    0
	    0
	    0
	    0
	    0
	    0
	    0
	    0
	    0
	    0
	    0
	    0
 3582	    5	 26.1	 18.4	  9.1	  7.7	 35.1	  4.9	0	    0
	    0
	    0
 3585	    5	 29.8	 19.6	  9.8	  8.3	 79.7	 97.3	0	    0
	    0
	    0
	    0
	    0
	    0
	    0
	    0
	    0
	    0
	    0
 3596	    3	 22.4	 23.4	 16.0	  3.7	 87.0	 50.6	0	    0
	    0
	    0
	    0
	    0
	    0
 3602	    5	 24.4	 18.1	  9.0	  7.3	 17.2	 21.0	0	    0
	    0
	    0
	    0
	    0
	    0
	    0
	    0
	    0
	    0
	    0
	    0
	    0
	    0
	    0
	    0
	    0
	    0
	    0
	    0
	    0
	    0
	    0
 3625	    3	 23.7	 24.2	 16.7	  3.8	  8.1	 62.2	0	    0
	    0
 3627	    3	 23.3	 24.2	 16.7	  3.8	 10.7	 87.9	0	    0
	    0
	    0
	    0
 3631	    3	 21.0	 23.4	 16.3	  3.5	 37.5	 21.5	1	    0
	    0
	    0
	    0
	    0
	    0
	    0
	    0
	    0
	    0
 3641	    5	 31.7	 19.6	  9.7	  8.7	 41.6	 48.2	0	    0
	    0
	    0
	    0
	    0
 3646	    3	 23.7	 24.4	 16.9	  3.8	 28.1	 37.1	0	    0
	    0
	    0
	    0
	    0
 3651	    5	 28.7	 19.2	  9.5	  8.1	 95.6	 11.9	0	    0
	    0
 3653	    3	 22.4	 23.9	 16.5	  3.7	 56.6	 64.8	0	    0
	    0
 3655	    5	 27.0	 18.8	  9.3	  7.8	 23.2	 60.2	0	    0
	    0
	    0
 3658	    5	 27.0	 18.4	  9.1	  7.9	 99.9	 13.9	0	    0
	    0
	    0
	    0
	    0
	    0
	    0
	    0
	    0
 3667	    3	 26.1	 25.0	 17.1	  4.1	 27.8	 12.0	0	    0
 3668	    3	 23.4	 24.2	 16.6	  3.8	 29.6	 89.3	0	    0
	    0
 3670	    5	 26.9	 19.0	  9.4	  7.8	 63.9	 89.8	0	    0
	    0
	    0
 3673	    3	 22.5	 23.9	 16.5	  3.7	  4.0	 44.9	0	    0
	    0
	    0
	    0
 3677	    5	 27.3	 18.7	  9.3	  7.9	 45.3	 19.2	0	    0
 3678	    3	 25.1	 24.5	 16.7	  4.0	  3.6	 67.9	0	    0
	    0
	    0
	    0
 3682	    5	 28.0	 18.9	  9.4	  8.0	 98.4	 48.2	0	    0
	    0
	    0
	    0
	    0
	    0
 3688	    3	 25.1	 24.5	 16.7	  4.0	  4.7	 16.7	0	    0
	    0
 3690	    3	 23.0	 23.9	 16.4	  3.7	  6.1	 85.5	0	    0
	    0
 3692	    3	 25.5	 24.8	 16.9	  4.0	 10.6	 70.9	0	    0
 3693	    3	 22.9	 24.3	 16.8	  3.7	 66.3	 29.1	0	    0
	    0
	    0
	    0
 3697	    3	 22.8	 24.1	 16.6	  3.7	 83.9	  5.8	0	    0
	    0
 3699	    3	 24.2	 24.4	 16.8	  3.9	 35.9	 49.6	0	    0
	    0
 3701	    3	 23.6	 24.3	 16.7	  3.8	  1.1	  1.2	0	    0
	    0
	    0
	    0
	    0
	    0
 3707	    5	 27.6	 17.9	  8.9	  8.1	 30.3	 63.3	1	    0
	    0
	    0
	    0
	    0
	    0
	    0
	    0
	    0
	    0
	    0
	    0
	    0
	    0
	    0
	    0
	    0
 3724	    5	 31.3	 19.4	  9.7	  8.6	 63.5	 15.8	0	    0
	    0
	    0
	    0
	    0
	    0
	    0
	    0
	    0
 3733	    3	 25.5	 24.8	 16.9	  4.0	  4.1	 65.8	0	    0
	    0
	    0
	    0
	    0
	    0
	    0
	    0
	    0
	    0
	    0
	    0
	    0
	    0
	    0
	    0
	    0
	    0
	    0
	    0
	    0
	    0
 3755	    5	 29.7	 18.8	  9.3	  8.4	 22.8	 68.2	0	    0
	    0
	    0
	    0
	    0
	    0
	    0
 3762	    3	 21.9	 23.8	 16.5	  3.6	 19.2	 28.9	0	    0
	    0
	    0
	    0
	    0
	    0
	    0
	    0
	    0
	    0
	    0
 3773	    3	 22.1	 23.5	 16.2	  3.6	  2.8	 22.6	1	    0
	    0
	    0
 3776	    5	 29.7	 19.2	  9.5	  8.3	 39.5	 81.6	0	    0
	    0
	    0
	    0
	    0
	    0
	    0
	    0
	    0
	    0
	    0
	    0
	    0
 3789	    3	 20.9	 23.7	 16.7	  3.5	 17.2	  9.0	0	    0
	    0
	    0
	    0
	    0
	    0
	    0
 3796	    3	 22.1	 23.8	 16.5	  3.6	  8.9	 94.6	0	    0
	    0
 3798	    5	 29.9	 19.4	  9.6	  8.3	 48.8	 75.0	0	    0
	    0
	    0
	    0
	    0
	    0
	    0
	    0
	    0
	    0
 3808	    5	 27.4	 19.0	  9.4	  7.9	 86.6	 66.1	0	    0
	    0
	    0
	    0
	    0
 3813	    3	 20.9	 22.7	 15.6	  3.5	 97.5	 94.6	1	    0
	    0
	    0
	    0
	    0
	    0
	    0
	    0
	    0
	    0
	    0
	    0
	    0
	    0
	    0
	    0
 3829	    3	 26.6	 25.1	 17.1	  4.2	 89.7	 52.7	0	    0
	    0
 3831	    3	 23.9	 24.0	 16.4	  3.9	 86.5	 38.8	0	    0
	    0
	    0
	    0
	    0
	    0
 3837	    5	 30.0	 18.8	  9.3	  8.5	 44.8	 34.7	0	    0
	    0
 3839	    3	 23.8	 24.3	 16.7	  3.8	 52.6	 66.5	0	    0
	    0
 3841	    3	 26.6	 25.2	 17.2	  4.2	 81.4	 79.9	0	    0
 3842	    5	 30.7	 19.6	  9.7	  8.5	 61.0	 71.2	0	    0
	    0
	    0
	    0
	    0
	    0
	    0
	    0
	    0
	    0
	    0
	    0
	    0
	    0
	    0
	    0
 3858	    3	 25.7	 25.0	 17.1	  4.0	 85.6	 23.5	0	    0
	    0
	    0
	    0
	    0
	    0
	    0
	    0
 3866	    5	 26.4	 18.7	  9.3	  7.7	 81.9	 22.8	0	    0
	    0
	    0
	    0
 3870	    3	 24.2	 24.2	 16.6	  3.9	 58.4	 98.1	1	    0
	    0
	    0
 3873	    3	 21.6	 23.2	 16.0	  3.6	 76.1	 44.8	1	    0
	    0
	    0
 3876	    3	 20.4	 23.3	 16.4	  3.4	 69.0	 18.0	0	    0
 3877	    3	 22.7	 24.0	 16.5	  3.7	  5.6	 10.9	0	    0
	    0
	    0
	    0
	    0
	    0
	    0
	    0
	    0
	    0
	    0
 3888	    5	 26.4	 18.6	  9.2	  7.7	  9.8	 81.3	0	    0
	    0
	    0
	    0
 3892	    3	 22.8	 23.9	 16.5	  3.7	 97.7	 40.3	1	    0
 3893	    5	 26.2	 18.4	  9.1	  7.7	 61.6	 56.2	0	    0
	    0
	    0
 3896	    3	 24.7	 24.6	 16.9	  3.9	 86.1	  4.5	0	    0
	    0
	    0
	    0
	    0
	    0
	    0
 3903	    3	 23.3	 24.3	 16.7	  3.8	 90.5	 44.9	0	    0
	    0
	    0
	    0
	    0
	    0
 3909	    3	 24.2	 24.5	 16.8	  3.9	 89.6	  1.3	0	    0
	    0
	    0
	    0
 3913	    3	 23.3	 24.3	 16.7	  3.8	  0.5	 83.5	0	    0
	    0
	    0
	    0
	    0
	    0
	    0
	    0
	    0
	    0
 3923	    5	 29.0	 19.0	  9.4	  8.2	  9.5	 47.8	0	    0
	    0
	    0
 3926	    3	 26.2	 25.0	 17.0	  4.1	 22.6	 99.1	0	    0
 3927	    5	 30.4	 19.2	  9.5	  8.5	 99.0	 99.4	0	    0
 3928	    3	 21.1	 23.2	 16.0	  3.5	 44.0	  5.4	1	    0
	    0
	    0
	    0
	    0
	    0
	    0
	    0
	    0
	    0
	    0
	    0
	    0
	    0
	    0
	    0
	    0
	    0
	    0
	    0
	    0
	    0
	    0
 3951	    3	 23.5	 24.3	 16.7	  3.8	 22.1	 69.3	0	    0
	    0
	    0
	    0
	    0
	    0
	    0
	    0
	    0
	    0
	    0
	    0
	    0
	    0
	    0
	    0
 3967	    3	 21.4	 23.2	 16.0	  3.6	 41.2	 34.9	0	    0
	    0
 3969	    3	 23.7	 24.4	 16.8	  3.8	  0.9	 38.6	0	    0
 3970	    5	 27.1	 18.8	  9.3	  7.8	 57.6	 43.6	0	    0
 3971	    3	 23.9	 24.4	 16.8	  3.8	 39.2	 19.8	0	    0
	    0
	    0
	    0
	    0
	    0
	    0
	    0
 3979	    5	 29.7	 18.9	  9.4	  8.4	 24.1	 44.8	0	    0
	    0
	    0
	    0
	    0
	    0
	    0
	    0
	    0
	    0
	    0
	    0
	    0
	    0
	    0
	    0
	    0
	    0
 3997	    5	 27.7	 18.7	  9.3	  8.0	 40.2	 21.7	0	    0
	    0
	    0
	    0
 4001	    3	 25.3	 24.8	 17.0	  4.0	 32.3	 44.4	0	    0
	    0
	    0
	    0
	    0
	    0
	    0
	    0
	    0
	    0
	    0
	    0
	    0
 4014	    3	 21.9	 23.5	 16.2	  3.6	 49.9	  5.1	0	    0
	    0
	    0
	    0
	    0
	    0
	    0
	    0
	    0
	    0
	    0
	    0
	    0
	    0
	    0
	    0
	    0
	    0
	    0
 4033	    3	 22.8	 24.2	 16.8	  3.7	  6.6	 65.5	1	    0
	    0
	    0
	    0
	    0
	    0
	    0
	    0
	    0
	    0
	    0
	    0
	    0
	    0
 4047	    3	 21.2	 23.1	 15.9	  3.5	 10.0	 35.1	0	    0
	    0
	    0
	    0
	    0
	    0
	    0
	    0
	    0
	    0
	    0
	    0
	    0
	    0
	    0
	    0
	    0
	    0
	    0
	    0
	    0
	    0
	    0
	    0
	    0
	    0
	    0
	    0
	    0
	    0
	    0
 4078	    3	 24.9	 24.4	 16.6	  4.0	 34.4	 37.6	0	    0
	    0
	    0
 4081	    3	 26.3	 24.9	 17.0	  4.1	 47.3	 19.2	0	    0
	    0
	    0
	    0
	    0
	    0
	    0
	    0
	    0
	    0
	    0
	    0
	    0
	    0
	    0
	    0
	    0
	    0
	    0
	    0
	    0
	    0
	    0
	    0
	    0
	    0
	    0
	    0
 4109	    3	 25.5	 24.9	 17.0	  4.0	 31.8	 64.8	0	    0
	    0
	    0
	    0
	    0
	    0
	    0
	    0
	    0
 4118	    5	 28.0	 18.8	  9.3	  8.0	 52.3	 33.7	0	    0
	    0
	    0
	    0
	    0
	    0
 4124	    3	 22.4	 23.6	 16.2	  3.7	 35.8	 19.0	0	    0
 4125	    5	 30.0	 19.3	  9.6	  8.3	  1.0	 32.1	0	    0
 4126	    5	 26.4	 18.4	  9.1	  7.7	 19.0	 76.6	0	    0
	    0
	    0
	    0
 4130	    5	 28.6	 19.1	  9.5	  8.1	 59.3	 58.0	0	    0
	    0
 4132	    5	 28.8	 18.9	  9.4	  8.2	 96.1	 27.7	0	    0
	    0
	    0
	    0
	    0
	    0
	    0
	    0
	    0
	    0
	    0
	    0
	    0
	    0
	    0
	    0
	    0
	    0
 4150	    3	 24.6	 24.5	 16.7	  3.9	 64.2	  5.0	1	    0
	    0
 4152	    3	 22.9	 24.1	 16.6	  3.7	 36.5	 59.0	0	    0
	    0
	    0
	    0
	    0
	    0
	    0
	    0
	    0
	    0
	    0
	    0
	    0
	    0
	    0
	    0
	    0
	    0
 4170	    3	 26.5	 25.1	 17.1	  4.1	 94.3	 82.1	0	    0
	    0
	    0
	    0
	    0
	    0
	    0
	    0
	    0
	    0
	    0
	    0
	    0
 4183	    5	 29.9	 19.0	  9.4	  8.4	 79.5	 28.1	0	    0
	    0
	    0
 4186	    3	 23.2	 24.1	 16.6	  3.8	 21.1	 82.0	0	    0
	    0
	    0
 4189	    3	 21.4	 23.7	 16.5	  3.5	 86.7	  8.8	0	    0
	    0
	    0
	    0
	    0
	    0
	    0
	    0
	    0
 4198	    3	 23.6	 24.3	 16.7	  3.8	 76.9	 54.8	0	    0
	    0
	    0
	    0
 4202	    3	 21.0	 23.6	 16.5	  3.5	 83.4	 35.9	0	    0
	    0
	    0
	    0
	    0
	    0
	    0
	    0
 4210	    3	 23.2	 24.3	 16.7	  3.7	  0.9	 61.8	0	    0
	    0
	    0
	    0
	    0
	    0
 4216	    3	 25.4	 24.8	 17.0	  4.0	 21.1	 83.8	1	    0
	    0
 4218	    3	 27.3	 25.4	 17.4	  4.2	 37.9	 60.7	0	    0
	    0
	    0
	    0
	    0
	    0
	    0
	    0
 4226	    5	 26.5	 18.9	  9.4	  7.7	 40.3	 39.5	0	    0
	    0
	    0
	    0
	    0
	    0
	    0
	    0
	    0
	    0
	    0
	    0
	    0
	    0
	    0
	    0
	    0
	    0
 4244	    3	 23.8	 24.4	 16.8	  3.8	 45.5	 29.1	0	    0
	    0
	    0
 4247	    3	 20.2	 22.8	 15.8	  3.4	 40.8	 83.0	0	    0
	    0
 4249	    5	 24.0	 17.7	  8.7	  7.3	 24.2	 18.6	0	    0
	    0
	    0
	    0
	    0
	    0
 4255	    3	 22.7	 24.1	 16.7	  3.7	 91.3	 81.2	0	    0
	    0
	    0
	    0
	    0
	    0
 4261	    5	 29.5	 19.3	  9.6	  8.3	 19.6	 34.1	0	    0
	    0
	    0
	    0
	    0
 4266	    3	 23.8	 24.2	 16.6	  3.8	 92.4	 73.4	0	    0
	    0
	    0
	    0
	    0
	    0
	    0
	    0
	    0
	    0
 4276	    5	 27.7	 18.5	  9.2	  8.0	 17.5	 45.7	0	    0
 4277	    3	 23.7	 24.3	 16.7	  3.8	 59.5	 30.8	0	    0
	    0
	    0
 4280	    3	 21.7	 23.7	 16.4	  3.6	 41.8	 93.1	1	    0
	    0
	    0
	    0
	    0
	    0
	    0
	    0
	    0
	    0
	    0
	    0
	    0
	    0
	    0
 4295	    3	 23.6	 24.4	 16.8	  3.8	  7.6	 33.9	0	    0
	    0
	    0
	    0
	    0
	    0
	    0
	    0
	    0
	    0
	    0
	    0
	    0
	    0
	    0
	    0
	    0
	    0
	    0
	    0
	    0
	    0
 4317	    3	 22.9	 24.1	 16.6	  3.7	 24.8	 78.2	0	    0
 4318	    5	 32.1	 19.6	  9.8	  8.7	  9.3	 84.8	0	    0
	    0
	    0
	    0
	    0
	    0
	    0
	    0
	    0
	    0
	    0
	    0
	    0
	    0
	    0
	    0
 4334	    3	 23.2	 24.0	 16.5	  3.8	 12.2	  0.9	1	    0
 4335	    3	 22.3	 24.0	 16.6	  3.6	 52.5	 81.4	0	    0
	    0
	    0
	    0
 4339	    5	 26.0	 18.6	  9.2	  7.6	 66.4	 78.0	0	    0
 4340	    3	 25.1	 24.6	 16.8	  4.0	 25.2	 74.9	0	    0
	    0
	    0
 4343	    3	 22.7	 22.7	 15.3	  3.8	 23.5	 97.8	1	    0
	    0
	    0
 4346	    5	 27.0	 18.6	  9.2	  7.8	 17.2	 13.7	0	    0
	    0
	    0
	    0
	    0
	    0
 4352	    5	 31.2	 19.3	  9.6	  8.6	 60.1	 37.8	0	    0
	    0
	    0
	    0
	    0
	    0
 4358	    3	 21.7	 23.9	 16.7	  3.6	 22.6	 20.9	1	    0
 4359	    3	 22.9	 23.6	 16.2	  3.7	 99.1	 69.2	0	    0
 4360	    3	 23.9	 24.2	 16.6	  3.8	 17.1	 75.9	0	    0
	    0
	    0
	    0
	    0
	    0
 4366	    5	 29.6	 19.4	  9.6	  8.3	 19.1	 92.7	0	    0
 4367	    3	 24.8	 24.5	 16.8	  4.0	 50.6	 29.5	0	    0
	    0
	    0
	    0
	    0
	    0
	    0
	    0
 4375	    3	 18.7	 22.1	 15.4	  3.2	 19.5	  9.3	0	    0
	    0
	    0
	    0
	    0
	    0
	    0
	    0
 4383	    3	 24.3	 23.7	 16.0	  3.9	 89.5	 61.2	0	    0
	    0
	    0
 4386	    5	 27.0	 18.4	  9.1	  7.9	 36.4	 14.8	0	    0
	    0
	    0
	    0
	    0
	    0
	    0
 4393	    3	 27.7	 25.4	 17.3	  4.3	 35.1	 79.7	0	    0
 4394	    3	 21.6	 23.8	 16.6	  3.6	 84.9	 10.6	0	    0
	    0
	    0
	    0
	    0
	    0
	    0
 4401	    5	 27.8	 19.0	  9.5	  7.9	 43.7	 99.7	0	    0
	    0
	    0
	    0
	    0
	    0
	    0
	    0
	    0
	    0
 4411	    3	 20.7	 23.5	 16.5	  3.4	 65.7	 13.2	0	    0
	    0
	    0
	    0
 4415	    3	 25.2	 24.7	 16.9	  4.0	 71.6	 72.1	0	    0
	    0
	    0
	    0
	    0
	    0
 4421	    3	 19.6	 22.6	 15.8	  3.3	 25.4	 24.8	1	    0
	    0
	    0
 4424	    5	 31.0	 19.3	  9.6	  8.6	  7.9	  7.7	0	    0
	    0
	    0
	    0
 4428	    5	 31.6	 19.8	  9.8	  8.6	 96.0	 48.2	0	    0
	    0
 4430	    3	 22.9	 24.2	 16.7	  3.7	 14.9	 90.4	0	    0
	    0
	    0
	    0
	    0
	    0
	    0
	    0
	    0
	    0
	    0
	    0
 4442	    3	 22.3	 23.8	 16.5	  3.6	 42.3	 12.0	0	    0
	    0
	    0
	    0
	    0
	    0
	    0
	    0
	    0
	    0
 4452	    3	 20.8	 23.2	 16.1	  3.5	  8.8	 37.1	0	    0
	    0
 4454	    3	 26.0	 25.0	 17.1	  4.1	 21.1	 59.7	0	    0
	    0
	    0
	    0
	    0
	    0
	    0
	    0
	    0
	    0
	    0
	    0
	    0
	    0
	    0
	    0
	    0
	    0
	    0
	    0
	    0
	    0
	    0
	    0
 4478	    3	 20.5	 22.8	 15.8	  3.4	 38.4	 68.9	0	    0
	    0
	    0
 4481	    5	 31.0	 19.6	  9.8	  8.5	 81.3	  3.8	1	    0
 4482	    3	 24.1	 24.5	 16.8	  3.9	 42.2	 90.7	0	    0
	    0
 4484	    3	 22.4	 23.9	 16.6	  3.7	 83.8	 46.0	0	    0
	    0
	    0
	    0
	    0
	    0
	    0
	    0
 4492	    5	 27.2	 18.5	  9.2	  7.9	 32.7	  7.6	1	    0
	    0
	    0
	    0
	    0
	    0
	    0
	    0
	    0
	    0
	    0
	    0
	    0
	    0
	    0
	    0
	    0
	    0
 4510	    3	 23.2	 24.0	 16.5	  3.8	  9.6	 39.4	0	    0
	    0
 4512	    5	 26.3	 18.5	  9.2	  7.7	 45.6	 83.1	0	    0
	    0
	    0
	    0
	    0
 4517	    5	 31.7	 19.6	  9.7	  8.7	 97.4	 20.8	1	    0
	    0
 4519	    3	 24.2	 24.3	 16.6	  3.9	 41.1	 40.6	0	    0
	    0
	    0
	    0
	    0
	    0
 4525	    3	 24.9	 24.6	 16.8	  4.0	 81.2	 16.3	0	    0
	    0
 4527	    3	 24.3	 24.5	 16.8	  3.9	 17.1	 91.7	1	    0
	    0
	    0
	    0
 4531	    3	 22.6	 23.9	 16.5	  3.7	 72.8	 82.7	0	    0
	    0
	    0
	    0
	    0
	    0
	    0
	    0
	    0
	    0
	    0
	    0
	    0
 4544	    3	 26.4	 25.0	 17.1	  4.1	 33.8	 17.1	1	    0
 4545	    3	 20.8	 23.4	 16.4	  3.5	 55.6	 62.0	0	    0
	    0
	    0
	    0
	    0
	    0
	    0
	    0
	    0
 4554	    3	 23.2	 24.3	 16.8	  3.8	 89.6	 93.8	1	    0
	    0
	    0
	    0
	    0
	    0
 4560	    3	 23.8	 24.3	 16.6	  3.8	  1.9	 15.9	1	    0
 4561	    3	 23.3	 24.1	 16.6	  3.8	 22.9	 48.2	0	    0
	    0
	    0
	    0
	    0
	    0
	    0
	    0
	    0
	    0
	    0
 4572	    3	 22.0	 24.0	 16.7	  3.6	 24.2	 50.4	0	    0
	    0
	    0
	    0
 4576	    5	 25.1	 18.2	  9.0	  7.5	 76.8	 38.4	0	    0
	    0
	    0
	    0
	    0
	    0
	    0
	    0
	    0
	    0
	    0
	    0
	    0
	    0
	    0
	    0
 4592	    3	 22.8	 23.8	 16.4	  3.7	 76.8	 44.6	0	    0
 4593	    3	 22.4	 24.1	 16.7	  3.7	 69.6	 76.9	0	    0
	    0
 4595	    5	 29.8	 18.7	  9.3	  8.4	 35.4	  2.1	1	    0
	    0
	    0
	    0
	    0
 4600	    5	 28.6	 19.1	  9.5	  8.1	 22.7	 95.6	0	    0
	    0
 4602	    5	 31.3	 19.4	  9.6	  8.6	 45.4	 88.7	0	    0
	    0
	    0
	    0
	    0
	    0
	    0
	    0
	    0
 4611	    3	 24.6	 24.5	 16.8	  3.9	 45.3	 11.3	0	    0
	    0
	    0
	    0
 4615	    3	 22.3	 24.0	 16.6	  3.6	 39.7	 61.6	0	    0
	    0
	    0
	    0
	    0
	    0
	    0
	    0
	    0
	    0
	    0
	    0
	    0
	    0
	    0
	    0
	    0
	    0
	    0
	    0
	    0
	    0
	    0
	    0
	    0
	    0
	    0
	    0
	    0
	    0
 4645	    3	 22.9	 24.2	 16.7	  3.7	 68.8	 59.1	0	    0
 4646	    3	 24.4	 24.7	 17.0	  3.9	 28.1	 98.7	0	    0
	    0
	    0
	    0
 4650	    5	 27.9	 19.1	  9.5	  7.9	 38.4	 72.5	0	    0
	    0
	    0
 4653	    3	 25.2	 24.5	 16.6	  4.0	 98.6	 17.8	0	    0
	    0
 4655	    3	 25.5	 24.8	 17.0	  4.0	  5.3	 89.9	0	    0
	    0
	    0
 4658	    5	 26.8	 18.8	  9.3	  7.8	 28.5	 27.7	0	    0
	    0
	    0
	    0
	    0
	    0
	    0
	    0
	    0
	    0
	    0
	    0
	    0
	    0
	    0
	    0
	    0
	    0
	    0
 4677	    3	 24.9	 24.7	 16.9	  4.0	 17.7	 65.5	0	    0
	    0
	    0
	    0
	    0
 4682	    3	 26.5	 25.1	 17.1	  4.1	 88.8	 33.1	0	    0
	    0
	    0
	    0
	    0
	    0
	    0
	    0
 4690	    5	 28.7	 18.9	  9.4	  8.1	 16.1	 67.5	0	    0
 4691	    3	 25.0	 24.7	 16.9	  4.0	 53.0	  2.2	0	    0
	    0
	    0
 4694	    3	 24.0	 24.4	 16.7	  3.9	 55.2	 53.3	0	    0
 4695	    3	 18.5	 22.5	 16.0	  3.2	 76.7	 25.1	0	    0
	    0
	    0
 4698	    5	 30.0	 19.1	  9.5	  8.4	 43.6	  4.2	0	    0
	    0
 4700	    3	 25.7	 24.8	 16.9	  4.1	  5.6	  0.2	0	    0
	    0
	    0
	    0
	    0
	    0
	    0
	    0
	    0
	    0
	    0
	    0
 4712	    3	 22.8	 24.1	 16.7	  3.7	 51.9	 57.1	0	    0
	    0
	    0
	    0
 4716	    3	 23.3	 24.1	 16.6	  3.8	 60.7	 51.8	0	    0
	    0
 4718	    3	 24.6	 24.6	 16.8	  3.9	 72.3	 19.4	0	    0
	    0
	    0
	    0
	    0
	    0
	    0
	    0
	    0
	    0
 4728	    3	 21.9	 23.0	 15.7	  3.6	 44.1	  6.7	0	    0
	    0
 4730	    3	 23.0	 23.8	 16.3	  3.8	 25.6	 70.8	0	    0
	    0
	    0
	    0
	    0
	    0
	    0
	    0
 4738	    5	 28.3	 19.1	  9.5	  8.0	 46.3	  4.7	1	    0
	    0
	    0
 4741	    3	 22.7	 23.9	 16.5	  3.7	 50.3	 76.6	0	    0
	    0
	    0
	    0
	    0
	    0
 4747	    3	 20.6	 23.0	 16.0	  3.5	 31.2	 29.4	0	    0
 4748	    3	 23.5	 24.2	 16.6	  3.8	 71.7	 83.7	0	    0
	    0
	    0
 4751	    5	 26.6	 18.5	  9.2	  7.8	 15.7	 93.1	0	    0
	    0
	    0
	    0
	    0
	    0
	    0
	    0
 4759	    3	 23.1	 23.4	 15.9	  3.8	  9.6	 94.5	0	    0
	    0
	    0
	    0
	    0
 4764	    5	 28.2	 19.1	  9.5	  8.0	 61.8	 19.0	0	    0
	    0
	    0
	    0
 4768	    3	 21.7	 23.7	 16.4	  3.6	 83.2	 49.2	0	    0
	    0
	    0
	    0
	    0
	    0
 4774	    5	 27.2	 18.7	  9.3	  7.9	 70.6	 61.8	0	    0
	    0
	    0
 4777	    5	 27.2	 18.7	  9.3	  7.9	 21.2	 36.0	1	    0
	    0
	    0
	    0
	    0
	    0
	    0
 4784	    5	 27.0	 18.9	  9.4	  7.8	 22.3	 74.9	0	    0
	    0
	    0
	    0
	    0
	    0
	    0
	    0
	    0
	    0
	    0
	    0
	    0
	    0
	    0
	    0
 4800	    3	 24.4	 24.5	 16.8	  3.9	  2.0	 27.7	0	    0
	    0
	    0
	    0
	    0
	    0
	    0
	    0
	    0
 4809	    3	 24.8	 24.1	 16.4	  4.0	 94.3	 86.0	0	    0
	    0
 4811	    3	 23.4	 24.1	 16.6	  3.8	 22.1	 90.5	0	    0
	    0
	    0
	    0
 4815	    3	 26.5	 25.1	 17.1	  4.1	 94.1	 68.9	0	    0
	    0
	    0
 4818	    5	 31.3	 19.6	  9.8	  8.6	 96.5	 78.5	0	    0
	    0
	    0
	    0
	    0
 4823	    3	 21.7	 23.4	 16.1	  3.6	 34.9	 30.7	1	    0
	    0
	    0
 4826	    3	 23.6	 24.3	 16.7	  3.8	 99.4	 13.9	1	    0
	    0
	    0
	    0
	    0
 4831	    5	 30.8	 19.2	  9.5	  8.6	  4.5	 42.3	0	    0
	    0
	    0
	    0
	    0
	    0
	    0
	    0
 4839	    3	 22.4	 23.5	 16.1	  3.7	 23.6	 67.1	0	    0
	    0
	    0
	    0
	    0
	    0
	    0
 4846	    5	 28.8	 19.0	  9.4	  8.2	 49.2	 10.1	0	    0
 4847	    3	 25.5	 24.8	 17.0	  4.0	 83.7	 59.6	0	    0
	    0
 4849	    3	 23.9	 24.1	 16.5	  3.8	 20.0	 50.7	0	    0
	    0
 4851	    3	 23.9	 24.0	 16.4	  3.9	 80.3	  9.7	0	    0
	    0
	    0
 4854	    3	 21.6	 23.7	 16.5	  3.6	  2.6	 22.6	0	    0
	    0
	    0
	    0
	    0
	    0
	    0
	    0
	    0
	    0
	    0
 4865	    5	 29.4	 19.4	  9.6	  8.2	 42.1	 75.9	1	    0
	    0
	    0
	    0
	    0
 4870	    3	 27.3	 25.3	 17.3	  4.2	 26.4	 61.2	0	    0
	    0
	    0
 4873	    3	 23.4	 23.7	 16.1	  3.8	 96.2	 28.0	0	    0
	    0
	    0
 4876	    3	 21.3	 22.8	 15.6	  3.6	 89.6	 17.8	0	    0
	    0
	    0
 4879	    3	 22.6	 24.0	 16.6	  3.7	 93.3	  2.8	0	    0
	    0
	    0
	    0
	    0
	    0
	    0
	    0
	    0
	    0
	    0
	    0
	    0
	    0
	    0
	    0
	    0
	    0
	    0
	    0
 4899	    3	 22.6	 23.4	 16.0	  3.7	 86.9	 52.0	0	    0
	    0
	    0
	    0
	    0
	    0
	    0
	    0
	    0
 4908	    3	 19.0	 22.9	 16.2	  3.2	 80.1	 90.5	0	    0
 4909	    5	 24.1	 17.8	  8.8	  7.3	 77.3	 66.6	0	    0
	    0
	    0
 4912	    3	 27.8	 25.5	 17.4	  4.3	 47.1	 41.4	0	    0
	    0
 4914	    3	 24.6	 24.5	 16.7	  3.9	 58.3	 81.7	0	    0
	    0
 4916	    3	 23.4	 24.2	 16.7	  3.8	 14.5	 90.3	0	    0
	    0
	    0
	    0
	    0
	    0
	    0
	    0
	    0
	    0
	    0
 4927	    5	 29.9	 18.9	  9.4	  8.4	  8.5	 22.2	0	    0
	    0
	    0
 4930	    3	 24.1	 24.5	 16.8	  3.9	 68.9	 98.1	0	    0
	    0
	    0
	    0
	    0
	    0
	    0
	    0
	    0
	    0
	    0
	    0
	    0
	    0
	    0
 4945	    3	 23.0	 24.1	 16.6	  3.7	 93.2	 13.1	0	    0
	    0
	    0
	    0
	    0
	    0
	    0
	    0
	    0
 4954	    3	 26.3	 25.0	 17.1	  4.1	 38.8	 72.1	0	    0
	    0
	    0
 4957	    5	 26.4	 18.8	  9.3	  7.7	  4.1	 60.5	0	    0
	    0
	    0
	    0
	    0
	    0
 4963	    3	 24.9	 24.7	 16.9	  4.0	 96.3	 94.7	0	    0
	    0
	    0
	    0
	    0
	    0
	    0
 4970	    3	 22.9	 23.6	 16.1	  3.8	 94.6	 96.9	0	    0
	    0
	    0
	    0
	    0
	    0
	    0
	    0
	    0
	    0
 4980	    5	 31.5	 19.6	  9.7	  8.6	 48.1	 69.2	0	    0
 4981	    3	 23.3	 23.7	 16.2	  3.8	  7.1	 72.2	0	    0
	    0
	    0
 4984	    5	 25.1	 18.2	  9.0	  7.5	 15.1	 53.8	0	    0
	    0
	    0
 4987	    3	 24.1	 24.4	 16.7	  3.9	 79.0	 24.0	0	    0
	    0
 4989	    3	 23.2	 24.3	 16.8	  3.7	 79.5	 68.5	1	    0
	    0
	    0
	    0
	    0
	    0
	    0
	    0
	    0
	    0
	    0
	    0
