Nr	Art	BHD	h	kra	kd	x	y	kenn	mort
	    0
	    0
	    0
    4	    3	 24.3	 24.5	 16.8	  3.9	 60.4	 29.1	0	    0
	    0
	    0
	    0
	    0
	    0
	    0
	    0
	    0
	    0
	    0
	    0
	    0
	    0
	    0
	    0
	    0
	    0
	    0
	    0
   24	    5	 27.5	 18.7	  9.3	  7.9	 74.2	 32.6	0	    0
	    0
	    0
	    0
	    0
	    0
	    0
	    0
	    0
	    0
	    0
	    0
	    0
	    0
	    0
	    0
	    0
	    0
	    0
	    0
	    0
   45	    3	 27.1	 25.4	 17.4	  4.2	 15.8	 22.8	0	    0
   46	    5	 29.6	 19.1	  9.5	  8.3	 58.4	 97.8	1	    0
	    0
	    0
   49	    5	 32.8	 19.3	  9.6	  8.9	 37.0	 84.5	0	    0
	    0
	    0
	    0
	    0
	    0
	    0
	    0
	    0
	    0
	    0
	    0
   61	    3	 22.7	 23.5	 16.1	  3.7	 85.0	 48.0	0	    0
   62	    3	 23.3	 24.0	 16.4	  3.8	 48.4	 14.0	0	    0
   63	    3	 27.3	 25.3	 17.3	  4.2	 92.6	 35.7	0	    0
	    0
	    0
	    0
	    0
	    0
	    0
	    0
	    0
	    0
	    0
	    0
	    0
	    0
	    0
	    0
	    0
	    0
	    0
	    0
	    0
	    0
	    0
	    0
	    0
   88	    3	 25.4	 24.8	 16.9	  4.0	 45.6	  9.1	0	    0
	    0
	    0
	    0
	    0
	    0
   94	    5	 30.8	 19.4	  9.7	  8.5	 27.9	 95.9	0	    0
   95	    3	 27.9	 25.6	 17.5	  4.3	  3.3	 71.7	1	    0
	    0
	    0
	    0
	    0
	    0
	    0
	    0
	    0
  104	    3	 25.9	 24.9	 17.0	  4.1	 24.3	 65.1	0	    0
  105	    5	 28.1	 18.7	  9.3	  8.1	 72.5	 80.5	0	    0
	    0
	    0
  108	    5	 27.9	 19.3	  9.6	  7.9	 69.7	 32.3	0	    0
	    0
	    0
	    0
  112	    3	 24.5	 24.5	 16.8	  3.9	 68.0	 22.5	0	    0
	    0
	    0
	    0
	    0
	    0
  118	    3	 26.5	 25.1	 17.1	  4.1	 84.3	 76.8	0	    0
	    0
	    0
	    0
	    0
	    0
	    0
	    0
  126	    3	 26.1	 25.0	 17.0	  4.1	 97.3	 53.5	0	    0
	    0
	    0
	    0
	    0
	    0
	    0
	    0
	    0
	    0
	    0
	    0
	    0
	    0
	    0
  141	    5	 31.8	 19.4	  9.6	  8.7	 13.0	 85.5	0	    0
	    0
	    0
	    0
	    0
	    0
	    0
  148	    3	 24.8	 24.6	 16.8	  4.0	 57.4	 83.8	0	    0
	    0
	    0
	    0
	    0
	    0
  154	    3	 25.5	 24.9	 17.0	  4.0	 57.2	 13.6	0	    0
	    0
	    0
	    0
	    0
	    0
	    0
	    0
	    0
	    0
	    0
  165	    5	 31.6	 19.7	  9.8	  8.6	 66.6	 75.4	0	    0
	    0
	    0
	    0
	    0
  170	    3	 27.2	 25.3	 17.2	  4.2	 93.5	 27.3	0	    0
  171	    3	 25.9	 24.9	 17.0	  4.1	  0.7	 40.5	0	    0
	    0
  173	    3	 21.6	 23.6	 16.4	  3.6	 59.4	 61.4	1	    0
	    0
	    0
	    0
	    0
	    0
	    0
	    0
  181	    3	 25.5	 24.8	 17.0	  4.0	 65.2	 32.1	0	    0
  182	    5	 26.8	 18.4	  9.1	  7.8	 49.4	 38.3	0	    0
	    0
  184	    5	 30.3	 19.2	  9.5	  8.4	 62.3	  4.7	0	    0
	    0
	    0
	    0
  188	    3	 24.9	 24.6	 16.8	  4.0	 55.0	 86.2	0	    0
  189	    5	 29.4	 18.9	  9.4	  8.3	 51.2	 90.3	0	    0
	    0
	    0
	    0
	    0
	    0
	    0
	    0
	    0
	    0
	    0
	    0
  201	    5	 28.8	 18.7	  9.3	  8.2	 92.9	 37.0	0	    0
	    0
	    0
	    0
	    0
	    0
	    0
	    0
	    0
	    0
	    0
	    0
	    0
	    0
	    0
	    0
	    0
	    0
  219	    3	 24.2	 24.4	 16.7	  3.9	 52.5	  6.5	0	    0
	    0
	    0
	    0
	    0
	    0
	    0
	    0
	    0
	    0
	    0
	    0
	    0
  232	    3	 26.1	 25.0	 17.0	  4.1	 34.2	 78.2	0	    0
	    0
	    0
	    0
	    0
	    0
	    0
	    0
	    0
	    0
	    0
	    0
	    0
	    0
	    0
	    0
	    0
	    0
	    0
	    0
	    0
	    0
	    0
	    0
	    0
	    0
	    0
	    0
	    0
	    0
	    0
	    0
	    0
	    0
	    0
	    0
	    0
	    0
	    0
	    0
	    0
	    0
	    0
	    0
  276	    3	 25.2	 24.7	 16.8	  4.0	 41.1	  1.5	0	    0
	    0
	    0
	    0
	    0
	    0
	    0
	    0
	    0
	    0
	    0
	    0
  288	    5	 28.5	 18.5	  9.2	  8.2	 29.9	 45.6	0	    0
	    0
	    0
	    0
	    0
  293	    3	 22.9	 24.0	 16.5	  3.7	 81.4	 68.1	0	    0
	    0
	    0
	    0
	    0
	    0
  299	    3	 22.9	 24.1	 16.6	  3.7	 60.6	 97.1	0	    0
	    0
  301	    5	 33.2	 19.9	  9.9	  8.9	 67.0	 95.9	0	    0
	    0
	    0
	    0
	    0
	    0
	    0
	    0
	    0
	    0
	    0
	    0
	    0
	    0
	    0
	    0
	    0
	    0
	    0
  320	    3	 23.3	 24.2	 16.7	  3.8	 97.7	 72.7	0	    0
	    0
	    0
  323	    3	 23.4	 24.3	 16.7	  3.8	 83.1	 28.2	1	    0
  324	    3	 22.8	 23.9	 16.4	  3.7	 71.0	 44.8	1	    0
  325	    3	 24.3	 24.3	 16.7	  3.9	  4.7	 28.5	0	    0
	    0
  327	    3	 25.7	 24.9	 17.1	  4.0	 29.8	 22.4	1	    0
	    0
	    0
	    0
	    0
	    0
  333	    3	 22.7	 23.9	 16.5	  3.7	 34.5	 41.8	0	    0
	    0
	    0
	    0
	    0
  338	    3	 26.7	 25.1	 17.1	  4.2	  9.3	 13.1	0	    0
	    0
	    0
	    0
	    0
	    0
	    0
	    0
  346	    5	 29.0	 19.0	  9.4	  8.2	 61.3	 68.0	0	    0
	    0
	    0
	    0
	    0
	    0
  352	    5	 31.5	 19.6	  9.7	  8.6	 52.0	 49.0	0	    0
	    0
	    0
	    0
	    0
	    0
	    0
  359	    5	 30.9	 19.5	  9.7	  8.5	  2.4	 64.3	0	    0
	    0
	    0
	    0
	    0
	    0
	    0
	    0
	    0
	    0
	    0
	    0
	    0
	    0
	    0
	    0
	    0
	    0
	    0
  378	    5	 33.7	 19.5	  9.7	  9.1	 31.4	  4.5	0	    0
  379	    3	 24.8	 24.7	 17.0	  3.9	 28.0	 93.0	0	    0
	    0
	    0
	    0
	    0
	    0
	    0
	    0
	    0
	    0
	    0
	    0
  391	    5	 30.1	 18.7	  9.3	  8.5	 54.8	 61.6	0	    0
	    0
	    0
	    0
	    0
	    0
	    0
	    0
  399	    3	 24.9	 24.7	 17.0	  4.0	 52.8	 38.9	0	    0
	    0
	    0
	    0
	    0
  404	    3	 23.1	 24.1	 16.6	  3.7	 32.8	 96.6	0	    0
	    0
	    0
	    0
	    0
	    0
	    0
  411	    3	 25.2	 24.8	 17.0	  4.0	 24.5	 16.8	0	    0
  412	    3	 23.8	 23.8	 16.2	  3.9	 53.8	 20.1	0	    0
	    0
  414	    3	 21.9	 23.8	 16.5	  3.6	  7.0	 32.6	0	    0
	    0
	    0
  417	    3	 24.3	 24.4	 16.7	  3.9	 89.1	 34.9	0	    0
	    0
	    0
	    0
	    0
	    0
	    0
	    0
  425	    3	 26.9	 25.2	 17.2	  4.2	 79.3	 77.3	0	    0
	    0
  427	    3	 24.0	 24.4	 16.8	  3.9	 65.3	 35.9	0	    0
	    0
	    0
	    0
	    0
	    0
	    0
  434	    3	 26.0	 25.0	 17.1	  4.1	 17.5	 46.9	0	    0
	    0
  436	    5	 27.8	 19.0	  9.4	  7.9	 37.6	 15.8	0	    0
	    0
	    0
  439	    3	 24.2	 24.0	 16.3	  3.9	 35.6	 71.1	0	    0
	    0
	    0
	    0
	    0
	    0
	    0
	    0
	    0
	    0
	    0
  450	    3	 22.5	 23.7	 16.3	  3.7	 25.3	 32.5	0	    0
	    0
	    0
	    0
	    0
  455	    5	 28.5	 18.8	  9.3	  8.1	 28.0	 81.0	0	    0
	    0
	    0
	    0
	    0
	    0
	    0
	    0
	    0
	    0
	    0
	    0
	    0
	    0
	    0
	    0
	    0
	    0
	    0
	    0
	    0
	    0
	    0
	    0
	    0
	    0
	    0
	    0
	    0
	    0
	    0
	    0
	    0
  488	    5	 27.0	 18.7	  9.3	  7.8	 78.9	 52.6	0	    0
	    0
	    0
  491	    3	 27.0	 25.3	 17.2	  4.2	 60.6	 55.1	0	    0
	    0
	    0
	    0
	    0
	    0
	    0
	    0
	    0
	    0
	    0
	    0
	    0
	    0
	    0
	    0
	    0
	    0
	    0
	    0
	    0
  512	    3	 23.2	 24.2	 16.7	  3.8	 66.5	 31.7	1	    0
	    0
	    0
	    0
	    0
	    0
	    0
	    0
	    0
	    0
	    0
	    0
	    0
	    0
	    0
	    0
	    0
	    0
	    0
	    0
	    0
	    0
	    0
	    0
	    0
	    0
	    0
	    0
  540	    5	 27.9	 18.6	  9.2	  8.0	 94.7	 13.3	0	    0
	    0
	    0
	    0
	    0
	    0
	    0
	    0
	    0
	    0
	    0
	    0
	    0
	    0
	    0
  555	    3	 25.7	 24.9	 17.0	  4.1	 20.0	 26.3	0	    0
	    0
	    0
	    0
  559	    3	 27.0	 25.4	 17.4	  4.2	 27.0	 36.5	1	    0
	    0
	    0
	    0
	    0
	    0
	    0
	    0
	    0
	    0
	    0
	    0
	    0
	    0
	    0
	    0
	    0
	    0
	    0
  578	    5	 27.3	 18.7	  9.3	  7.9	 86.4	 84.2	0	    0
	    0
  580	    3	 25.1	 24.9	 17.1	  4.0	 90.9	 37.8	1	    0
	    0
	    0
	    0
	    0
	    0
	    0
	    0
	    0
	    0
	    0
	    0
	    0
	    0
	    0
	    0
  596	    3	 24.2	 23.8	 16.1	  3.9	 80.4	 18.2	0	    0
	    0
	    0
	    0
	    0
	    0
	    0
	    0
	    0
	    0
	    0
	    0
	    0
	    0
	    0
  611	    3	 24.9	 24.3	 16.5	  4.0	 99.3	 68.1	0	    0
	    0
  613	    3	 28.4	 25.6	 17.4	  4.4	 44.0	 50.8	0	    0
	    0
  615	    3	 23.9	 24.4	 16.7	  3.8	  4.5	 45.9	0	    0
	    0
	    0
	    0
	    0
	    0
	    0
	    0
	    0
	    0
	    0
	    0
	    0
  628	    3	 23.7	 23.6	 16.0	  3.9	 27.4	  9.0	0	    0
	    0
	    0
	    0
  632	    3	 26.5	 25.2	 17.2	  4.1	 56.6	 50.2	0	    0
  633	    3	 25.2	 24.8	 16.9	  4.0	 92.4	 94.4	0	    0
  634	    3	 26.3	 25.1	 17.1	  4.1	 46.1	 97.8	0	    0
	    0
	    0
	    0
	    0
	    0
	    0
	    0
	    0
	    0
	    0
	    0
	    0
  647	    3	 25.9	 25.0	 17.1	  4.1	 74.4	 44.9	0	    0
	    0
	    0
	    0
	    0
	    0
  653	    3	 24.2	 24.4	 16.8	  3.9	 47.4	 90.2	0	    0
	    0
	    0
	    0
	    0
	    0
	    0
  660	    3	 22.6	 22.5	 15.1	  3.8	 13.5	 62.8	0	    0
	    0
	    0
	    0
	    0
	    0
	    0
	    0
	    0
	    0
  670	    3	 22.9	 23.8	 16.3	  3.7	 62.6	 75.9	0	    0
  671	    5	 26.4	 18.3	  9.1	  7.7	 32.8	 55.7	0	    0
	    0
	    0
  674	    5	 28.9	 18.7	  9.3	  8.2	 60.9	  2.5	0	    0
	    0
	    0
	    0
	    0
	    0
	    0
	    0
	    0
	    0
	    0
	    0
	    0
  687	    3	 26.4	 25.2	 17.2	  4.1	 23.3	 68.9	0	    0
	    0
  689	    3	 21.4	 23.7	 16.5	  3.5	 77.6	 19.1	0	    0
	    0
	    0
	    0
	    0
  694	    5	 27.3	 18.4	  9.1	  7.9	 11.3	 64.5	0	    0
	    0
	    0
	    0
  698	    3	 22.0	 23.7	 16.4	  3.6	 30.8	 94.8	0	    0
	    0
	    0
	    0
  702	    3	 26.4	 25.0	 17.0	  4.1	 84.6	 13.0	0	    0
	    0
	    0
	    0
	    0
  707	    3	 26.7	 25.2	 17.2	  4.2	  5.4	 99.5	0	    0
	    0
	    0
	    0
	    0
	    0
	    0
	    0
	    0
	    0
	    0
	    0
	    0
  720	    5	 27.5	 18.3	  9.1	  8.0	 39.3	 35.4	0	    0
	    0
	    0
	    0
	    0
	    0
	    0
	    0
	    0
  729	    3	 26.4	 25.0	 17.1	  4.1	 35.8	 37.5	0	    0
	    0
	    0
  732	    3	 25.3	 24.7	 16.9	  4.0	 90.5	 28.6	0	    0
	    0
	    0
	    0
	    0
  737	    3	 24.6	 24.6	 16.8	  3.9	 21.3	 57.9	0	    0
	    0
  739	    3	 22.9	 23.9	 16.5	  3.7	  6.0	 33.7	0	    0
	    0
	    0
	    0
	    0
	    0
	    0
  746	    3	 24.3	 24.5	 16.8	  3.9	 90.7	  9.5	0	    0
  747	    3	 24.3	 24.4	 16.7	  3.9	 90.4	 22.4	1	    0
	    0
	    0
  750	    3	 23.7	 24.4	 16.8	  3.8	 42.9	 38.3	0	    0
	    0
	    0
	    0
	    0
	    0
  756	    3	 27.7	 25.5	 17.4	  4.3	 58.7	 73.5	0	    0
	    0
	    0
	    0
  760	    3	 24.0	 24.4	 16.8	  3.8	 50.2	 26.2	0	    0
  761	    3	 24.8	 24.7	 17.0	  3.9	  0.9	 20.7	0	    0
	    0
  763	    3	 26.2	 24.7	 16.8	  4.1	  8.6	 70.3	0	    0
	    0
  765	    3	 25.0	 24.7	 17.0	  4.0	 33.5	 92.4	0	    0
	    0
	    0
	    0
	    0
	    0
	    0
	    0
	    0
	    0
  775	    3	 21.8	 23.5	 16.2	  3.6	 72.5	 38.4	0	    0
	    0
	    0
  778	    3	 22.7	 24.0	 16.6	  3.7	 11.7	 70.3	1	    0
	    0
  780	    5	 31.6	 19.5	  9.7	  8.6	 30.6	 27.0	0	    0
	    0
	    0
	    0
	    0
	    0
	    0
	    0
	    0
	    0
	    0
	    0
	    0
	    0
	    0
	    0
	    0
  797	    3	 25.8	 24.8	 16.9	  4.1	 62.7	 21.7	0	    0
	    0
	    0
	    0
	    0
  802	    3	 22.9	 23.8	 16.3	  3.7	 11.5	 64.2	0	    0
	    0
	    0
	    0
	    0
	    0
	    0
  809	    3	 25.3	 24.8	 17.0	  4.0	 27.7	 87.0	0	    0
	    0
  811	    5	 26.5	 18.3	  9.1	  7.8	 23.5	 80.3	0	    0
	    0
	    0
  814	    3	 25.7	 24.9	 17.0	  4.1	 89.0	 24.4	0	    0
	    0
	    0
	    0
	    0
	    0
	    0
	    0
	    0
	    0
  824	    5	 29.0	 18.9	  9.4	  8.2	 67.9	 69.0	0	    0
	    0
	    0
	    0
	    0
	    0
	    0
	    0
	    0
	    0
	    0
	    0
	    0
	    0
  838	    5	 31.2	 19.4	  9.6	  8.6	  1.5	 12.4	0	    0
	    0
  840	    5	 31.8	 19.4	  9.6	  8.7	 48.7	 23.5	0	    0
	    0
	    0
	    0
	    0
	    0
	    0
	    0
	    0
	    0
	    0
	    0
	    0
  853	    5	 33.5	 19.7	  9.8	  9.0	 90.5	 70.1	0	    0
	    0
	    0
	    0
	    0
	    0
	    0
	    0
	    0
	    0
	    0
	    0
	    0
	    0
	    0
	    0
	    0
	    0
	    0
	    0
	    0
  874	    3	 25.3	 24.6	 16.7	  4.0	 74.6	  3.4	0	    0
	    0
	    0
	    0
  878	    3	 26.2	 24.9	 17.0	  4.1	 96.7	 36.6	1	    0
	    0
  880	    5	 31.2	 19.5	  9.7	  8.6	 28.4	 77.6	0	    0
	    0
  882	    3	 26.7	 25.1	 17.1	  4.2	 64.8	 74.9	0	    0
	    0
	    0
	    0
	    0
	    0
	    0
	    0
	    0
  891	    5	 32.1	 19.1	  9.5	  8.8	  4.7	 22.5	0	    0
	    0
	    0
	    0
	    0
	    0
	    0
	    0
	    0
	    0
	    0
	    0
	    0
	    0
	    0
	    0
	    0
	    0
	    0
  910	    3	 25.5	 24.8	 17.0	  4.0	 48.7	 16.4	0	    0
	    0
	    0
	    0
	    0
	    0
  916	    3	 27.1	 25.3	 17.3	  4.2	 55.0	 98.4	0	    0
	    0
	    0
	    0
	    0
	    0
	    0
	    0
	    0
	    0
	    0
	    0
	    0
	    0
	    0
  931	    3	 26.7	 25.0	 17.0	  4.2	 39.8	 28.1	0	    0
	    0
	    0
	    0
	    0
	    0
	    0
	    0
  939	    3	 23.1	 24.0	 16.5	  3.8	  2.8	 15.3	0	    0
	    0
	    0
	    0
	    0
  944	    3	 27.0	 25.3	 17.2	  4.2	 23.2	 40.9	0	    0
  945	    3	 24.4	 24.5	 16.8	  3.9	 21.3	 52.4	0	    0
	    0
	    0
	    0
	    0
	    0
	    0
	    0
	    0
	    0
	    0
	    0
	    0
	    0
	    0
	    0
  961	    3	 25.4	 24.7	 16.9	  4.0	 52.0	  0.7	0	    0
	    0
  963	    3	 23.9	 24.2	 16.6	  3.8	 97.5	 44.8	0	    0
	    0
	    0
	    0
	    0
	    0
	    0
	    0
	    0
	    0
	    0
	    0
	    0
	    0
	    0
	    0
	    0
	    0
	    0
	    0
	    0
  984	    3	 24.7	 24.5	 16.7	  3.9	 30.3	 24.4	0	    0
	    0
	    0
	    0
	    0
  989	    3	 23.9	 24.5	 16.9	  3.8	 68.9	 39.0	0	    0
	    0
	    0
	    0
	    0
	    0
	    0
	    0
	    0
  998	    3	 25.2	 24.8	 17.0	  4.0	  4.0	 64.6	0	    0
	    0
 1000	    3	 26.5	 25.0	 17.1	  4.1	 19.8	 52.0	0	    0
	    0
	    0
	    0
	    0
	    0
	    0
	    0
 1008	    3	 23.1	 24.0	 16.5	  3.8	 61.5	 45.7	0	    0
 1009	    3	 25.3	 24.7	 16.9	  4.0	 35.0	 32.6	0	    0
	    0
	    0
	    0
 1013	    5	 27.9	 18.9	  9.4	  8.0	 33.9	 41.0	0	    0
	    0
	    0
	    0
 1017	    3	 25.8	 24.9	 17.0	  4.1	 90.5	 67.4	1	    0
 1018	    5	 32.1	 19.2	  9.5	  8.8	 54.3	 24.8	0	    0
	    0
	    0
	    0
	    0
	    0
	    0
	    0
	    0
	    0
	    0
	    0
	    0
 1031	    5	 30.9	 19.2	  9.5	  8.6	 47.5	 34.1	0	    0
	    0
	    0
	    0
	    0
	    0
	    0
	    0
	    0
	    0
	    0
	    0
 1043	    3	 24.9	 24.6	 16.9	  4.0	 32.5	 78.2	0	    0
	    0
 1045	    3	 25.6	 24.8	 16.9	  4.0	 81.5	 12.6	0	    0
	    0
	    0
 1048	    5	 28.0	 18.8	  9.3	  8.0	  3.7	 15.2	0	    0
 1049	    3	 26.0	 25.0	 17.1	  4.1	 81.9	 21.5	0	    0
	    0
	    0
	    0
	    0
	    0
 1055	    3	 25.6	 24.8	 17.0	  4.0	 29.9	 35.3	0	    0
	    0
	    0
 1058	    5	 32.0	 19.5	  9.7	  8.8	 64.4	 83.1	0	    0
	    0
	    0
	    0
 1062	    5	 26.0	 18.4	  9.1	  7.6	 10.9	 94.7	0	    0
	    0
	    0
	    0
	    0
	    0
	    0
	    0
	    0
	    0
	    0
	    0
	    0
	    0
	    0
 1077	    3	 26.4	 25.1	 17.1	  4.1	 41.3	 57.6	0	    0
	    0
 1079	    3	 25.0	 24.6	 16.9	  4.0	 75.8	 61.4	0	    0
	    0
 1081	    3	 24.9	 24.8	 17.0	  4.0	 14.4	 66.5	0	    0
	    0
	    0
	    0
	    0
	    0
	    0
	    0
	    0
	    0
 1091	    5	 26.9	 18.9	  9.4	  7.8	 41.2	 35.3	0	    0
	    0
	    0
	    0
	    0
	    0
	    0
	    0
	    0
	    0
	    0
	    0
	    0
 1104	    3	 24.5	 23.8	 16.1	  4.0	 92.6	 73.5	0	    0
 1105	    3	 25.3	 24.7	 16.8	  4.0	 70.7	 31.9	0	    0
	    0
 1107	    5	 28.9	 18.9	  9.4	  8.2	  1.1	 47.1	0	    0
 1108	    3	 23.1	 24.2	 16.7	  3.7	 52.8	 75.5	0	    0
	    0
 1110	    5	 32.5	 19.7	  9.8	  8.8	 25.5	 71.7	0	    0
	    0
	    0
	    0
	    0
	    0
	    0
	    0
	    0
	    0
	    0
	    0
	    0
	    0
	    0
	    0
	    0
	    0
	    0
	    0
	    0
 1131	    3	 24.0	 24.4	 16.7	  3.8	  7.5	 16.3	1	    0
	    0
	    0
	    0
	    0
	    0
	    0
	    0
	    0
	    0
	    0
 1142	    3	 24.2	 24.4	 16.7	  3.9	 57.1	 58.7	0	    0
 1143	    3	 28.1	 25.5	 17.4	  4.3	 89.1	 93.1	1	    0
	    0
	    0
	    0
 1147	    3	 23.6	 24.3	 16.7	  3.8	 62.1	 65.7	1	    0
	    0
	    0
	    0
	    0
	    0
	    0
 1154	    5	 31.0	 19.4	  9.7	  8.6	 55.6	 76.1	0	    0
	    0
	    0
	    0
	    0
	    0
	    0
	    0
	    0
	    0
	    0
	    0
	    0
	    0
 1168	    5	 33.4	 20.0	 10.0	  8.9	 15.5	 33.3	0	    0
	    0
	    0
	    0
	    0
	    0
	    0
	    0
	    0
	    0
	    0
 1179	    5	 31.4	 19.2	  9.5	  8.7	 42.0	 19.6	0	    0
	    0
	    0
 1182	    3	 28.0	 25.5	 17.4	  4.3	 48.8	 83.3	0	    0
 1183	    5	 31.5	 19.1	  9.5	  8.7	 75.0	 63.2	0	    0
	    0
	    0
	    0
	    0
	    0
	    0
	    0
	    0
	    0
	    0
	    0
	    0
	    0
	    0
	    0
	    0
 1200	    3	 26.3	 25.1	 17.1	  4.1	 12.7	 44.2	0	    0
	    0
 1202	    3	 27.6	 25.5	 17.4	  4.3	 48.3	  4.0	0	    0
	    0
	    0
	    0
 1206	    3	 25.9	 24.9	 17.0	  4.1	  7.7	 22.4	0	    0
	    0
	    0
	    0
	    0
	    0
 1212	    3	 26.7	 24.9	 16.9	  4.2	 81.6	 37.5	1	    0
	    0
 1214	    3	 24.6	 24.5	 16.7	  3.9	 86.4	 24.6	0	    0
	    0
	    0
	    0
	    0
	    0
 1220	    3	 26.4	 24.9	 16.9	  4.1	 56.6	 58.3	0	    0
	    0
	    0
	    0
	    0
	    0
	    0
	    0
 1228	    3	 25.8	 25.0	 17.1	  4.1	 64.1	 13.2	0	    0
 1229	    3	 24.6	 23.8	 16.0	  4.0	 62.5	 63.4	1	    0
 1230	    3	 26.8	 25.2	 17.2	  4.2	 42.9	 67.5	0	    0
 1231	    3	 23.2	 24.3	 16.7	  3.8	 26.1	  1.6	0	    0
	    0
	    0
	    0
	    0
	    0
	    0
 1238	    5	 27.6	 18.8	  9.3	  7.9	 88.5	 68.4	0	    0
	    0
	    0
	    0
	    0
	    0
	    0
	    0
	    0
	    0
	    0
	    0
	    0
	    0
	    0
 1253	    3	 24.7	 24.6	 16.8	  3.9	 23.2	  9.7	0	    0
	    0
	    0
	    0
	    0
	    0
	    0
	    0
 1261	    3	 23.1	 24.0	 16.5	  3.7	 80.1	 24.6	0	    0
	    0
	    0
	    0
	    0
	    0
	    0
	    0
	    0
	    0
	    0
 1272	    3	 25.8	 24.7	 16.8	  4.1	 10.0	 31.7	0	    0
	    0
	    0
	    0
	    0
 1277	    3	 26.3	 24.6	 16.6	  4.1	  5.4	 97.3	0	    0
	    0
 1279	    3	 23.6	 24.2	 16.6	  3.8	 70.5	 66.7	0	    0
 1280	    5	 28.9	 19.0	  9.4	  8.2	 73.2	 83.4	0	    0
	    0
 1282	    3	 23.5	 24.3	 16.7	  3.8	 73.1	 97.3	0	    0
	    0
	    0
	    0
	    0
	    0
	    0
	    0
	    0
 1291	    3	 22.7	 24.1	 16.7	  3.7	 17.5	 98.9	0	    0
	    0
	    0
	    0
	    0
	    0
 1297	    3	 26.5	 25.1	 17.1	  4.1	 34.4	 43.6	0	    0
	    0
	    0
	    0
	    0
	    0
	    0
 1304	    5	 29.7	 18.9	  9.4	  8.4	 31.7	 98.3	1	    0
	    0
	    0
	    0
 1308	    3	 24.4	 24.5	 16.8	  3.9	 43.2	 15.6	0	    0
	    0
	    0
	    0
	    0
	    0
	    0
	    0
 1316	    3	 25.9	 25.2	 17.2	  4.1	 61.6	  4.7	1	    0
	    0
	    0
	    0
	    0
	    0
 1322	    3	 24.7	 24.6	 16.9	  3.9	 77.5	 49.0	0	    0
	    0
 1324	    5	 28.2	 18.4	  9.1	  8.1	 50.8	 58.7	0	    0
	    0
	    0
	    0
	    0
	    0
	    0
	    0
	    0
	    0
	    0
	    0
	    0
	    0
	    0
	    0
	    0
	    0
	    0
	    0
	    0
	    0
	    0
	    0
	    0
 1349	    3	 25.1	 24.6	 16.8	  4.0	 83.0	 42.8	0	    0
	    0
	    0
	    0
	    0
	    0
	    0
	    0
	    0
	    0
	    0
	    0
 1361	    3	 23.2	 24.3	 16.8	  3.7	 55.1	 92.1	1	    0
	    0
 1363	    3	 25.0	 24.6	 16.8	  4.0	 21.2	 12.3	1	    0
	    0
	    0
 1366	    3	 26.2	 25.1	 17.1	  4.1	 88.4	 20.3	0	    0
	    0
	    0
 1369	    3	 22.6	 23.5	 16.1	  3.7	 15.1	 60.1	0	    0
 1370	    3	 23.9	 24.4	 16.8	  3.8	 10.8	 85.2	0	    0
	    0
	    0
	    0
	    0
	    0
	    0
	    0
	    0
 1379	    3	 23.1	 24.2	 16.7	  3.7	 73.3	  1.6	0	    0
	    0
	    0
	    0
	    0
	    0
 1385	    5	 27.1	 18.6	  9.3	  7.8	 85.8	 12.6	0	    0
	    0
	    0
 1388	    3	 23.7	 24.3	 16.7	  3.8	 88.4	 59.9	0	    0
	    0
	    0
	    0
	    0
	    0
	    0
 1395	    5	 28.5	 19.0	  9.5	  8.1	 30.1	 10.6	0	    0
	    0
	    0
	    0
	    0
	    0
	    0
	    0
	    0
	    0
	    0
	    0
	    0
	    0
	    0
	    0
	    0
 1412	    5	 28.6	 19.0	  9.4	  8.1	 81.5	 78.2	0	    0
	    0
	    0
	    0
	    0
	    0
	    0
	    0
	    0
	    0
	    0
	    0
	    0
 1425	    3	 26.0	 25.0	 17.1	  4.1	  5.7	 87.0	0	    0
	    0
	    0
	    0
	    0
	    0
	    0
	    0
	    0
	    0
	    0
	    0
	    0
	    0
	    0
	    0
	    0
	    0
	    0
	    0
	    0
 1446	    3	 24.9	 24.6	 16.8	  4.0	 58.6	 91.4	0	    0
	    0
	    0
	    0
	    0
	    0
	    0
	    0
	    0
	    0
	    0
 1457	    5	 27.0	 18.7	  9.3	  7.8	 67.5	 89.8	1	    0
	    0
	    0
	    0
	    0
	    0
	    0
	    0
	    0
	    0
	    0
	    0
	    0
	    0
	    0
	    0
	    0
	    0
	    0
	    0
	    0
	    0
	    0
	    0
	    0
	    0
	    0
 1484	    5	 31.4	 19.6	  9.8	  8.6	 66.1	 67.7	0	    0
	    0
	    0
	    0
	    0
 1489	    3	 22.0	 23.7	 16.4	  3.6	 73.2	 91.0	0	    0
 1490	    3	 25.7	 24.7	 16.8	  4.1	 62.8	 18.8	0	    0
	    0
	    0
	    0
	    0
 1495	    3	 23.4	 24.0	 16.5	  3.8	 47.0	 47.0	0	    0
 1496	    3	 24.1	 24.5	 16.8	  3.9	 33.6	 63.6	0	    0
	    0
	    0
	    0
	    0
 1501	    3	 25.8	 24.9	 17.0	  4.1	 45.1	 65.7	1	    0
	    0
	    0
 1504	    5	 30.8	 19.0	  9.4	  8.6	  9.8	  0.0	0	    0
	    0
	    0
	    0
	    0
	    0
	    0
	    0
 1512	    3	 26.1	 25.0	 17.1	  4.1	 90.1	 12.1	1	    0
	    0
	    0
	    0
	    0
	    0
	    0
	    0
 1520	    3	 24.8	 24.6	 16.8	  4.0	 65.3	  1.2	0	    0
	    0
	    0
	    0
 1524	    5	 28.6	 18.9	  9.4	  8.1	  4.5	 52.8	0	    0
	    0
	    0
	    0
 1528	    3	 27.7	 25.3	 17.2	  4.3	 91.5	 65.5	0	    0
	    0
	    0
	    0
	    0
	    0
	    0
	    0
	    0
	    0
	    0
 1539	    3	 24.9	 24.8	 17.0	  4.0	 16.3	 78.8	1	    0
 1540	    3	 23.9	 24.5	 16.9	  3.8	 83.1	 86.0	0	    0
	    0
	    0
	    0
	    0
	    0
	    0
	    0
	    0
	    0
	    0
	    0
	    0
 1553	    5	 31.5	 19.5	  9.7	  8.6	 31.3	 59.6	0	    0
 1554	    3	 26.7	 25.2	 17.2	  4.2	 91.7	 54.1	0	    0
	    0
	    0
	    0
	    0
	    0
	    0
	    0
	    0
 1563	    3	 27.0	 25.2	 17.2	  4.2	 92.8	 62.1	0	    0
	    0
	    0
	    0
 1567	    3	 23.8	 24.6	 17.0	  3.8	  1.7	 86.5	1	    0
	    0
	    0
	    0
 1571	    3	 24.2	 24.6	 16.9	  3.9	 80.2	 36.7	0	    0
	    0
	    0
	    0
	    0
	    0
 1577	    3	 24.3	 24.3	 16.6	  3.9	 63.2	  0.6	0	    0
	    0
	    0
	    0
	    0
	    0
	    0
	    0
	    0
	    0
	    0
	    0
	    0
 1590	    3	 25.8	 24.9	 17.0	  4.1	 22.2	  1.5	0	    0
	    0
	    0
	    0
	    0
	    0
	    0
	    0
	    0
	    0
	    0
	    0
	    0
	    0
	    0
	    0
	    0
	    0
	    0
	    0
	    0
	    0
 1612	    3	 24.2	 24.4	 16.7	  3.9	 26.2	 44.9	1	    0
	    0
	    0
	    0
	    0
	    0
	    0
	    0
	    0
	    0
	    0
 1623	    3	 26.3	 25.0	 17.1	  4.1	 26.5	 64.3	0	    0
	    0
 1625	    5	 32.9	 19.6	  9.7	  8.9	 60.4	 50.9	0	    0
	    0
	    0
	    0
	    0
	    0
	    0
	    0
	    0
	    0
 1635	    3	 24.9	 24.3	 16.5	  4.0	 81.2	 81.6	1	    0
	    0
	    0
	    0
	    0
	    0
	    0
	    0
 1643	    3	 26.8	 25.1	 17.1	  4.2	 91.7	 58.1	0	    0
	    0
	    0
	    0
	    0
	    0
 1649	    3	 24.9	 24.6	 16.8	  4.0	 15.3	 26.5	0	    0
	    0
	    0
	    0
	    0
	    0
	    0
	    0
	    0
	    0
	    0
	    0
	    0
	    0
	    0
	    0
	    0
 1666	    3	 23.5	 24.3	 16.8	  3.8	 98.8	 96.0	1	    0
 1667	    5	 26.5	 18.3	  9.1	  7.8	 78.2	 82.8	0	    0
	    0
 1669	    3	 25.2	 24.3	 16.5	  4.0	 79.0	 74.2	0	    0
	    0
 1671	    5	 29.1	 18.6	  9.2	  8.3	 56.0	 49.8	0	    0
 1672	    3	 26.0	 24.8	 16.9	  4.1	 48.6	 74.1	0	    0
	    0
	    0
	    0
	    0
	    0
	    0
	    0
	    0
 1681	    3	 21.3	 23.2	 16.0	  3.5	 30.5	  5.7	1	    0
	    0
	    0
	    0
	    0
	    0
	    0
	    0
	    0
	    0
	    0
 1692	    3	 26.5	 25.1	 17.2	  4.1	 60.7	  6.9	0	    0
	    0
	    0
	    0
	    0
	    0
 1698	    5	 30.3	 19.3	  9.6	  8.4	  9.5	 20.7	0	    0
	    0
	    0
	    0
	    0
	    0
 1704	    5	 29.6	 19.3	  9.6	  8.3	 46.7	 62.0	0	    0
	    0
	    0
	    0
	    0
 1709	    3	 25.9	 24.9	 17.0	  4.1	 30.0	 77.1	0	    0
	    0
	    0
	    0
 1713	    3	 23.4	 24.2	 16.7	  3.8	 90.7	 74.6	0	    0
	    0
	    0
	    0
	    0
	    0
	    0
 1720	    5	 33.5	 19.9	  9.9	  9.0	 38.1	 18.7	0	    0
	    0
 1722	    3	 23.3	 24.0	 16.5	  3.8	 68.1	 89.3	0	    0
	    0
	    0
	    0
	    0
 1727	    3	 25.4	 24.7	 16.9	  4.0	  2.8	 30.2	1	    0
 1728	    3	 24.1	 24.4	 16.7	  3.9	 28.9	 46.4	1	    0
	    0
	    0
 1731	    5	 31.4	 19.4	  9.6	  8.6	 53.3	 70.3	0	    0
	    0
	    0
	    0
	    0
 1736	    5	 31.0	 19.4	  9.7	  8.6	 94.1	 80.7	0	    0
	    0
	    0
	    0
	    0
	    0
	    0
	    0
	    0
	    0
	    0
	    0
 1748	    3	 24.9	 24.6	 16.9	  4.0	 60.3	 10.9	0	    0
	    0
	    0
	    0
 1752	    5	 28.3	 19.0	  9.4	  8.1	 96.2	 33.3	0	    0
	    0
	    0
	    0
 1756	    3	 25.7	 25.1	 17.2	  4.0	 12.4	 33.2	0	    0
	    0
	    0
	    0
	    0
	    0
	    0
	    0
	    0
	    0
	    0
	    0
	    0
	    0
	    0
	    0
	    0
	    0
	    0
	    0
	    0
 1777	    3	 26.3	 25.2	 17.2	  4.1	 65.0	 56.2	0	    0
	    0
	    0
	    0
	    0
	    0
	    0
 1784	    5	 28.2	 18.8	  9.3	  8.1	 28.0	 70.9	0	    0
	    0
	    0
	    0
	    0
	    0
	    0
	    0
	    0
	    0
	    0
	    0
	    0
	    0
 1798	    3	 23.5	 23.4	 15.8	  3.8	 15.9	 57.2	1	    0
 1799	    3	 25.6	 24.8	 16.9	  4.0	 31.4	 18.9	0	    0
	    0
	    0
	    0
	    0
	    0
	    0
	    0
	    0
	    0
	    0
	    0
	    0
	    0
	    0
 1814	    3	 26.7	 24.8	 16.8	  4.2	 73.0	 69.2	1	    0
	    0
 1816	    5	 28.0	 18.9	  9.4	  8.0	 52.1	 52.1	0	    0
	    0
	    0
	    0
	    0
	    0
	    0
	    0
 1824	    3	 25.2	 24.9	 17.0	  4.0	 45.9	 24.5	0	    0
	    0
	    0
 1827	    5	 29.2	 19.1	  9.5	  8.2	 77.0	  4.0	0	    0
	    0
	    0
	    0
	    0
	    0
	    0
	    0
	    0
	    0
	    0
	    0
	    0
	    0
	    0
	    0
	    0
 1844	    5	 30.3	 19.3	  9.6	  8.4	 57.3	 68.1	0	    0
	    0
	    0
	    0
	    0
	    0
 1850	    3	 25.5	 24.7	 16.8	  4.0	 56.6	 30.0	0	    0
	    0
	    0
	    0
	    0
	    0
	    0
	    0
	    0
	    0
	    0
	    0
	    0
	    0
	    0
	    0
	    0
 1867	    3	 24.6	 24.6	 16.9	  3.9	 50.0	 85.0	1	    0
	    0
	    0
 1870	    3	 25.8	 24.8	 16.9	  4.1	 84.3	 28.9	0	    0
	    0
	    0
	    0
	    0
	    0
 1876	    3	 24.8	 24.5	 16.8	  4.0	 74.9	 11.3	1	    0
	    0
	    0
	    0
	    0
	    0
	    0
	    0
	    0
	    0
	    0
	    0
	    0
	    0
	    0
	    0
	    0
 1893	    5	 28.6	 18.8	  9.3	  8.1	 96.8	  2.6	0	    0
 1894	    3	 25.4	 24.9	 17.0	  4.0	 17.1	  2.7	0	    0
	    0
	    0
	    0
	    0
 1899	    3	 23.2	 23.8	 16.3	  3.8	 48.9	 47.3	0	    0
	    0
	    0
	    0
	    0
	    0
	    0
	    0
	    0
	    0
	    0
	    0
	    0
	    0
	    0
 1914	    3	 22.8	 24.1	 16.7	  3.7	 65.8	 83.6	1	    0
	    0
	    0
	    0
 1918	    5	 26.9	 18.5	  9.2	  7.8	  4.4	 37.6	0	    0
	    0
 1920	    5	 29.2	 19.0	  9.4	  8.2	 34.8	 51.0	0	    0
 1921	    5	 27.8	 19.1	  9.5	  7.9	 22.1	 99.1	0	    0
	    0
	    0
	    0
	    0
	    0
	    0
	    0
	    0
	    0
	    0
 1932	    5	 33.1	 19.5	  9.7	  9.0	 83.8	  7.6	0	    0
 1933	    3	 24.2	 24.5	 16.8	  3.9	 70.7	 68.1	0	    0
	    0
 1935	    5	 30.2	 19.7	  9.8	  8.3	 71.0	 40.2	0	    0
 1936	    3	 25.3	 24.7	 16.9	  4.0	 82.0	  5.8	0	    0
	    0
	    0
	    0
	    0
	    0
	    0
 1943	    5	 29.2	 19.0	  9.4	  8.2	  4.6	 45.3	0	    0
	    0
	    0
	    0
	    0
 1948	    3	 24.2	 24.7	 17.0	  3.9	 57.4	 80.1	0	    0
 1949	    3	 26.2	 25.2	 17.3	  4.1	  8.8	 73.7	0	    0
	    0
	    0
	    0
	    0
	    0
	    0
	    0
	    0
	    0
	    0
	    0
 1961	    5	 22.6	 17.4	  8.6	  7.0	 52.6	 92.8	0	    0
	    0
	    0
	    0
	    0
	    0
	    0
	    0
	    0
	    0
	    0
 1972	    3	 24.5	 24.5	 16.8	  3.9	  9.0	 53.6	0	    0
 1973	    3	 24.6	 24.6	 16.9	  3.9	 77.7	 92.0	0	    0
	    0
	    0
	    0
	    0
	    0
	    0
	    0
 1981	    3	 26.1	 25.2	 17.2	  4.1	 43.3	 81.6	0	    0
	    0
	    0
	    0
	    0
	    0
	    0
	    0
 1989	    5	 29.5	 18.9	  9.4	  8.3	 74.9	 75.3	0	    0
	    0
 1991	    3	 26.6	 25.3	 17.3	  4.1	 99.4	 34.5	0	    0
	    0
	    0
	    0
	    0
	    0
	    0
	    0
	    0
	    0
	    0
 2002	    5	 31.4	 19.3	  9.6	  8.7	 48.2	  7.1	0	    0
	    0
	    0
 2005	    3	 22.9	 24.3	 16.8	  3.7	 92.6	  9.3	0	    0
	    0
	    0
	    0
	    0
 2010	    3	 24.5	 24.7	 16.9	  3.9	 11.7	 17.9	0	    0
	    0
	    0
	    0
	    0
	    0
 2016	    3	 26.6	 25.2	 17.2	  4.2	 16.0	 10.5	0	    0
	    0
	    0
	    0
	    0
	    0
	    0
 2023	    3	 26.5	 25.2	 17.2	  4.1	 67.1	 50.0	0	    0
	    0
	    0
	    0
	    0
	    0
	    0
	    0
	    0
	    0
	    0
	    0
 2035	    3	 22.1	 23.9	 16.6	  3.6	 57.5	 27.6	0	    0
	    0
	    0
	    0
	    0
 2040	    3	 25.8	 24.9	 17.0	  4.1	 53.1	 23.0	1	    0
	    0
	    0
	    0
	    0
 2045	    5	 30.2	 18.9	  9.4	  8.5	 34.5	 65.7	0	    0
	    0
	    0
	    0
	    0
 2050	    3	 20.7	 22.9	 15.8	  3.5	 12.3	  1.7	0	    0
 2051	    3	 23.8	 24.2	 16.5	  3.8	 71.2	 12.9	0	    0
	    0
	    0
	    0
	    0
	    0
	    0
 2058	    3	 25.0	 24.6	 16.8	  4.0	 97.4	 87.8	0	    0
	    0
	    0
	    0
 2062	    5	 31.0	 19.4	  9.6	  8.6	 50.4	  3.2	0	    0
	    0
	    0
	    0
	    0
	    0
	    0
 2069	    3	 26.7	 25.1	 17.1	  4.2	 23.7	  7.0	0	    0
	    0
	    0
	    0
 2073	    5	 30.5	 18.9	  9.4	  8.5	 23.7	 82.7	0	    0
 2074	    3	 24.5	 24.5	 16.7	  3.9	 20.1	 96.6	1	    0
 2075	    3	 22.6	 24.1	 16.7	  3.7	 98.0	 82.3	0	    0
	    0
	    0
 2078	    5	 26.9	 18.7	  9.3	  7.8	 17.6	 92.6	0	    0
	    0
	    0
	    0
	    0
	    0
	    0
	    0
	    0
	    0
 2088	    3	 25.6	 24.8	 16.9	  4.0	 86.4	 61.6	0	    0
	    0
 2090	    3	 26.1	 25.0	 17.1	  4.1	 87.9	 10.0	0	    0
	    0
	    0
	    0
	    0
	    0
 2096	    3	 24.3	 24.5	 16.8	  3.9	 78.6	 62.4	0	    0
	    0
 2098	    3	 25.9	 25.0	 17.1	  4.1	 28.6	 67.2	1	    0
	    0
	    0
 2101	    3	 25.8	 24.9	 17.0	  4.1	 32.9	 23.9	0	    0
	    0
	    0
	    0
	    0
	    0
	    0
	    0
	    0
	    0
	    0
	    0
	    0
 2114	    3	 24.4	 24.7	 17.0	  3.9	 60.7	 81.5	0	    0
	    0
	    0
	    0
	    0
 2119	    3	 24.5	 24.5	 16.8	  3.9	  8.2	 91.9	0	    0
	    0
 2121	    5	 30.9	 19.3	  9.6	  8.5	 14.8	  3.0	0	    0
 2122	    5	 30.9	 19.2	  9.5	  8.6	 17.7	 31.3	0	    0
	    0
 2124	    5	 30.5	 19.1	  9.5	  8.5	 97.0	  9.0	0	    0
	    0
	    0
	    0
	    0
	    0
	    0
	    0
	    0
	    0
	    0
	    0
	    0
	    0
	    0
	    0
 2140	    3	 22.3	 23.8	 16.4	  3.7	 35.9	  4.3	0	    0
	    0
	    0
 2143	    3	 25.2	 24.7	 16.9	  4.0	 15.7	 48.0	0	    0
 2144	    5	 29.0	 18.9	  9.4	  8.2	 74.4	  2.9	0	    0
	    0
	    0
	    0
	    0
	    0
	    0
	    0
	    0
	    0
	    0
	    0
	    0
	    0
	    0
	    0
	    0
	    0
 2162	    3	 25.5	 24.8	 16.9	  4.0	 64.9	 44.7	0	    0
	    0
	    0
	    0
	    0
	    0
	    0
	    0
	    0
 2171	    3	 23.0	 24.1	 16.6	  3.7	 56.3	 21.1	0	    0
	    0
	    0
 2174	    3	 23.8	 24.3	 16.6	  3.8	 68.1	 74.7	0	    0
	    0
	    0
	    0
	    0
	    0
	    0
	    0
	    0
	    0
	    0
 2185	    3	 23.4	 24.1	 16.6	  3.8	 75.8	  6.1	0	    0
	    0
 2187	    3	 25.5	 24.8	 16.9	  4.0	 58.2	  1.9	0	    0
	    0
	    0
	    0
	    0
	    0
 2193	    3	 25.7	 25.1	 17.2	  4.0	 51.6	 81.9	0	    0
	    0
 2195	    3	 26.1	 25.0	 17.1	  4.1	 12.7	 27.7	0	    0
	    0
	    0
	    0
	    0
	    0
	    0
	    0
	    0
	    0
	    0
	    0
	    0
 2208	    3	 24.3	 24.5	 16.8	  3.9	 28.1	 90.1	0	    0
	    0
	    0
	    0
 2212	    3	 24.7	 24.7	 16.9	  3.9	 56.2	 48.9	0	    0
	    0
	    0
	    0
	    0
	    0
	    0
	    0
	    0
	    0
	    0
	    0
	    0
	    0
	    0
	    0
	    0
	    0
	    0
	    0
	    0
	    0
	    0
	    0
	    0
	    0
 2238	    5	 31.2	 19.3	  9.6	  8.6	 59.5	 81.3	0	    0
 2239	    3	 23.3	 24.0	 16.5	  3.8	 49.8	 51.8	0	    0
	    0
	    0
	    0
	    0
	    0
	    0
	    0
	    0
 2248	    5	 31.4	 19.4	  9.7	  8.6	 10.1	 97.6	0	    0
	    0
	    0
	    0
	    0
	    0
 2254	    3	 23.5	 24.5	 16.9	  3.8	 16.8	 12.5	0	    0
 2255	    3	 24.3	 24.6	 16.9	  3.9	 87.3	 49.3	0	    0
	    0
	    0
	    0
	    0
	    0
	    0
	    0
	    0
	    0
	    0
 2266	    3	 27.2	 25.3	 17.2	  4.2	 99.9	 90.2	0	    0
	    0
	    0
	    0
	    0
	    0
	    0
	    0
	    0
	    0
	    0
	    0
	    0
	    0
	    0
	    0
	    0
	    0
 2284	    3	 23.0	 23.3	 15.8	  3.8	 13.1	 52.2	0	    0
	    0
 2286	    3	 25.6	 24.8	 16.9	  4.0	 31.8	 27.9	0	    0
	    0
	    0
	    0
	    0
	    0
	    0
	    0
	    0
	    0
	    0
	    0
	    0
	    0
	    0
	    0
	    0
	    0
	    0
 2305	    3	 24.6	 24.7	 16.9	  3.9	 12.7	  7.4	1	    0
	    0
	    0
	    0
	    0
	    0
	    0
	    0
	    0
	    0
	    0
	    0
	    0
	    0
	    0
	    0
	    0
	    0
	    0
	    0
	    0
 2326	    5	 28.5	 18.8	  9.3	  8.1	 87.6	 11.2	0	    0
	    0
	    0
	    0
	    0
	    0
	    0
 2333	    3	 27.7	 25.4	 17.3	  4.3	 27.5	 69.6	0	    0
	    0
	    0
	    0
	    0
 2338	    3	 24.2	 24.0	 16.4	  3.9	 72.5	  2.2	0	    0
	    0
	    0
	    0
	    0
	    0
	    0
	    0
	    0
 2347	    3	 22.9	 23.9	 16.5	  3.7	 25.5	 87.5	0	    0
	    0
	    0
	    0
	    0
	    0
	    0
	    0
 2355	    3	 24.7	 24.6	 16.9	  3.9	 37.0	 82.8	0	    0
	    0
	    0
	    0
	    0
	    0
	    0
	    0
 2363	    3	 24.6	 24.8	 17.1	  3.9	 80.6	 80.2	0	    0
	    0
	    0
	    0
	    0
	    0
	    0
	    0
	    0
	    0
	    0
	    0
	    0
	    0
	    0
	    0
	    0
	    0
 2381	    3	 22.8	 23.9	 16.5	  3.7	 90.3	  6.7	0	    0
	    0
	    0
	    0
	    0
	    0
	    0
	    0
	    0
	    0
	    0
	    0
	    0
	    0
	    0
	    0
 2397	    3	 22.4	 23.7	 16.4	  3.7	 69.6	 81.3	0	    0
	    0
	    0
	    0
	    0
	    0
	    0
	    0
	    0
	    0
	    0
	    0
	    0
	    0
	    0
	    0
	    0
	    0
	    0
 2416	    5	 30.5	 19.0	  9.4	  8.5	 37.2	 72.3	0	    0
	    0
	    0
	    0
	    0
	    0
 2422	    3	 23.9	 24.4	 16.7	  3.8	  2.3	 37.4	0	    0
	    0
 2424	    3	 23.9	 23.3	 15.7	  3.9	  5.9	 71.1	0	    0
	    0
 2426	    3	 27.9	 25.4	 17.3	  4.3	 38.9	 22.3	0	    0
	    0
	    0
 2429	    3	 25.3	 24.8	 16.9	  4.0	 16.7	 96.8	0	    0
	    0
	    0
 2432	    3	 26.2	 24.8	 16.9	  4.1	 72.0	 50.4	0	    0
 2433	    5	 28.8	 18.9	  9.4	  8.2	 98.7	 94.5	0	    0
	    0
	    0
	    0
	    0
	    0
	    0
	    0
	    0
	    0
	    0
	    0
 2445	    3	 25.2	 24.2	 16.4	  4.0	 85.0	 42.2	0	    0
	    0
	    0
	    0
	    0
	    0
	    0
	    0
 2453	    3	 27.6	 25.4	 17.3	  4.3	 25.8	 75.3	0	    0
	    0
	    0
	    0
	    0
 2458	    5	 29.8	 19.1	  9.5	  8.4	 92.1	  4.4	0	    0
	    0
	    0
	    0
	    0
	    0
	    0
	    0
 2466	    3	 24.0	 24.4	 16.8	  3.9	 34.2	 62.2	0	    0
	    0
 2468	    5	 30.1	 19.2	  9.5	  8.4	 50.7	 14.9	1	    0
 2469	    3	 23.6	 24.4	 16.8	  3.8	 74.5	 39.5	0	    0
 2470	    5	 27.3	 18.8	  9.3	  7.9	 92.6	 52.7	0	    0
	    0
	    0
	    0
	    0
	    0
	    0
	    0
	    0
	    0
	    0
	    0
	    0
 2483	    5	 32.2	 19.7	  9.8	  8.7	 90.7	 19.8	0	    0
	    0
	    0
	    0
	    0
	    0
	    0
 2490	    3	 23.2	 24.2	 16.7	  3.8	 37.5	  2.1	0	    0
	    0
	    0
	    0
	    0
	    0
	    0
	    0
	    0
	    0
	    0
	    0
	    0
	    0
	    0
	    0
	    0
 2507	    5	 29.8	 18.7	  9.3	  8.4	  3.9	 80.9	0	    0
	    0
	    0
	    0
	    0
	    0
	    0
	    0
	    0
	    0
	    0
	    0
	    0
	    0
 2521	    3	 23.7	 24.3	 16.7	  3.8	 45.5	 55.5	0	    0
	    0
	    0
	    0
	    0
	    0
	    0
	    0
	    0
	    0
	    0
	    0
	    0
	    0
	    0
 2536	    3	 26.8	 25.1	 17.1	  4.2	 31.4	 51.8	0	    0
	    0
	    0
	    0
	    0
	    0
	    0
	    0
	    0
	    0
 2546	    5	 29.5	 19.0	  9.4	  8.3	 49.8	 63.6	0	    0
	    0
	    0
 2549	    3	 23.0	 24.0	 16.5	  3.7	 55.9	 16.7	0	    0
	    0
 2551	    3	 24.9	 24.4	 16.6	  4.0	 26.1	 10.0	0	    0
	    0
	    0
	    0
	    0
	    0
 2557	    3	 24.5	 24.3	 16.6	  3.9	 62.5	 94.6	0	    0
	    0
	    0
	    0
	    0
 2562	    3	 21.7	 23.9	 16.7	  3.6	 85.4	 86.2	0	    0
	    0
 2564	    3	 23.5	 23.9	 16.3	  3.8	 90.0	 23.7	0	    0
	    0
 2566	    3	 23.7	 24.3	 16.7	  3.8	 61.4	 45.3	0	    0
	    0
	    0
	    0
	    0
	    0
	    0
	    0
	    0
	    0
	    0
	    0
	    0
	    0
	    0
	    0
	    0
	    0
 2584	    5	 29.9	 19.5	  9.7	  8.3	 64.4	 92.0	0	    0
	    0
 2586	    5	 29.3	 19.2	  9.5	  8.2	 73.1	 71.1	0	    0
	    0
	    0
	    0
	    0
	    0
	    0
 2593	    3	 26.3	 25.1	 17.1	  4.1	 99.5	 77.1	0	    0
	    0
	    0
	    0
	    0
	    0
	    0
	    0
	    0
 2602	    3	 23.2	 24.2	 16.7	  3.8	 31.2	 42.2	0	    0
	    0
	    0
	    0
	    0
	    0
	    0
	    0
	    0
	    0
 2612	    5	 27.6	 18.6	  9.2	  8.0	 43.7	 64.0	0	    0
	    0
	    0
	    0
	    0
	    0
	    0
	    0
	    0
	    0
	    0
	    0
	    0
	    0
	    0
	    0
	    0
	    0
	    0
	    0
	    0
	    0
	    0
	    0
	    0
	    0
	    0
	    0
	    0
	    0
 2642	    5	 28.4	 18.5	  9.2	  8.2	 45.4	 37.8	0	    0
	    0
	    0
	    0
	    0
	    0
	    0
	    0
	    0
	    0
	    0
	    0
	    0
	    0
	    0
 2657	    3	 24.9	 24.6	 16.8	  4.0	 44.6	 26.4	0	    0
	    0
	    0
	    0
	    0
	    0
	    0
	    0
	    0
 2666	    3	 24.3	 24.5	 16.8	  3.9	 26.4	 16.3	1	    0
	    0
	    0
 2669	    3	 27.8	 25.5	 17.4	  4.3	 10.4	 83.2	0	    0
	    0
	    0
	    0
	    0
	    0
 2675	    3	 26.7	 25.0	 17.0	  4.2	 57.6	 42.3	0	    0
	    0
	    0
	    0
	    0
	    0
	    0
	    0
 2683	    5	 28.5	 18.5	  9.2	  8.2	 92.9	 21.4	0	    0
 2684	    3	 26.2	 24.9	 17.0	  4.1	 76.9	 36.8	0	    0
	    0
	    0
	    0
	    0
	    0
 2690	    5	 31.4	 19.4	  9.6	  8.7	  8.6	 36.9	0	    0
	    0
 2692	    3	 22.6	 24.0	 16.5	  3.7	 82.1	 20.5	0	    0
	    0
	    0
	    0
 2696	    3	 25.1	 24.8	 17.0	  4.0	 41.2	 67.9	0	    0
	    0
	    0
 2699	    3	 23.4	 24.3	 16.7	  3.8	 15.3	 84.7	0	    0
	    0
	    0
	    0
	    0
	    0
	    0
	    0
	    0
	    0
	    0
 2710	    5	 25.4	 18.2	  9.0	  7.5	 53.9	 99.3	0	    0
	    0
	    0
	    0
	    0
	    0
	    0
	    0
	    0
 2719	    5	 25.5	 18.2	  9.0	  7.6	 44.7	 56.7	0	    0
 2720	    3	 26.9	 25.2	 17.1	  4.2	 20.4	 15.8	0	    0
	    0
 2722	    3	 21.8	 23.7	 16.5	  3.6	 20.5	 32.8	0	    0
 2723	    5	 29.9	 18.9	  9.4	  8.4	 76.4	 31.7	1	    0
	    0
	    0
 2726	    3	 23.6	 23.4	 15.8	  3.8	 77.7	 22.8	0	    0
	    0
	    0
	    0
	    0
	    0
	    0
	    0
	    0
	    0
	    0
	    0
	    0
	    0
	    0
 2741	    3	 22.2	 23.6	 16.2	  3.7	 46.6	 45.2	1	    0
 2742	    3	 27.2	 25.4	 17.4	  4.2	 75.1	 72.3	1	    0
 2743	    3	 23.3	 24.2	 16.6	  3.8	  9.7	 45.9	0	    0
	    0
 2745	    3	 25.6	 24.9	 17.0	  4.0	 60.5	 38.9	0	    0
	    0
	    0
	    0
	    0
	    0
	    0
	    0
	    0
	    0
	    0
	    0
	    0
	    0
	    0
	    0
	    0
	    0
	    0
 2764	    3	 23.9	 24.2	 16.6	  3.8	 27.9	 48.3	0	    0
 2765	    3	 26.6	 25.1	 17.1	  4.2	 78.8	 26.0	0	    0
 2766	    3	 22.6	 23.7	 16.3	  3.7	 38.8	 31.8	0	    0
	    0
	    0
	    0
	    0
 2771	    3	 25.1	 24.7	 16.9	  4.0	 96.7	  0.6	0	    0
	    0
	    0
	    0
	    0
	    0
	    0
 2778	    3	 25.3	 24.8	 17.0	  4.0	 22.7	 15.1	0	    0
	    0
	    0
	    0
 2782	    3	 25.7	 24.9	 17.0	  4.0	 32.5	 56.4	0	    0
	    0
	    0
	    0
	    0
	    0
	    0
 2789	    5	 30.6	 19.3	  9.6	  8.5	  8.5	 41.4	0	    0
	    0
	    0
 2792	    3	 22.6	 23.4	 16.0	  3.7	 34.2	 64.7	1	    0
 2793	    3	 28.0	 25.3	 17.2	  4.3	 75.6	 21.8	0	    0
 2794	    3	 28.0	 25.5	 17.4	  4.3	 97.4	 98.5	0	    0
	    0
	    0
	    0
	    0
	    0
 2800	    5	 28.0	 18.9	  9.4	  8.0	 56.3	 36.4	0	    0
	    0
 2802	    3	 23.0	 24.2	 16.7	  3.7	 35.0	 18.0	0	    0
	    0
	    0
	    0
	    0
	    0
	    0
	    0
	    0
	    0
	    0
	    0
 2814	    3	 22.4	 23.1	 15.7	  3.7	 12.5	 96.2	0	    0
	    0
	    0
	    0
	    0
	    0
 2820	    5	 32.1	 19.7	  9.8	  8.7	 75.5	 96.5	0	    0
 2821	    5	 29.5	 19.3	  9.6	  8.2	 55.2	 96.0	0	    0
	    0
	    0
	    0
 2825	    3	 24.5	 24.4	 16.7	  3.9	 29.9	 40.7	1	    0
	    0
	    0
	    0
	    0
 2830	    3	 25.0	 24.6	 16.8	  4.0	 96.7	  3.6	0	    0
	    0
	    0
	    0
	    0
	    0
	    0
	    0
	    0
	    0
	    0
	    0
 2842	    3	 25.2	 24.6	 16.8	  4.0	 48.8	 69.8	0	    0
	    0
 2844	    3	 23.5	 24.3	 16.7	  3.8	 16.7	 42.6	0	    0
	    0
 2846	    3	 27.0	 25.2	 17.2	  4.2	 94.8	 27.7	1	    0
	    0
	    0
	    0
	    0
	    0
	    0
	    0
	    0
	    0
	    0
	    0
 2858	    3	 26.1	 25.0	 17.1	  4.1	 82.7	 36.3	0	    0
	    0
 2860	    3	 22.5	 24.0	 16.6	  3.7	 49.8	 70.4	0	    0
	    0
	    0
	    0
	    0
 2865	    3	 26.5	 25.1	 17.1	  4.1	 98.6	 20.8	0	    0
	    0
 2867	    3	 25.9	 24.9	 17.0	  4.1	 27.6	 21.3	0	    0
	    0
	    0
 2870	    3	 27.0	 25.3	 17.2	  4.2	 42.3	 89.8	0	    0
	    0
	    0
	    0
 2874	    5	 30.6	 19.2	  9.6	  8.5	 45.7	 66.1	0	    0
	    0
	    0
	    0
	    0
	    0
	    0
 2881	    5	 28.7	 18.9	  9.4	  8.2	  9.5	 46.8	0	    0
	    0
 2883	    3	 25.6	 24.9	 17.0	  4.0	 59.0	 18.3	0	    0
	    0
	    0
	    0
	    0
	    0
	    0
	    0
 2891	    3	 25.1	 24.7	 16.9	  4.0	 91.3	 79.7	0	    0
 2892	    3	 26.8	 25.2	 17.2	  4.2	 83.4	 56.8	0	    0
	    0
 2894	    5	 27.1	 18.3	  9.1	  7.9	 36.8	 97.3	0	    0
 2895	    5	 27.8	 18.5	  9.2	  8.0	 15.9	 57.0	0	    0
	    0
	    0
 2898	    5	 30.4	 19.1	  9.5	  8.5	 34.6	 29.2	0	    0
	    0
	    0
	    0
 2902	    3	 26.4	 25.0	 17.0	  4.1	 20.2	 36.1	0	    0
	    0
	    0
	    0
	    0
	    0
 2908	    3	 23.1	 24.2	 16.7	  3.7	 54.6	 42.3	0	    0
	    0
	    0
 2911	    3	 24.7	 24.0	 16.3	  4.0	 59.3	 63.8	0	    0
	    0
	    0
	    0
	    0
	    0
 2917	    3	 23.9	 24.1	 16.5	  3.9	 44.9	 11.9	0	    0
	    0
 2919	    5	 27.6	 18.6	  9.2	  8.0	 85.2	 37.9	0	    0
	    0
	    0
	    0
	    0
	    0
	    0
	    0
	    0
	    0
	    0
	    0
	    0
	    0
 2933	    5	 28.1	 18.9	  9.4	  8.0	 97.2	 51.7	0	    0
	    0
	    0
	    0
	    0
	    0
	    0
	    0
	    0
	    0
	    0
	    0
	    0
	    0
	    0
	    0
 2949	    5	 33.0	 19.6	  9.8	  8.9	  0.5	 17.2	0	    0
	    0
 2951	    3	 25.3	 24.8	 17.0	  4.0	 49.4	 61.0	0	    0
	    0
	    0
	    0
 2955	    3	 28.1	 25.5	 17.4	  4.3	 71.8	 76.9	0	    0
	    0
	    0
	    0
	    0
	    0
 2961	    5	 28.3	 19.0	  9.4	  8.1	 99.1	 64.7	0	    0
	    0
	    0
	    0
	    0
	    0
	    0
	    0
	    0
	    0
	    0
	    0
	    0
	    0
	    0
 2976	    5	 32.1	 19.8	  9.9	  8.7	 84.1	 81.9	0	    0
 2977	    3	 24.5	 24.7	 17.0	  3.9	 54.4	 10.6	0	    0
	    0
	    0
	    0
	    0
	    0
	    0
	    0
	    0
	    0
	    0
	    0
	    0
	    0
	    0
	    0
	    0
	    0
	    0
	    0
	    0
	    0
	    0
	    0
 3001	    5	 32.6	 19.9	  9.9	  8.8	  5.5	 62.5	0	    0
	    0
	    0
	    0
	    0
	    0
	    0
	    0
	    0
	    0
	    0
	    0
	    0
	    0
	    0
	    0
	    0
 3018	    5	 30.4	 18.8	  9.3	  8.5	 74.6	 12.9	0	    0
	    0
	    0
	    0
	    0
	    0
	    0
	    0
	    0
	    0
	    0
	    0
	    0
	    0
	    0
 3033	    3	 27.1	 25.3	 17.2	  4.2	 18.7	 90.0	0	    0
	    0
	    0
	    0
	    0
	    0
	    0
	    0
 3041	    5	 31.7	 19.5	  9.7	  8.7	 44.2	  2.1	0	    0
	    0
	    0
	    0
	    0
	    0
	    0
	    0
	    0
 3050	    3	 25.9	 24.8	 16.9	  4.1	 37.1	 73.6	0	    0
	    0
	    0
	    0
	    0
	    0
 3056	    3	 24.3	 24.3	 16.6	  3.9	 29.5	  3.3	1	    0
 3057	    5	 29.2	 18.9	  9.4	  8.3	 17.6	  4.8	0	    0
	    0
	    0
	    0
	    0
	    0
 3063	    5	 28.6	 19.2	  9.6	  8.1	 93.0	  1.5	0	    0
	    0
	    0
	    0
	    0
	    0
	    0
	    0
	    0
	    0
 3073	    3	 25.7	 24.8	 16.9	  4.1	 33.4	 93.4	0	    0
	    0
	    0
	    0
	    0
	    0
	    0
	    0
	    0
	    0
	    0
	    0
	    0
	    0
	    0
	    0
	    0
	    0
	    0
	    0
	    0
	    0
	    0
	    0
	    0
	    0
	    0
	    0
	    0
 3102	    3	 24.6	 24.5	 16.8	  3.9	 92.0	 29.6	0	    0
	    0
 3104	    3	 23.1	 24.0	 16.5	  3.7	 23.9	 89.3	1	    0
	    0
	    0
	    0
	    0
	    0
	    0
	    0
	    0
	    0
	    0
	    0
	    0
	    0
	    0
	    0
	    0
	    0
	    0
	    0
	    0
	    0
	    0
	    0
	    0
	    0
	    0
	    0
	    0
	    0
	    0
	    0
	    0
	    0
	    0
	    0
	    0
	    0
	    0
	    0
	    0
	    0
	    0
	    0
	    0
 3149	    3	 23.1	 24.1	 16.6	  3.7	  0.0	 65.7	1	    0
	    0
	    0
	    0
	    0
	    0
	    0
 3156	    5	 33.4	 19.5	  9.7	  9.0	 31.2	 67.4	0	    0
	    0
	    0
	    0
	    0
 3161	    5	 33.4	 19.8	  9.8	  9.0	  7.7	 88.7	0	    0
 3162	    3	 26.0	 24.9	 17.0	  4.1	 71.9	 13.4	0	    0
	    0
 3164	    3	 23.9	 24.5	 16.8	  3.8	 38.4	 15.3	0	    0
	    0
	    0
	    0
	    0
	    0
	    0
	    0
	    0
	    0
 3174	    3	 27.8	 25.4	 17.3	  4.3	 34.0	 84.2	0	    0
	    0
	    0
	    0
	    0
	    0
	    0
	    0
	    0
 3183	    3	 25.8	 24.5	 16.6	  4.1	 36.3	 37.2	0	    0
 3184	    5	 28.6	 19.1	  9.5	  8.1	 68.0	 33.7	0	    0
	    0
	    0
	    0
	    0
 3189	    5	 29.3	 19.1	  9.5	  8.2	 70.5	  3.3	0	    0
	    0
 3191	    5	 26.0	 18.3	  9.1	  7.7	 36.4	 37.4	1	    0
	    0
	    0
 3194	    3	 26.0	 25.1	 17.1	  4.1	  6.4	 78.6	0	    0
	    0
	    0
	    0
	    0
	    0
	    0
	    0
	    0
	    0
	    0
	    0
 3206	    3	 27.0	 25.3	 17.3	  4.2	 43.0	 83.5	0	    0
	    0
	    0
	    0
	    0
	    0
	    0
 3213	    5	 29.6	 19.2	  9.6	  8.3	 94.0	 67.6	0	    0
	    0
	    0
	    0
	    0
	    0
	    0
	    0
	    0
 3222	    3	 23.4	 24.1	 16.6	  3.8	 52.2	 15.6	0	    0
	    0
 3224	    3	 29.1	 25.9	 17.6	  4.4	 41.2	  8.5	0	    0
	    0
	    0
 3227	    5	 31.4	 19.3	  9.6	  8.6	 94.1	 95.0	0	    0
	    0
	    0
	    0
 3231	    3	 24.0	 24.2	 16.6	  3.9	 33.3	 66.6	1	    0
	    0
	    0
	    0
	    0
	    0
	    0
	    0
	    0
	    0
	    0
	    0
	    0
	    0
 3245	    3	 25.2	 24.7	 16.9	  4.0	  5.5	  6.6	0	    0
	    0
	    0
	    0
	    0
	    0
	    0
	    0
	    0
	    0
	    0
	    0
	    0
	    0
	    0
 3260	    3	 23.5	 24.4	 16.9	  3.8	 86.1	 85.4	1	    0
 3261	    3	 25.0	 24.7	 16.9	  4.0	 47.6	 37.3	0	    0
	    0
	    0
	    0
	    0
	    0
 3267	    3	 25.7	 24.9	 17.0	  4.1	 26.1	 98.4	0	    0
	    0
	    0
	    0
	    0
	    0
	    0
	    0
	    0
	    0
 3277	    3	 26.2	 25.0	 17.1	  4.1	 25.6	 72.5	0	    0
	    0
	    0
	    0
 3281	    3	 23.9	 24.6	 16.9	  3.8	 31.8	 55.8	0	    0
	    0
	    0
	    0
 3285	    3	 26.8	 25.2	 17.2	  4.2	 14.4	 99.9	0	    0
	    0
 3287	    3	 26.1	 25.0	 17.1	  4.1	 62.6	 38.4	0	    0
 3288	    3	 27.9	 25.4	 17.2	  4.3	 37.9	  6.6	1	    0
	    0
	    0
	    0
	    0
	    0
	    0
 3295	    3	 27.1	 25.3	 17.2	  4.2	 24.0	 52.1	0	    0
	    0
	    0
	    0
	    0
	    0
	    0
	    0
	    0
	    0
	    0
	    0
	    0
	    0
 3309	    3	 29.0	 25.8	 17.6	  4.4	 32.3	 17.9	0	    0
	    0
	    0
 3312	    5	 27.8	 18.9	  9.4	  8.0	  6.9	 27.6	0	    0
	    0
	    0
	    0
 3316	    3	 22.5	 23.2	 15.8	  3.7	 39.1	 57.7	0	    0
	    0
	    0
 3319	    3	 28.3	 25.6	 17.5	  4.3	 40.6	 78.1	0	    0
	    0
 3321	    5	 28.6	 18.9	  9.4	  8.1	  9.1	 90.6	0	    0
	    0
	    0
	    0
	    0
	    0
	    0
	    0
	    0
	    0
	    0
	    0
	    0
	    0
 3335	    3	 22.4	 24.1	 16.7	  3.7	 80.6	 57.0	0	    0
	    0
	    0
	    0
	    0
	    0
	    0
	    0
 3343	    3	 21.0	 23.0	 15.9	  3.5	  9.1	 85.0	0	    0
	    0
	    0
 3346	    3	 27.3	 25.3	 17.3	  4.2	  9.7	 29.2	0	    0
	    0
 3348	    3	 22.8	 24.0	 16.5	  3.7	 43.9	 42.9	0	    0
 3349	    3	 24.6	 24.5	 16.7	  3.9	 47.4	 95.8	0	    0
	    0
	    0
	    0
	    0
	    0
	    0
 3356	    5	 30.7	 19.4	  9.6	  8.5	 89.1	 36.5	0	    0
	    0
	    0
	    0
	    0
	    0
	    0
	    0
	    0
	    0
	    0
	    0
	    0
	    0
	    0
	    0
	    0
	    0
	    0
	    0
	    0
	    0
	    0
	    0
	    0
	    0
	    0
	    0
 3384	    3	 23.5	 24.3	 16.7	  3.8	 75.2	 87.9	1	    0
 3385	    3	 24.3	 24.5	 16.8	  3.9	 15.0	 48.0	0	    0
	    0
 3387	    3	 26.6	 25.0	 17.0	  4.2	 94.8	 11.0	0	    0
	    0
	    0
	    0
	    0
 3392	    3	 23.7	 24.1	 16.5	  3.8	 47.5	 33.1	0	    0
	    0
	    0
 3395	    5	 28.6	 18.8	  9.4	  8.1	 59.6	 70.1	0	    0
 3396	    5	 26.7	 18.4	  9.1	  7.8	 69.3	  9.7	0	    0
	    0
 3398	    3	 25.1	 24.7	 16.9	  4.0	 90.8	 17.5	1	    0
 3399	    3	 23.8	 24.1	 16.5	  3.8	 15.6	 18.8	0	    0
	    0
	    0
	    0
 3403	    3	 27.1	 25.4	 17.4	  4.2	 73.2	  0.2	0	    0
 3404	    3	 24.0	 24.4	 16.7	  3.9	 69.2	 34.2	1	    0
	    0
	    0
	    0
	    0
	    0
	    0
 3411	    3	 24.4	 24.3	 16.6	  3.9	 96.0	 34.9	0	    0
 3412	    3	 24.1	 24.0	 16.3	  3.9	 94.9	 17.2	1	    0
	    0
	    0
	    0
 3416	    5	 30.7	 19.2	  9.5	  8.5	 23.0	 71.2	0	    0
	    0
	    0
	    0
 3420	    3	 23.6	 24.2	 16.6	  3.8	 54.3	 67.3	0	    0
	    0
	    0
	    0
	    0
	    0
	    0
	    0
 3428	    5	 30.2	 19.2	  9.5	  8.4	 35.6	 42.2	0	    0
	    0
	    0
 3431	    3	 25.1	 24.8	 16.9	  4.0	 86.8	 64.3	0	    0
	    0
	    0
	    0
	    0
	    0
	    0
	    0
	    0
	    0
	    0
 3442	    3	 21.5	 23.8	 16.7	  3.5	 37.9	 46.9	0	    0
	    0
	    0
 3445	    5	 28.9	 18.7	  9.3	  8.2	 93.6	 50.6	0	    0
	    0
 3447	    5	 31.7	 19.2	  9.6	  8.7	 77.6	 21.3	0	    0
	    0
	    0
	    0
 3451	    3	 22.8	 24.1	 16.6	  3.7	 21.0	  0.0	0	    0
	    0
	    0
	    0
	    0
	    0
	    0
	    0
	    0
	    0
	    0
	    0
	    0
	    0
	    0
	    0
	    0
	    0
 3469	    3	 26.3	 24.8	 16.8	  4.1	 51.5	  3.3	0	    0
	    0
	    0
 3472	    3	 28.0	 25.6	 17.4	  4.3	 92.2	 99.9	0	    0
	    0
	    0
	    0
 3476	    5	 30.8	 19.3	  9.6	  8.5	 14.3	 36.9	0	    0
	    0
	    0
	    0
 3480	    3	 22.6	 24.0	 16.6	  3.7	 46.3	 26.6	0	    0
	    0
	    0
	    0
 3484	    3	 27.2	 25.3	 17.3	  4.2	 87.8	 56.8	0	    0
	    0
	    0
	    0
	    0
	    0
	    0
	    0
	    0
	    0
 3494	    3	 27.0	 25.2	 17.2	  4.2	 97.3	 93.7	0	    0
	    0
 3496	    3	 25.5	 24.8	 16.9	  4.0	 26.7	 47.8	0	    0
	    0
 3498	    3	 23.1	 24.0	 16.6	  3.7	 57.3	 79.7	0	    0
 3499	    5	 30.4	 19.1	  9.5	  8.5	 43.2	 40.9	0	    0
	    0
	    0
	    0
	    0
	    0
	    0
	    0
	    0
	    0
	    0
 3510	    3	 26.7	 25.2	 17.1	  4.2	 50.9	 36.1	1	    0
	    0
	    0
	    0
	    0
	    0
	    0
 3517	    3	 29.0	 25.8	 17.6	  4.4	 39.3	 98.1	0	    0
	    0
	    0
	    0
	    0
	    0
 3523	    5	 28.0	 19.0	  9.5	  8.0	 97.1	 97.2	0	    0
	    0
	    0
 3526	    3	 25.1	 24.7	 16.9	  4.0	 16.7	 71.0	0	    0
 3527	    5	 31.9	 19.7	  9.8	  8.7	 97.4	 41.8	0	    0
	    0
	    0
	    0
	    0
	    0
	    0
 3534	    3	 23.4	 24.3	 16.7	  3.8	 89.6	 17.3	0	    0
	    0
	    0
	    0
	    0
 3539	    5	 33.4	 20.1	 10.0	  8.9	  5.7	 13.1	0	    0
	    0
	    0
	    0
	    0
	    0
	    0
	    0
	    0
	    0
	    0
	    0
	    0
	    0
	    0
	    0
	    0
	    0
	    0
	    0
	    0
	    0
	    0
	    0
	    0
	    0
 3565	    3	 25.0	 23.8	 16.0	  4.0	 44.0	 89.2	0	    0
	    0
	    0
	    0
	    0
	    0
	    0
	    0
	    0
	    0
	    0
	    0
	    0
	    0
 3579	    3	 22.3	 23.9	 16.6	  3.6	 91.1	 86.6	1	    0
	    0
	    0
	    0
	    0
	    0
 3585	    5	 30.3	 19.2	  9.5	  8.4	 79.7	 97.3	0	    0
 3586	    5	 31.4	 19.3	  9.6	  8.7	 70.4	 92.8	0	    0
	    0
	    0
	    0
	    0
	    0
	    0
	    0
	    0
	    0
	    0
	    0
	    0
	    0
	    0
	    0
	    0
	    0
	    0
 3605	    3	 23.3	 24.2	 16.7	  3.8	 39.9	 59.2	0	    0
	    0
	    0
	    0
	    0
	    0
	    0
	    0
	    0
	    0
 3615	    5	 30.3	 19.4	  9.6	  8.4	 84.7	 26.3	0	    0
	    0
	    0
	    0
	    0
	    0
	    0
	    0
 3623	    5	 29.4	 19.1	  9.5	  8.3	 25.8	 42.9	0	    0
	    0
	    0
	    0
	    0
	    0
	    0
	    0
	    0
	    0
 3633	    3	 24.7	 24.2	 16.4	  4.0	 89.1	 73.7	1	    0
	    0
	    0
	    0
	    0
	    0
	    0
	    0
	    0
	    0
	    0
	    0
 3645	    5	 29.5	 19.1	  9.5	  8.3	 83.7	 74.1	0	    0
	    0
	    0
	    0
	    0
	    0
	    0
	    0
	    0
 3654	    3	 23.7	 24.3	 16.7	  3.8	 82.6	 32.6	0	    0
	    0
	    0
	    0
	    0
	    0
	    0
	    0
 3662	    3	 24.5	 24.6	 16.9	  3.9	  1.7	 31.9	0	    0
 3663	    3	 23.7	 24.4	 16.8	  3.8	 66.0	 32.7	0	    0
	    0
 3665	    3	 26.1	 25.1	 17.2	  4.1	 44.3	 63.1	0	    0
	    0
	    0
	    0
 3669	    3	 28.5	 25.4	 17.3	  4.4	 14.7	 93.1	0	    0
 3670	    5	 28.6	 19.1	  9.5	  8.1	 63.9	 89.8	1	    0
 3671	    3	 22.2	 23.9	 16.5	  3.6	 49.6	 71.8	0	    0
	    0
	    0
	    0
 3675	    3	 26.4	 25.1	 17.1	  4.1	 16.1	  6.8	0	    0
	    0
	    0
 3678	    3	 23.7	 24.4	 16.8	  3.8	  3.6	 67.9	0	    0
	    0
 3680	    5	 27.4	 18.5	  9.2	  7.9	 29.4	 41.9	0	    0
	    0
	    0
	    0
 3684	    5	 26.9	 18.6	  9.2	  7.8	  4.3	 92.2	0	    0
	    0
	    0
	    0
	    0
	    0
	    0
	    0
	    0
	    0
	    0
	    0
	    0
	    0
	    0
	    0
	    0
	    0
	    0
	    0
	    0
	    0
	    0
	    0
 3708	    5	 33.7	 19.9	  9.9	  9.0	 86.9	  3.8	0	    0
	    0
	    0
	    0
	    0
	    0
	    0
	    0
	    0
	    0
	    0
	    0
	    0
	    0
	    0
	    0
 3724	    5	 32.7	 20.1	 10.0	  8.8	 63.5	 15.8	0	    0
	    0
	    0
	    0
	    0
	    0
	    0
 3731	    5	 24.0	 18.1	  9.0	  7.2	 59.4	 36.7	0	    0
 3732	    5	 27.3	 18.4	  9.1	  7.9	  7.9	 59.6	0	    0
	    0
	    0
 3735	    5	 29.2	 19.3	  9.6	  8.2	 67.0	 21.0	0	    0
	    0
 3737	    3	 25.0	 24.7	 16.9	  4.0	 67.7	 65.7	0	    0
	    0
 3739	    5	 31.2	 19.4	  9.7	  8.6	  8.3	 65.5	0	    0
 3740	    5	 30.8	 19.1	  9.5	  8.6	 71.2	 45.9	1	    0
	    0
	    0
	    0
	    0
	    0
	    0
	    0
	    0
	    0
 3750	    3	 25.5	 24.6	 16.7	  4.0	 30.3	 12.5	0	    0
	    0
	    0
	    0
	    0
	    0
	    0
	    0
	    0
	    0
	    0
	    0
	    0
	    0
	    0
	    0
	    0
 3767	    3	 27.4	 23.7	 15.7	  4.3	 84.8	 21.6	0	    0
	    0
	    0
	    0
	    0
	    0
	    0
	    0
	    0
	    0
 3777	    3	 25.9	 25.0	 17.1	  4.1	 66.8	 61.4	0	    0
	    0
	    0
	    0
 3781	    3	 27.3	 25.4	 17.3	  4.2	 57.8	 36.1	0	    0
	    0
	    0
	    0
	    0
	    0
	    0
	    0
	    0
	    0
 3791	    5	 28.8	 19.2	  9.5	  8.1	 73.7	 49.0	0	    0
	    0
	    0
	    0
	    0
	    0
 3797	    3	 25.6	 24.9	 17.0	  4.0	 17.4	 37.6	0	    0
 3798	    5	 32.0	 19.3	  9.6	  8.8	 48.8	 75.0	0	    0
 3799	    3	 23.9	 24.5	 16.9	  3.8	 43.1	 86.0	0	    0
 3800	    3	 24.0	 24.4	 16.7	  3.9	 67.6	 78.3	0	    0
 3801	    5	 32.1	 19.6	  9.7	  8.7	 37.2	  5.1	0	    0
	    0
	    0
	    0
 3805	    3	 26.8	 25.2	 17.2	  4.2	 59.5	 68.1	0	    0
	    0
	    0
	    0
	    0
 3810	    5	 30.1	 18.8	  9.3	  8.5	 59.2	 41.3	0	    0
 3811	    3	 24.7	 24.1	 16.4	  4.0	 42.1	 46.5	0	    0
	    0
	    0
	    0
	    0
 3816	    3	 25.6	 24.7	 16.8	  4.1	 81.3	 99.9	1	    0
	    0
	    0
	    0
	    0
	    0
	    0
	    0
	    0
	    0
	    0
	    0
 3828	    3	 25.6	 24.9	 17.0	  4.0	  3.5	 55.6	0	    0
	    0
	    0
	    0
	    0
	    0
	    0
	    0
	    0
	    0
	    0
 3839	    3	 24.1	 24.3	 16.6	  3.9	 52.6	 66.5	0	    0
	    0
 3841	    3	 24.7	 24.7	 16.9	  3.9	 81.4	 79.9	1	    0
	    0
	    0
	    0
	    0
	    0
	    0
 3848	    3	 24.1	 23.7	 16.0	  3.9	 31.1	 80.9	0	    0
 3849	    3	 27.7	 25.5	 17.4	  4.3	 19.8	 28.3	0	    0
	    0
	    0
	    0
	    0
	    0
	    0
	    0
	    0
	    0
	    0
	    0
	    0
	    0
	    0
	    0
	    0
	    0
	    0
	    0
	    0
	    0
	    0
 3872	    3	 23.6	 24.2	 16.6	  3.8	 65.5	 27.7	0	    0
	    0
	    0
	    0
	    0
	    0
	    0
	    0
	    0
	    0
	    0
	    0
	    0
	    0
	    0
	    0
	    0
	    0
	    0
	    0
 3892	    3	 25.1	 24.6	 16.8	  4.0	 97.7	 40.3	1	    0
	    0
	    0
	    0
	    0
	    0
	    0
	    0
	    0
	    0
	    0
 3903	    3	 25.0	 25.0	 17.2	  3.9	 90.5	 44.9	0	    0
	    0
	    0
	    0
	    0
	    0
	    0
	    0
	    0
	    0
	    0
	    0
 3915	    3	 24.7	 24.7	 16.9	  3.9	  3.5	  9.3	0	    0
	    0
 3917	    3	 27.3	 25.1	 17.1	  4.3	 85.1	 73.9	0	    0
	    0
	    0
	    0
	    0
	    0
	    0
	    0
	    0
	    0
	    0
	    0
	    0
	    0
 3931	    3	 23.6	 24.3	 16.7	  3.8	 61.3	 29.3	0	    0
	    0
	    0
	    0
	    0
 3936	    5	 26.0	 18.5	  9.2	  7.6	 41.4	 93.4	0	    0
 3937	    5	 29.0	 18.6	  9.2	  8.3	 71.2	 19.6	0	    0
	    0
 3939	    3	 25.2	 24.7	 16.9	  4.0	  6.0	 35.5	0	    0
	    0
	    0
	    0
	    0
	    0
	    0
	    0
	    0
 3948	    5	 28.5	 18.8	  9.3	  8.1	 46.4	 47.5	0	    0
 3949	    5	 24.4	 18.2	  9.0	  7.3	 48.8	 64.6	0	    0
	    0
 3951	    3	 24.3	 24.5	 16.8	  3.9	 22.1	 69.3	0	    0
	    0
	    0
	    0
	    0
	    0
	    0
 3958	    5	 28.1	 18.9	  9.4	  8.0	 73.9	 80.4	0	    0
	    0
	    0
	    0
	    0
	    0
	    0
 3965	    3	 25.0	 24.7	 16.9	  4.0	 88.2	  2.9	1	    0
 3966	    5	 26.3	 18.4	  9.1	  7.7	 86.0	  9.2	0	    0
	    0
	    0
	    0
 3970	    5	 33.0	 19.8	  9.8	  8.9	 57.6	 43.6	0	    0
	    0
	    0
	    0
	    0
	    0
	    0
 3977	    3	 24.7	 24.5	 16.8	  3.9	 51.1	 56.7	1	    0
	    0
	    0
	    0
	    0
	    0
 3983	    3	 24.6	 24.6	 16.9	  3.9	  9.2	 49.2	0	    0
 3984	    3	 26.0	 24.8	 16.9	  4.1	 54.6	  5.7	0	    0
	    0
	    0
 3987	    5	 28.3	 18.8	  9.3	  8.1	 21.9	 61.9	0	    0
	    0
	    0
 3990	    5	 21.4	 17.0	  8.4	  6.8	  8.6	 61.4	0	    0
	    0
	    0
 3993	    5	 29.5	 18.5	  9.2	  8.4	 23.1	 32.8	0	    0
	    0
	    0
	    0
 3997	    5	 29.8	 19.0	  9.4	  8.4	 40.2	 21.7	0	    0
	    0
	    0
	    0
	    0
	    0
	    0
	    0
	    0
	    0
	    0
	    0
	    0
	    0
	    0
	    0
	    0
	    0
	    0
	    0
	    0
	    0
	    0
	    0
	    0
	    0
	    0
 4024	    5	 30.8	 19.2	  9.5	  8.6	  9.2	 76.0	0	    0
	    0
	    0
	    0
	    0
	    0
	    0
	    0
	    0
	    0
	    0
	    0
	    0
	    0
	    0
 4039	    3	 23.9	 24.3	 16.7	  3.8	 70.1	 52.9	0	    0
	    0
	    0
 4042	    3	 24.9	 24.6	 16.9	  4.0	 42.4	 43.3	0	    0
	    0
	    0
	    0
	    0
	    0
	    0
	    0
	    0
	    0
	    0
	    0
	    0
	    0
	    0
	    0
	    0
	    0
	    0
	    0
 4062	    3	 25.5	 24.9	 17.1	  4.0	 79.7	 36.1	0	    0
	    0
	    0
	    0
	    0
	    0
	    0
	    0
	    0
	    0
	    0
	    0
	    0
	    0
	    0
	    0
	    0
	    0
	    0
	    0
	    0
	    0
	    0
	    0
	    0
	    0
	    0
	    0
 4090	    3	 24.6	 24.6	 16.8	  3.9	 62.4	 60.0	0	    0
	    0
 4092	    5	 30.3	 19.3	  9.6	  8.4	 37.5	 99.2	0	    0
 4093	    3	 28.1	 25.5	 17.4	  4.3	 72.2	 64.0	0	    0
 4094	    3	 26.6	 25.1	 17.1	  4.2	  0.7	 76.6	0	    0
	    0
	    0
	    0
	    0
	    0
	    0
	    0
	    0
	    0
	    0
	    0
	    0
	    0
 4108	    5	 28.1	 19.0	  9.4	  8.0	 48.4	 46.3	0	    0
	    0
 4110	    5	 31.5	 19.4	  9.6	  8.7	 95.6	 16.6	1	    0
	    0
	    0
	    0
	    0
	    0
	    0
	    0
	    0
	    0
	    0
 4121	    3	 25.1	 24.6	 16.8	  4.0	  0.5	 25.0	0	    0
	    0
	    0
	    0
	    0
	    0
	    0
	    0
	    0
	    0
	    0
	    0
	    0
	    0
	    0
	    0
	    0
	    0
	    0
	    0
	    0
	    0
	    0
 4144	    5	 30.4	 19.2	  9.5	  8.5	 63.1	 12.8	0	    0
	    0
	    0
 4147	    3	 25.4	 24.9	 17.1	  4.0	 28.3	 40.6	0	    0
	    0
	    0
	    0
	    0
	    0
	    0
	    0
 4155	    3	 22.2	 23.1	 15.8	  3.7	 85.6	 76.3	1	    0
	    0
	    0
	    0
 4159	    3	 22.0	 23.6	 16.3	  3.6	 28.8	 97.6	0	    0
	    0
	    0
	    0
	    0
 4164	    5	 33.9	 19.7	  9.8	  9.1	 82.6	 99.8	1	    0
	    0
	    0
	    0
	    0
	    0
	    0
	    0
	    0
	    0
	    0
	    0
	    0
	    0
 4178	    3	 26.0	 25.0	 17.1	  4.1	 83.1	 92.6	0	    0
	    0
	    0
	    0
	    0
	    0
	    0
 4185	    3	 21.3	 22.9	 15.7	  3.6	 75.2	 85.5	0	    0
	    0
	    0
	    0
 4189	    3	 25.3	 24.7	 16.9	  4.0	 86.7	  8.8	0	    0
	    0
	    0
	    0
 4193	    3	 22.2	 23.2	 15.8	  3.7	 24.6	 25.7	0	    0
	    0
	    0
 4196	    3	 23.9	 24.5	 16.9	  3.8	 43.1	 22.6	0	    0
	    0
 4198	    3	 25.4	 24.7	 16.8	  4.0	 76.9	 54.8	0	    0
	    0
	    0
	    0
	    0
	    0
	    0
	    0
	    0
	    0
	    0
	    0
	    0
	    0
	    0
 4213	    3	 24.4	 24.5	 16.8	  3.9	 53.2	 63.3	0	    0
	    0
	    0
	    0
	    0
	    0
	    0
	    0
	    0
	    0
	    0
 4224	    5	 27.5	 18.8	  9.4	  7.9	 50.5	 24.5	0	    0
	    0
	    0
 4227	    3	 25.8	 25.0	 17.1	  4.1	 91.7	 89.6	0	    0
	    0
	    0
	    0
	    0
	    0
	    0
	    0
	    0
	    0
	    0
 4238	    3	 23.0	 23.9	 16.4	  3.7	 30.1	 95.6	0	    0
 4239	    3	 26.0	 24.8	 16.9	  4.1	 16.6	 41.0	0	    0
	    0
	    0
	    0
	    0
 4244	    3	 25.9	 24.9	 17.0	  4.1	 45.5	 29.1	0	    0
	    0
	    0
	    0
	    0
	    0
	    0
 4251	    3	 27.0	 25.4	 17.4	  4.2	 98.5	 13.8	0	    0
	    0
	    0
	    0
	    0
	    0
	    0
 4258	    5	 28.7	 18.6	  9.2	  8.2	 60.4	 59.7	0	    0
	    0
	    0
	    0
	    0
	    0
	    0
	    0
	    0
 4267	    3	 22.5	 23.6	 16.2	  3.7	 91.2	 75.3	0	    0
	    0
 4269	    3	 28.6	 25.8	 17.6	  4.4	 61.2	 34.0	0	    0
	    0
	    0
	    0
	    0
	    0
	    0
	    0
	    0
	    0
	    0
	    0
	    0
	    0
 4283	    5	 30.2	 19.3	  9.6	  8.4	 74.9	 93.4	0	    0
 4284	    3	 28.0	 25.4	 17.3	  4.3	 98.5	 60.8	0	    0
	    0
	    0
	    0
 4288	    3	 23.7	 24.3	 16.7	  3.8	 67.8	 46.7	0	    0
	    0
 4290	    3	 23.2	 24.2	 16.7	  3.8	 68.5	 86.4	1	    0
	    0
	    0
	    0
	    0
	    0
	    0
	    0
 4298	    3	 23.9	 24.0	 16.4	  3.9	 57.2	 90.7	0	    0
	    0
	    0
	    0
	    0
 4303	    3	 25.7	 24.9	 17.0	  4.1	 88.8	 86.2	1	    0
	    0
	    0
	    0
	    0
	    0
	    0
	    0
	    0
	    0
	    0
	    0
	    0
	    0
 4317	    3	 24.2	 24.6	 16.9	  3.9	 24.8	 78.2	0	    0
	    0
	    0
 4320	    3	 22.0	 23.1	 15.8	  3.6	 40.5	  6.5	0	    0
	    0
	    0
	    0
	    0
 4325	    3	 25.7	 24.4	 16.5	  4.1	 98.6	 25.4	0	    0
	    0
	    0
	    0
	    0
	    0
	    0
	    0
	    0
	    0
	    0
	    0
	    0
	    0
	    0
	    0
	    0
 4342	    5	 33.0	 19.7	  9.8	  8.9	 12.9	 76.5	0	    0
 4343	    3	 27.3	 25.7	 17.7	  4.2	 23.5	 97.8	0	    0
	    0
	    0
	    0
	    0
	    0
 4349	    5	 31.3	 19.5	  9.7	  8.6	 27.4	 55.3	0	    0
	    0
	    0
	    0
	    0
	    0
	    0
	    0
	    0
	    0
 4359	    3	 26.7	 25.1	 17.1	  4.2	 99.1	 69.2	0	    0
	    0
 4361	    3	 24.0	 24.5	 16.8	  3.8	  1.5	 54.4	0	    0
	    0
 4363	    3	 27.7	 25.5	 17.4	  4.3	 43.9	 59.4	0	    0
	    0
	    0
	    0
	    0
 4368	    5	 31.8	 19.5	  9.7	  8.7	 19.7	 47.7	0	    0
	    0
	    0
	    0
	    0
 4373	    5	 28.7	 19.2	  9.5	  8.1	 81.5	 83.9	0	    0
	    0
	    0
 4376	    5	 31.2	 19.3	  9.6	  8.6	 53.1	 35.6	0	    0
 4377	    5	 30.7	 19.3	  9.6	  8.5	 98.4	 18.8	0	    0
	    0
	    0
	    0
	    0
 4382	    5	 33.7	 19.7	  9.8	  9.1	 36.6	  8.6	0	    0
	    0
	    0
	    0
	    0
	    0
 4388	    3	 24.9	 24.6	 16.9	  4.0	 30.7	 75.8	0	    0
	    0
 4390	    5	 28.0	 18.5	  9.2	  8.1	 72.6	 61.6	0	    0
	    0
	    0
	    0
	    0
	    0
	    0
	    0
 4398	    3	 23.7	 24.5	 16.9	  3.8	 30.6	 80.6	0	    0
	    0
	    0
	    0
 4402	    3	 28.1	 25.4	 17.3	  4.3	  1.0	  5.0	0	    0
	    0
	    0
 4405	    3	 25.6	 24.8	 16.9	  4.0	  2.8	 92.6	0	    0
	    0
 4407	    3	 24.4	 24.6	 16.9	  3.9	 22.3	 78.3	1	    0
	    0
	    0
	    0
	    0
	    0
	    0
	    0
	    0
	    0
	    0
	    0
	    0
	    0
	    0
 4422	    3	 23.5	 24.3	 16.7	  3.8	 13.7	  8.0	0	    0
	    0
 4424	    5	 31.5	 19.4	  9.7	  8.7	  7.9	  7.7	0	    0
	    0
	    0
	    0
	    0
	    0
	    0
	    0
	    0
	    0
	    0
	    0
	    0
 4437	    3	 23.3	 24.3	 16.7	  3.8	 75.8	 24.7	0	    0
	    0
	    0
	    0
	    0
	    0
	    0
	    0
	    0
	    0
	    0
 4448	    5	 31.5	 18.9	  9.4	  8.8	 83.0	 40.9	0	    0
	    0
 4450	    3	 23.7	 24.4	 16.8	  3.8	 48.9	 72.6	0	    0
	    0
	    0
	    0
	    0
	    0
	    0
	    0
	    0
 4459	    3	 25.9	 24.9	 17.0	  4.1	  1.9	 89.5	0	    0
	    0
 4461	    3	 26.5	 25.2	 17.2	  4.1	 33.9	 46.4	0	    0
	    0
	    0
	    0
	    0
	    0
	    0
 4468	    3	 25.3	 24.7	 16.9	  4.0	 60.2	 89.2	0	    0
	    0
 4470	    3	 26.9	 25.3	 17.2	  4.2	 22.3	 46.4	1	    0
	    0
	    0
	    0
	    0
	    0
	    0
	    0
 4478	    3	 23.5	 24.3	 16.7	  3.8	 38.4	 68.9	0	    0
 4479	    3	 26.0	 24.9	 17.0	  4.1	  0.2	 47.4	0	    0
	    0
	    0
 4482	    3	 27.4	 25.4	 17.4	  4.2	 42.2	 90.7	0	    0
	    0
	    0
 4485	    3	 23.5	 24.3	 16.7	  3.8	 44.6	 87.5	0	    0
	    0
	    0
	    0
	    0
	    0
	    0
	    0
 4493	    3	 24.5	 23.8	 16.1	  3.9	 93.7	 61.8	0	    0
	    0
	    0
	    0
	    0
	    0
	    0
	    0
	    0
	    0
	    0
	    0
	    0
	    0
	    0
	    0
	    0
 4510	    3	 25.9	 25.0	 17.1	  4.1	  9.6	 39.4	0	    0
	    0
	    0
	    0
	    0
	    0
 4516	    3	 22.6	 24.0	 16.6	  3.7	 99.0	 47.7	0	    0
	    0
	    0
	    0
	    0
	    0
 4522	    3	 25.9	 25.0	 17.1	  4.1	 57.2	 26.5	0	    0
	    0
	    0
	    0
	    0
	    0
	    0
	    0
	    0
	    0
	    0
	    0
	    0
	    0
	    0
	    0
	    0
	    0
	    0
	    0
	    0
	    0
	    0
 4545	    3	 23.1	 23.9	 16.4	  3.8	 55.6	 62.0	0	    0
	    0
	    0
	    0
	    0
	    0
	    0
	    0
	    0
	    0
 4555	    5	 28.4	 18.8	  9.3	  8.1	 78.8	 10.9	0	    0
	    0
	    0
	    0
	    0
	    0
	    0
	    0
	    0
	    0
	    0
 4566	    3	 25.7	 24.9	 17.0	  4.0	 98.3	 82.8	1	    0
	    0
	    0
	    0
	    0
	    0
 4572	    3	 24.9	 24.6	 16.8	  4.0	 24.2	 50.4	0	    0
	    0
	    0
	    0
	    0
	    0
 4578	    3	 24.7	 24.6	 16.9	  3.9	 19.6	  6.0	0	    0
	    0
	    0
	    0
	    0
	    0
	    0
	    0
	    0
	    0
	    0
	    0
	    0
	    0
	    0
	    0
	    0
 4595	    5	 29.1	 18.9	  9.4	  8.2	 35.4	  2.1	0	    0
	    0
	    0
	    0
	    0
	    0
	    0
	    0
	    0
	    0
	    0
	    0
	    0
	    0
	    0
	    0
 4611	    3	 25.6	 24.9	 17.1	  4.0	 45.3	 11.3	0	    0
	    0
	    0
	    0
 4615	    3	 23.6	 23.9	 16.3	  3.8	 39.7	 61.6	0	    0
 4616	    3	 23.6	 24.2	 16.6	  3.8	 43.1	  7.4	0	    0
	    0
	    0
 4619	    5	 31.5	 19.1	  9.5	  8.7	 99.0	 90.4	0	    0
	    0
	    0
	    0
	    0
	    0
	    0
	    0
	    0
	    0
	    0
	    0
	    0
	    0
	    0
	    0
	    0
	    0
	    0
	    0
	    0
	    0
	    0
	    0
	    0
	    0
	    0
	    0
	    0
	    0
 4649	    3	 24.6	 24.2	 16.4	  4.0	 10.7	 15.6	0	    0
	    0
	    0
	    0
	    0
	    0
	    0
	    0
	    0
	    0
	    0
	    0
	    0
	    0
	    0
	    0
	    0
	    0
	    0
 4668	    5	 30.6	 19.3	  9.6	  8.5	 47.5	 57.2	0	    0
	    0
	    0
	    0
 4672	    5	 31.9	 19.7	  9.8	  8.7	 82.8	 94.1	0	    0
	    0
	    0
	    0
	    0
	    0
	    0
 4679	    3	 27.5	 25.4	 17.3	  4.3	 60.5	 75.9	0	    0
	    0
	    0
	    0
	    0
 4684	    3	 23.8	 24.3	 16.7	  3.8	 74.7	 58.1	0	    0
	    0
 4686	    3	 23.3	 24.4	 16.8	  3.8	  6.7	 21.8	0	    0
	    0
	    0
	    0
	    0
	    0
	    0
	    0
	    0
 4695	    3	 24.4	 24.6	 16.9	  3.9	 76.7	 25.1	0	    0
	    0
	    0
	    0
	    0
	    0
	    0
	    0
	    0
	    0
	    0
 4706	    3	 24.9	 24.6	 16.8	  4.0	 16.0	 55.0	1	    0
	    0
	    0
	    0
	    0
	    0
 4712	    3	 22.2	 23.4	 16.1	  3.7	 51.9	 57.1	0	    0
	    0
	    0
	    0
	    0
	    0
	    0
 4719	    5	 31.8	 19.8	  9.8	  8.7	 30.9	 50.0	0	    0
	    0
	    0
	    0
	    0
	    0
	    0
	    0
	    0
	    0
	    0
	    0
	    0
	    0
	    0
	    0
	    0
	    0
	    0
	    0
 4739	    3	 25.3	 24.7	 16.9	  4.0	 25.9	 52.6	0	    0
	    0
	    0
	    0
	    0
	    0
	    0
	    0
 4747	    3	 23.4	 24.3	 16.7	  3.8	 31.2	 29.4	0	    0
	    0
	    0
	    0
	    0
	    0
	    0
	    0
 4755	    3	 23.7	 24.0	 16.4	  3.8	 49.1	 39.6	1	    0
 4756	    3	 26.7	 25.2	 17.2	  4.2	 99.5	 22.2	0	    0
	    0
	    0
	    0
	    0
	    0
	    0
 4763	    3	 23.7	 24.3	 16.7	  3.8	 22.1	 93.9	1	    0
	    0
	    0
	    0
	    0
	    0
	    0
 4770	    3	 23.2	 24.3	 16.7	  3.8	 10.8	 45.7	1	    0
	    0
 4772	    5	 31.3	 19.4	  9.7	  8.6	 62.7	 93.0	1	    0
	    0
 4774	    5	 26.5	 18.5	  9.1	  7.7	 70.6	 61.8	0	    0
 4775	    3	 27.2	 25.5	 17.4	  4.2	 15.9	 56.0	0	    0
	    0
 4777	    5	 30.8	 19.3	  9.6	  8.5	 21.2	 36.0	0	    0
	    0
	    0
	    0
	    0
	    0
	    0
	    0
	    0
 4786	    5	 30.6	 19.1	  9.5	  8.5	 11.3	 32.5	0	    0
	    0
	    0
	    0
	    0
 4791	    5	 30.1	 19.5	  9.7	  8.4	 92.3	 26.1	0	    0
	    0
	    0
	    0
	    0
 4796	    5	 30.7	 18.9	  9.4	  8.6	 71.6	 87.4	0	    0
 4797	    5	 29.0	 18.3	  9.1	  8.3	 76.4	 45.6	0	    0
	    0
	    0
	    0
	    0
	    0
	    0
	    0
	    0
	    0
	    0
	    0
	    0
	    0
	    0
	    0
	    0
 4814	    3	 27.1	 25.3	 17.2	  4.2	 16.7	 68.9	0	    0
 4815	    3	 27.7	 25.4	 17.3	  4.3	 94.1	 68.9	0	    0
	    0
	    0
	    0
 4819	    3	 27.1	 25.2	 17.1	  4.2	  7.5	 66.0	0	    0
	    0
	    0
	    0
	    0
	    0
 4825	    3	 24.0	 24.4	 16.8	  3.9	 68.9	 84.2	0	    0
	    0
	    0
	    0
	    0
	    0
	    0
	    0
	    0
	    0
	    0
	    0
 4837	    3	 24.2	 24.4	 16.7	  3.9	 65.5	 22.3	1	    0
	    0
	    0
	    0
	    0
	    0
	    0
	    0
	    0
	    0
 4847	    3	 26.2	 25.0	 17.0	  4.1	 83.7	 59.6	0	    0
	    0
	    0
	    0
 4851	    3	 25.9	 24.9	 17.0	  4.1	 80.3	  9.7	0	    0
	    0
	    0
 4854	    3	 23.9	 24.4	 16.8	  3.8	  2.6	 22.6	0	    0
 4855	    3	 26.3	 24.8	 16.8	  4.1	 85.1	 93.2	0	    0
	    0
	    0
	    0
	    0
	    0
	    0
	    0
	    0
	    0
	    0
	    0
	    0
	    0
	    0
	    0
	    0
	    0
	    0
	    0
	    0
	    0
 4877	    5	 27.2	 18.5	  9.2	  7.9	 34.0	 85.5	0	    0
	    0
	    0
	    0
	    0
	    0
	    0
	    0
	    0
	    0
 4887	    5	 32.4	 19.5	  9.7	  8.8	 87.9	 41.2	0	    0
	    0
 4889	    3	 30.3	 26.2	 17.9	  4.6	 41.8	 31.9	0	    0
	    0
 4891	    3	 24.9	 24.7	 16.9	  4.0	  2.2	 44.3	0	    0
	    0
	    0
	    0
 4895	    3	 24.3	 24.6	 16.9	  3.9	 71.9	 54.9	0	    0
 4896	    3	 26.5	 25.1	 17.1	  4.1	 69.2	 16.8	0	    0
	    0
	    0
	    0
	    0
	    0
	    0
	    0
	    0
	    0
	    0
	    0
	    0
	    0
	    0
	    0
 4912	    3	 23.3	 23.8	 16.3	  3.8	 47.1	 41.4	0	    0
	    0
	    0
	    0
	    0
	    0
	    0
	    0
	    0
	    0
 4922	    3	 25.7	 24.9	 17.0	  4.1	 32.1	 15.5	0	    0
	    0
 4924	    3	 28.7	 25.6	 17.4	  4.4	 42.5	 16.7	0	    0
	    0
	    0
	    0
 4928	    3	 25.8	 24.9	 17.0	  4.1	 82.7	 67.4	0	    0
	    0
 4930	    3	 25.1	 24.7	 16.9	  4.0	 68.9	 98.1	0	    0
 4931	    3	 22.9	 23.5	 16.0	  3.8	 96.2	 73.8	1	    0
	    0
	    0
	    0
	    0
	    0
	    0
	    0
	    0
 4940	    3	 24.3	 24.6	 16.9	  3.9	  2.0	  3.4	0	    0
	    0
	    0
	    0
	    0
	    0
	    0
 4947	    3	 24.8	 24.2	 16.5	  4.0	 60.9	 78.4	0	    0
	    0
	    0
	    0
	    0
	    0
	    0
	    0
	    0
	    0
	    0
 4958	    3	 24.6	 24.7	 16.9	  3.9	 45.6	 32.3	0	    0
	    0
 4960	    5	 34.4	 19.5	  9.7	  9.2	 17.4	 63.2	0	    0
	    0
	    0
	    0
	    0
	    0
	    0
	    0
	    0
	    0
	    0
	    0
	    0
	    0
	    0
	    0
	    0
	    0
	    0
	    0
	    0
	    0
	    0
	    0
 4984	    5	 28.2	 18.9	  9.4	  8.0	 15.1	 53.8	0	    0
	    0
 4986	    5	 30.1	 19.1	  9.5	  8.4	 46.8	 83.2	0	    0
	    0
	    0
	    0
	    0
	    0
	    0
	    0
	    0
	    0
	    0
	    0
	    0
	    0
	    0
