Nr	Art	BHD	h	kra	kd	x	y	kenn	mort
	    0
	    0
	    0
    4	    3	 19.9	 22.5	 15.6	  3.4	 52.5	 53.3	1	    0
	    0
	    0
	    0
	    0
	    0
	    0
	    0
	    0
	    0
	    0
	    0
	    0
	    0
   18	    3	 20.3	 22.3	 15.3	  3.5	 10.5	 77.3	0	    0
	    0
   20	    3	 17.1	 22.1	 16.0	  3.0	 21.5	 80.3	0	    0
   21	    5	 25.3	 18.1	  8.9	  7.5	 80.5	 26.3	0	    0
	    0
	    0
	    0
   25	    5	 30.7	 19.2	  9.5	  8.5	 28.5	 30.8	0	    0
	    0
	    0
	    0
	    0
	    0
	    0
	    0
	    0
	    0
	    0
	    0
   37	    5	 25.9	 18.2	  9.0	  7.7	 55.5	 83.2	0	    0
	    0
	    0
	    0
	    0
	    0
	    0
   44	    3	 21.0	 23.0	 15.9	  3.5	 37.5	 32.3	0	    0
	    0
	    0
	    0
	    0
	    0
	    0
	    0
   52	    5	 26.3	 18.3	  9.1	  7.7	 50.5	 75.8	0	    0
   53	    5	 26.7	 18.3	  9.1	  7.8	  3.5	 71.3	0	    0
   54	    5	 24.1	 18.0	  8.9	  7.3	 63.5	 83.2	0	    0
	    0
	    0
	    0
	    0
	    0
	    0
	    0
	    0
	    0
	    0
	    0
	    0
	    0
	    0
   69	    5	 31.4	 19.3	  9.6	  8.7	 16.5	 83.2	0	    0
	    0
	    0
	    0
	    0
	    0
	    0
	    0
	    0
	    0
	    0
	    0
   81	    3	 19.8	 22.7	 15.9	  3.4	 46.5	 57.8	0	    0
	    0
	    0
	    0
	    0
	    0
	    0
	    0
	    0
	    0
	    0
	    0
   93	    3	 21.0	 23.1	 16.0	  3.5	 56.5	 71.3	0	    0
	    0
	    0
	    0
	    0
	    0
	    0
	    0
	    0
	    0
	    0
	    0
	    0
	    0
	    0
  108	    5	 26.3	 18.3	  9.1	  7.7	 45.5	 50.3	0	    0
  109	    5	 30.9	 19.4	  9.6	  8.5	 45.5	 54.7	0	    0
	    0
	    0
	    0
	    0
	    0
	    0
	    0
	    0
	    0
	    0
	    0
	    0
	    0
	    0
	    0
	    0
	    0
	    0
	    0
	    0
	    0
	    0
	    0
	    0
  134	    3	 20.1	 22.8	 15.9	  3.4	 19.5	  8.3	0	    0
  135	    5	 27.5	 18.3	  9.1	  8.0	  9.5	 11.3	0	    0
	    0
	    0
	    0
	    0
	    0
  141	    5	 28.5	 18.7	  9.3	  8.1	 22.5	 44.3	0	    0
	    0
	    0
	    0
  145	    5	 26.3	 18.5	  9.2	  7.7	 25.5	 69.8	1	    0
	    0
  147	    5	 28.8	 18.7	  9.3	  8.2	 76.5	 12.8	0	    0
	    0
  149	    5	 30.0	 19.0	  9.4	  8.4	 34.5	 44.3	0	    0
	    0
	    0
	    0
	    0
	    0
	    0
	    0
	    0
	    0
	    0
	    0
	    0
	    0
	    0
	    0
	    0
	    0
	    0
	    0
	    0
	    0
	    0
	    0
	    0
	    0
	    0
	    0
	    0
	    0
	    0
	    0
	    0
	    0
	    0
  184	    5	 26.6	 18.5	  9.2	  7.8	  7.5	 38.3	1	    0
  185	    5	 29.1	 18.8	  9.3	  8.3	 81.5	 23.3	0	    0
	    0
	    0
	    0
  189	    5	 28.8	 18.9	  9.4	  8.2	  8.5	 29.3	0	    0
	    0
  191	    5	 27.4	 18.7	  9.3	  7.9	 78.5	 68.3	0	    0
	    0
	    0
	    0
	    0
  196	    3	 27.3	 25.3	 17.2	  4.2	  6.5	 36.8	0	    0
	    0
	    0
	    0
	    0
	    0
  202	    3	 26.8	 25.1	 17.1	  4.2	 73.5	 45.8	0	    0
	    0
	    0
	    0
	    0
	    0
	    0
	    0
	    0
	    0
	    0
	    0
	    0
  215	    5	 25.2	 18.6	  9.2	  7.4	 14.5	  3.8	0	    0
	    0
	    0
	    0
	    0
	    0
	    0
  222	    5	 31.4	 19.4	  9.7	  8.6	 26.5	 71.3	0	    0
	    0
	    0
	    0
	    0
	    0
	    0
	    0
	    0
	    0
	    0
	    0
	    0
	    0
	    0
	    0
	    0
	    0
	    0
	    0
	    0
	    0
	    0
  245	    5	 24.8	 18.0	  8.9	  7.4	 34.5	 20.3	0	    0
	    0
	    0
	    0
	    0
	    0
	    0
	    0
	    0
	    0
	    0
	    0
  257	    5	 30.2	 19.2	  9.6	  8.4	  9.5	 23.3	0	    0
	    0
	    0
	    0
	    0
	    0
	    0
	    0
	    0
	    0
	    0
	    0
	    0
	    0
	    0
	    0
	    0
	    0
	    0
	    0
	    0
	    0
	    0
	    0
	    0
	    0
	    0
	    0
	    0
	    0
	    0
  288	    5	 31.5	 19.3	  9.6	  8.7	 21.5	 15.8	0	    0
	    0
	    0
	    0
	    0
	    0
	    0
	    0
	    0
	    0
	    0
	    0
	    0
	    0
	    0
	    0
	    0
	    0
	    0
	    0
	    0
	    0
	    0
	    0
	    0
	    0
	    0
	    0
	    0
	    0
	    0
	    0
	    0
	    0
	    0
	    0
	    0
	    0
	    0
	    0
	    0
	    0
	    0
	    0
	    0
	    0
	    0
	    0
  336	    5	 26.6	 18.5	  9.2	  7.8	  4.5	 75.8	1	    0
	    0
	    0
	    0
	    0
	    0
	    0
	    0
	    0
	    0
	    0
	    0
	    0
  349	    5	 24.0	 18.0	  8.9	  7.3	 11.5	 32.3	0	    0
	    0
	    0
	    0
	    0
	    0
	    0
	    0
	    0
	    0
  359	    5	 30.1	 19.2	  9.5	  8.4	 76.5	 86.3	1	    0
	    0
	    0
	    0
	    0
	    0
	    0
	    0
	    0
	    0
	    0
	    0
	    0
	    0
	    0
	    0
	    0
	    0
	    0
  378	    5	 27.9	 19.0	  9.4	  8.0	  3.5	 84.8	0	    0
	    0
	    0
	    0
	    0
  383	    5	 28.2	 18.8	  9.3	  8.1	 82.5	 69.8	0	    0
	    0
	    0
	    0
	    0
	    0
	    0
	    0
	    0
	    0
	    0
	    0
	    0
	    0
	    0
	    0
	    0
	    0
	    0
	    0
	    0
	    0
	    0
	    0
	    0
  408	    5	 29.0	 18.7	  9.3	  8.3	 82.5	 65.3	0	    0
	    0
	    0
	    0
	    0
	    0
	    0
	    0
	    0
	    0
	    0
	    0
	    0
	    0
	    0
  423	    5	 27.9	 18.3	  9.1	  8.1	 68.5	 30.8	0	    0
	    0
	    0
	    0
	    0
  428	    5	 29.2	 19.1	  9.5	  8.2	 23.5	 56.3	0	    0
	    0
	    0
  431	    5	 27.8	 18.9	  9.4	  8.0	  5.5	 32.3	0	    0
	    0
	    0
	    0
	    0
	    0
	    0
	    0
	    0
	    0
	    0
	    0
	    0
	    0
	    0
	    0
	    0
	    0
	    0
	    0
	    0
	    0
	    0
	    0
	    0
	    0
  457	    5	 29.8	 19.0	  9.4	  8.4	 61.5	 41.3	0	    0
	    0
  459	    5	 28.1	 18.7	  9.3	  8.0	 43.5	 26.3	1	    0
	    0
	    0
	    0
	    0
	    0
	    0
	    0
	    0
	    0
	    0
	    0
	    0
	    0
	    0
	    0
	    0
  476	    3	 24.7	 24.5	 16.7	  3.9	 77.5	 78.8	0	    0
	    0
	    0
	    0
	    0
	    0
	    0
	    0
	    0
	    0
	    0
	    0
	    0
	    0
	    0
	    0
	    0
	    0
	    0
	    0
	    0
	    0
	    0
	    0
	    0
	    0
	    0
	    0
	    0
	    0
	    0
	    0
	    0
	    0
	    0
	    0
	    0
	    0
	    0
	    0
	    0
	    0
	    0
	    0
	    0
	    0
	    0
	    0
	    0
	    0
	    0
	    0
	    0
	    0
	    0
	    0
	    0
  533	    5	 29.4	 19.1	  9.5	  8.3	 44.5	 20.3	0	    0
	    0
	    0
	    0
	    0
	    0
	    0
	    0
	    0
	    0
	    0
  544	    5	 27.4	 18.2	  9.0	  8.0	 61.5	 54.7	0	    0
	    0
	    0
	    0
	    0
	    0
	    0
	    0
	    0
  553	    5	 25.4	 18.5	  9.2	  7.5	 45.5	 63.8	0	    0
	    0
	    0
	    0
	    0
	    0
	    0
	    0
	    0
	    0
	    0
	    0
	    0
	    0
	    0
  568	    3	 27.4	 25.4	 17.3	  4.3	 39.5	 69.8	1	    0
	    0
	    0
	    0
	    0
	    0
	    0
	    0
	    0
	    0
	    0
	    0
	    0
  581	    5	 29.5	 19.3	  9.6	  8.3	  2.5	 41.3	0	    0
	    0
	    0
	    0
	    0
	    0
	    0
	    0
	    0
	    0
	    0
  592	    5	 25.3	 17.9	  8.8	  7.6	 31.5	 78.8	0	    0
	    0
	    0
	    0
	    0
	    0
	    0
	    0
  600	    5	 27.1	 18.5	  9.2	  7.9	 73.5	 35.3	0	    0
  601	    5	 30.0	 19.0	  9.5	  8.4	 42.5	 39.8	0	    0
	    0
	    0
	    0
	    0
	    0
	    0
	    0
	    0
	    0
	    0
	    0
	    0
	    0
	    0
	    0
	    0
	    0
	    0
	    0
	    0
	    0
  623	    5	 29.5	 19.1	  9.5	  8.3	 64.5	 42.8	0	    0
	    0
	    0
	    0
	    0
	    0
	    0
	    0
	    0
	    0
	    0
	    0
	    0
	    0
	    0
	    0
	    0
	    0
	    0
	    0
	    0
	    0
	    0
  646	    5	 26.1	 18.4	  9.1	  7.7	 16.5	 68.3	0	    0
	    0
	    0
	    0
	    0
	    0
	    0
	    0
	    0
	    0
	    0
	    0
	    0
	    0
	    0
	    0
	    0
	    0
	    0
	    0
	    0
	    0
	    0
	    0
	    0
	    0
	    0
	    0
	    0
	    0
	    0
	    0
	    0
	    0
	    0
	    0
	    0
	    0
	    0
  685	    5	 28.2	 18.9	  9.4	  8.0	 49.5	 59.3	0	    0
	    0
	    0
	    0
	    0
	    0
	    0
	    0
  693	    5	 28.5	 19.0	  9.4	  8.1	 15.5	 42.8	0	    0
	    0
  695	    3	 28.0	 25.4	 17.3	  4.3	  0.5	  8.3	0	    0
  696	    5	 26.1	 18.2	  9.0	  7.7	 35.5	 23.3	0	    0
	    0
	    0
	    0
	    0
	    0
	    0
  703	    3	 18.4	 22.9	 16.5	  3.2	 24.5	 45.8	1	    0
	    0
	    0
	    0
	    0
	    0
	    0
	    0
	    0
	    0
	    0
	    0
	    0
	    0
	    0
	    0
	    0
	    0
	    0
	    0
	    0
	    0
	    0
	    0
	    0
	    0
	    0
	    0
	    0
	    0
	    0
	    0
	    0
  736	    5	 29.0	 18.9	  9.4	  8.2	 56.5	 66.8	0	    0
	    0
	    0
	    0
	    0
	    0
	    0
	    0
	    0
	    0
	    0
	    0
	    0
	    0
	    0
	    0
	    0
	    0
  754	    5	 29.3	 19.1	  9.5	  8.3	 23.5	 30.8	0	    0
	    0
	    0
	    0
	    0
	    0
	    0
	    0
	    0
	    0
  764	    5	 26.2	 18.4	  9.1	  7.7	 15.5	 75.8	0	    0
	    0
	    0
  767	    5	 26.1	 18.4	  9.1	  7.7	 23.5	 60.8	0	    0
	    0
	    0
	    0
	    0
	    0
	    0
	    0
	    0
	    0
	    0
	    0
	    0
	    0
	    0
	    0
	    0
	    0
	    0
	    0
	    0
	    0
	    0
	    0
	    0
	    0
	    0
	    0
	    0
	    0
	    0
	    0
	    0
	    0
	    0
	    0
	    0
	    0
	    0
	    0
	    0
	    0
	    0
	    0
	    0
	    0
	    0
	    0
	    0
  816	    5	 29.3	 19.2	  9.5	  8.2	 23.5	 48.8	0	    0
	    0
	    0
	    0
	    0
	    0
	    0
	    0
  824	    5	 27.2	 18.6	  9.2	  7.9	 56.5	 63.8	0	    0
	    0
	    0
	    0
	    0
	    0
	    0
	    0
  832	    5	 29.2	 19.1	  9.5	  8.2	 50.5	 14.3	0	    0
	    0
	    0
	    0
	    0
	    0
	    0
  839	    5	 30.1	 18.8	  9.3	  8.5	 76.5	 62.3	0	    0
	    0
	    0
	    0
  843	    5	 32.1	 19.5	  9.7	  8.8	 12.5	 41.3	0	    0
	    0
	    0
	    0
	    0
	    0
	    0
	    0
  851	    3	 21.3	 23.6	 16.4	  3.5	 63.5	 48.8	0	    0
	    0
  853	    5	 25.9	 18.4	  9.2	  7.6	 61.5	  0.8	0	    0
  854	    5	 30.5	 19.2	  9.5	  8.5	 25.5	 62.3	0	    0
	    0
	    0
	    0
	    0
	    0
	    0
	    0
	    0
	    0
	    0
	    0
	    0
	    0
	    0
	    0
	    0
	    0
	    0
	    0
	    0
	    0
	    0
	    0
	    0
	    0
	    0
	    0
	    0
	    0
	    0
	    0
	    0
	    0
  888	    5	 31.2	 19.2	  9.5	  8.6	 63.5	 66.8	0	    0
	    0
	    0
	    0
	    0
  893	    3	 20.0	 22.7	 15.8	  3.4	 37.5	 47.2	0	    0
	    0
  895	    5	 27.8	 18.6	  9.2	  8.0	 51.5	 44.3	0	    0
	    0
	    0
	    0
	    0
	    0
	    0
	    0
	    0
	    0
	    0
  906	    3	 26.8	 25.1	 17.1	  4.2	 68.5	 26.3	0	    0
  907	    3	 21.1	 22.6	 15.4	  3.6	 29.5	 18.8	0	    0
	    0
	    0
	    0
	    0
	    0
	    0
	    0
	    0
	    0
	    0
	    0
	    0
	    0
  921	    5	 30.7	 19.2	  9.5	  8.5	 63.5	 45.8	0	    0
	    0
	    0
	    0
	    0
	    0
	    0
	    0
	    0
  930	    5	 27.4	 18.5	  9.2	  8.0	 38.5	 60.8	0	    0
	    0
	    0
	    0
  934	    5	 29.0	 18.6	  9.2	  8.3	 49.5	 23.3	0	    0
	    0
	    0
  937	    3	 20.2	 22.5	 15.6	  3.4	 52.5	 83.2	0	    0
	    0
	    0
	    0
	    0
  942	    5	 28.2	 19.3	  9.6	  8.0	 69.5	 77.3	0	    0
	    0
	    0
	    0
	    0
	    0
	    0
	    0
	    0
	    0
	    0
	    0
	    0
	    0
  956	    5	 30.0	 19.4	  9.6	  8.3	  7.5	  0.8	0	    0
	    0
	    0
	    0
	    0
	    0
	    0
	    0
	    0
	    0
	    0
	    0
	    0
  969	    5	 29.4	 19.1	  9.5	  8.3	 18.5	 17.3	0	    0
	    0
	    0
	    0
	    0
	    0
	    0
	    0
	    0
	    0
	    0
	    0
	    0
	    0
	    0
	    0
	    0
	    0
	    0
  988	    5	 28.4	 18.9	  9.4	  8.1	 49.5	 72.8	0	    0
	    0
	    0
  991	    5	 28.0	 18.8	  9.3	  8.0	 15.5	 63.8	0	    0
	    0
	    0
	    0
	    0
	    0
	    0
	    0
	    0
	    0
	    0
	    0
 1003	    5	 27.6	 18.8	  9.3	  7.9	 73.5	 38.3	0	    0
	    0
	    0
	    0
	    0
	    0
	    0
	    0
	    0
 1012	    5	 30.1	 19.1	  9.5	  8.4	 38.5	 18.8	0	    0
	    0
	    0
	    0
	    0
	    0
	    0
	    0
	    0
	    0
	    0
	    0
	    0
	    0
	    0
	    0
	    0
	    0
	    0
	    0
 1032	    5	 28.8	 19.2	  9.6	  8.1	 74.5	  9.8	0	    0
	    0
	    0
	    0
	    0
	    0
 1038	    3	 19.4	 22.9	 16.2	  3.3	 46.5	 51.8	0	    0
	    0
	    0
	    0
	    0
	    0
	    0
	    0
	    0
	    0
	    0
	    0
	    0
	    0
	    0
	    0
	    0
	    0
	    0
	    0
	    0
	    0
	    0
	    0
	    0
	    0
	    0
	    0
	    0
	    0
	    0
	    0
	    0
	    0
	    0
	    0
	    0
 1075	    5	 27.6	 18.6	  9.2	  8.0	  8.5	 78.8	0	    0
	    0
	    0
	    0
	    0
 1080	    3	 26.6	 25.0	 17.0	  4.2	 52.5	 35.3	0	    0
	    0
	    0
	    0
	    0
	    0
	    0
	    0
	    0
	    0
 1090	    5	 25.8	 18.5	  9.2	  7.6	 80.5	 42.8	1	    0
 1091	    5	 27.9	 18.5	  9.2	  8.0	 38.5	 75.8	0	    0
	    0
	    0
	    0
	    0
	    0
	    0
	    0
 1099	    3	 20.6	 23.4	 16.4	  3.4	 55.5	 44.3	0	    0
	    0
	    0
	    0
	    0
 1104	    3	 19.0	 21.8	 15.1	  3.3	 37.5	 39.8	0	    0
	    0
	    0
	    0
	    0
	    0
 1110	    5	 26.7	 18.5	  9.1	  7.8	 78.5	  9.8	0	    0
	    0
	    0
	    0
	    0
	    0
	    0
	    0
 1118	    5	 28.0	 19.3	  9.6	  7.9	 78.5	 77.3	0	    0
	    0
	    0
	    0
	    0
	    0
	    0
	    0
	    0
	    0
	    0
	    0
	    0
	    0
	    0
	    0
 1134	    3	 17.7	 21.8	 15.5	  3.1	 14.5	 53.3	1	    0
	    0
	    0
	    0
	    0
	    0
	    0
	    0
	    0
	    0
	    0
	    0
	    0
	    0
	    0
	    0
	    0
	    0
	    0
	    0
	    0
	    0
	    0
	    0
	    0
	    0
	    0
	    0
	    0
 1163	    3	 19.4	 22.6	 15.9	  3.3	 85.5	 29.3	0	    0
	    0
	    0
 1166	    3	 19.1	 22.5	 15.9	  3.3	 41.5	 15.8	0	    0
	    0
	    0
	    0
	    0
	    0
	    0
 1173	    5	 29.7	 19.3	  9.6	  8.3	 18.5	 24.8	0	    0
	    0
	    0
	    0
	    0
	    0
	    0
	    0
	    0
	    0
	    0
 1184	    5	 27.2	 18.8	  9.3	  7.9	 79.5	 39.8	0	    0
	    0
	    0
	    0
	    0
	    0
	    0
	    0
	    0
	    0
 1194	    5	 30.5	 19.1	  9.5	  8.5	 73.5	 51.8	0	    0
	    0
	    0
	    0
	    0
	    0
	    0
	    0
	    0
	    0
	    0
	    0
	    0
	    0
	    0
	    0
	    0
	    0
	    0
	    0
	    0
	    0
	    0
	    0
	    0
	    0
	    0
	    0
	    0
 1223	    3	 19.0	 21.6	 14.9	  3.3	 65.5	 63.8	1	    0
	    0
 1225	    5	 27.8	 18.7	  9.3	  8.0	 82.5	 54.7	0	    0
	    0
	    0
	    0
	    0
	    0
	    0
	    0
	    0
	    0
	    0
	    0
	    0
	    0
	    0
 1240	    5	 28.9	 18.7	  9.3	  8.2	 42.5	 35.3	0	    0
	    0
	    0
 1243	    5	 24.2	 17.9	  8.8	  7.3	 44.5	 32.3	0	    0
	    0
 1245	    3	 21.7	 23.2	 16.0	  3.6	 38.5	 48.8	0	    0
	    0
	    0
 1248	    3	 27.4	 25.3	 17.2	  4.2	 62.5	 23.3	0	    0
	    0
	    0
	    0
	    0
	    0
	    0
	    0
	    0
	    0
	    0
	    0
	    0
	    0
	    0
	    0
	    0
	    0
	    0
	    0
	    0
	    0
	    0
	    0
	    0
	    0
	    0
	    0
	    0
	    0
	    0
	    0
	    0
	    0
	    0
	    0
 1284	    5	 25.9	 18.4	  9.1	  7.6	  0.5	 77.3	0	    0
	    0
	    0
	    0
	    0
	    0
 1290	    5	 26.8	 18.4	  9.1	  7.8	 53.5	 35.3	0	    0
	    0
	    0
	    0
	    0
	    0
	    0
	    0
	    0
	    0
 1300	    5	 30.2	 18.9	  9.4	  8.5	 64.5	 59.3	0	    0
 1301	    5	 25.4	 18.4	  9.1	  7.5	  0.5	 14.3	0	    0
	    0
	    0
	    0
	    0
	    0
	    0
	    0
 1309	    3	 19.9	 22.4	 15.5	  3.4	 28.5	 39.8	0	    0
	    0
	    0
	    0
	    0
	    0
	    0
	    0
	    0
	    0
	    0
	    0
	    0
	    0
	    0
	    0
 1325	    3	 20.2	 22.7	 15.8	  3.4	 78.5	 17.3	0	    0
	    0
	    0
	    0
 1329	    5	 28.0	 19.0	  9.4	  8.0	 45.5	 32.3	0	    0
	    0
	    0
	    0
	    0
	    0
	    0
	    0
	    0
	    0
	    0
	    0
	    0
	    0
	    0
	    0
	    0
	    0
	    0
	    0
	    0
	    0
 1351	    5	 28.8	 19.1	  9.5	  8.1	 67.5	 56.3	0	    0
 1352	    5	 26.0	 18.2	  9.0	  7.7	 84.5	  8.3	0	    0
	    0
	    0
	    0
	    0
	    0
	    0
	    0
	    0
	    0
	    0
	    0
	    0
 1365	    3	 21.8	 23.1	 15.8	  3.6	 55.5	 68.3	0	    0
	    0
	    0
	    0
	    0
	    0
	    0
	    0
	    0
	    0
	    0
	    0
	    0
	    0
	    0
	    0
	    0
	    0
	    0
 1384	    5	 25.3	 18.0	  8.9	  7.5	 47.5	  2.3	0	    0
	    0
	    0
	    0
	    0
	    0
	    0
	    0
	    0
	    0
	    0
	    0
	    0
	    0
	    0
	    0
	    0
	    0
	    0
 1403	    5	 28.1	 18.9	  9.4	  8.0	 70.5	 24.8	0	    0
 1404	    5	 31.9	 19.1	  9.5	  8.8	  2.5	 68.3	0	    0
	    0
	    0
	    0
	    0
	    0
	    0
	    0
	    0
	    0
	    0
	    0
	    0
	    0
	    0
	    0
	    0
	    0
	    0
	    0
	    0
	    0
	    0
	    0
	    0
	    0
	    0
	    0
	    0
	    0
	    0
 1435	    5	 26.3	 18.0	  8.9	  7.8	 51.5	 65.3	0	    0
	    0
	    0
	    0
	    0
	    0
	    0
	    0
	    0
	    0
	    0
	    0
	    0
	    0
 1449	    5	 28.3	 18.5	  9.2	  8.1	 18.5	 81.8	0	    0
	    0
	    0
	    0
	    0
	    0
	    0
	    0
	    0
	    0
	    0
	    0
	    0
	    0
 1463	    5	 24.8	 17.6	  8.7	  7.5	 39.5	 21.7	0	    0
	    0
	    0
	    0
	    0
	    0
	    0
	    0
	    0
	    0
 1473	    5	 27.0	 18.5	  9.2	  7.8	 80.5	 60.8	0	    0
 1474	    5	 30.2	 19.2	  9.5	  8.4	 72.5	 21.7	0	    0
	    0
	    0
 1477	    5	 26.9	 18.7	  9.3	  7.8	  7.5	 15.8	0	    0
	    0
	    0
	    0
	    0
	    0
	    0
	    0
	    0
	    0
	    0
	    0
	    0
	    0
	    0
 1492	    5	 22.6	 17.4	  8.6	  7.0	  7.5	 20.3	0	    0
	    0
	    0
	    0
	    0
 1497	    5	 20.7	 17.0	  8.4	  6.6	 64.5	  3.8	1	    0
	    0
	    0
	    0
 1501	    3	 21.3	 22.8	 15.6	  3.6	  2.5	 60.8	0	    0
	    0
	    0
	    0
	    0
	    0
	    0
	    0
	    0
	    0
	    0
	    0
	    0
 1514	    5	 29.9	 19.1	  9.5	  8.4	 80.5	  3.8	1	    0
	    0
	    0
	    0
	    0
	    0
	    0
	    0
	    0
	    0
	    0
	    0
	    0
	    0
 1528	    3	 21.4	 23.4	 16.2	  3.5	  3.5	  0.8	0	    0
 1529	    3	 21.5	 23.4	 16.2	  3.6	  5.5	 47.2	0	    0
	    0
	    0
	    0
	    0
 1534	    3	 21.5	 23.7	 16.4	  3.6	 13.5	 72.8	1	    0
	    0
	    0
	    0
 1538	    5	 30.7	 19.4	  9.6	  8.5	 43.5	 23.3	0	    0
	    0
	    0
	    0
	    0
	    0
	    0
	    0
	    0
	    0
 1548	    3	 26.3	 25.0	 17.1	  4.1	 32.5	  0.8	0	    0
	    0
	    0
 1551	    5	 28.6	 19.1	  9.5	  8.1	  4.5	 44.3	1	    0
	    0
	    0
	    0
	    0
	    0
	    0
	    0
	    0
	    0
	    0
 1562	    5	 25.6	 17.9	  8.8	  7.7	 20.5	 65.3	0	    0
	    0
	    0
	    0
	    0
	    0
	    0
	    0
	    0
	    0
 1572	    5	 24.4	 17.7	  8.7	  7.4	 14.5	  8.3	0	    0
	    0
	    0
	    0
 1576	    5	 27.4	 18.8	  9.3	  7.9	 58.5	 59.3	0	    0
	    0
	    0
	    0
	    0
	    0
	    0
	    0
	    0
 1585	    3	 26.3	 25.0	 17.0	  4.1	 75.5	 65.3	0	    0
	    0
	    0
	    0
	    0
	    0
	    0
	    0
	    0
 1594	    5	 26.4	 18.2	  9.0	  7.8	 25.5	 48.8	0	    0
	    0
	    0
	    0
	    0
	    0
	    0
	    0
	    0
	    0
	    0
	    0
	    0
 1607	    3	 19.5	 22.6	 15.8	  3.3	 65.5	 20.3	0	    0
	    0
	    0
	    0
	    0
	    0
 1613	    5	 26.7	 18.6	  9.3	  7.8	 40.5	 57.8	1	    0
	    0
	    0
	    0
	    0
	    0
	    0
	    0
	    0
	    0
	    0
	    0
 1625	    5	 26.7	 18.6	  9.2	  7.8	 75.5	 78.8	0	    0
	    0
	    0
	    0
	    0
	    0
 1631	    5	 25.9	 18.4	  9.1	  7.6	 33.5	 38.3	0	    0
	    0
	    0
	    0
	    0
	    0
	    0
	    0
 1639	    5	 25.6	 18.1	  9.0	  7.6	 82.5	 27.8	0	    0
	    0
	    0
	    0
	    0
	    0
	    0
	    0
	    0
	    0
	    0
	    0
	    0
 1652	    5	 29.1	 19.3	  9.6	  8.2	 27.5	 36.8	0	    0
	    0
	    0
	    0
	    0
	    0
	    0
	    0
 1660	    5	 30.2	 19.4	  9.6	  8.4	 26.5	 51.8	0	    0
	    0
	    0
	    0
	    0
	    0
	    0
	    0
 1668	    5	 26.6	 18.6	  9.2	  7.8	 11.5	 81.8	1	    0
	    0
 1670	    5	 26.3	 18.4	  9.1	  7.7	 78.5	 20.3	0	    0
	    0
	    0
	    0
 1674	    5	 27.3	 18.8	  9.4	  7.9	  7.5	 81.8	0	    0
	    0
	    0
	    0
	    0
	    0
	    0
	    0
	    0
	    0
	    0
	    0
	    0
	    0
 1688	    5	 31.0	 19.0	  9.4	  8.6	  7.5	 84.8	0	    0
	    0
	    0
	    0
	    0
	    0
	    0
	    0
	    0
	    0
	    0
	    0
	    0
	    0
	    0
 1703	    5	 28.3	 18.9	  9.4	  8.1	  2.5	  5.3	0	    0
	    0
	    0
	    0
	    0
	    0
	    0
	    0
	    0
	    0
	    0
	    0
 1715	    5	 23.0	 17.8	  8.8	  7.1	 27.5	 63.8	0	    0
	    0
	    0
	    0
 1719	    3	 19.7	 22.5	 15.6	  3.4	 30.5	 44.3	0	    0
 1720	    5	 24.3	 17.9	  8.9	  7.4	 17.5	 75.8	0	    0
	    0
	    0
 1723	    5	 29.8	 19.2	  9.6	  8.3	 56.5	 51.8	0	    0
	    0
	    0
	    0
	    0
	    0
	    0
	    0
	    0
	    0
	    0
	    0
	    0
	    0
	    0
	    0
	    0
	    0
	    0
	    0
	    0
 1744	    5	 28.7	 18.7	  9.3	  8.2	 28.5	  8.3	0	    0
	    0
	    0
	    0
	    0
	    0
	    0
	    0
	    0
	    0
	    0
 1755	    5	 28.8	 18.7	  9.3	  8.2	 45.5	  6.8	0	    0
	    0
	    0
	    0
	    0
 1760	    3	 18.7	 23.0	 16.5	  3.2	 52.5	 17.3	0	    0
 1761	    5	 24.9	 18.4	  9.1	  7.4	 51.5	 69.8	0	    0
	    0
	    0
	    0
	    0
	    0
	    0
	    0
	    0
	    0
	    0
	    0
	    0
	    0
	    0
	    0
	    0
 1778	    5	 26.9	 18.7	  9.3	  7.8	 28.5	 45.8	0	    0
	    0
	    0
	    0
	    0
	    0
	    0
 1785	    5	 29.7	 18.7	  9.3	  8.4	 16.5	 39.8	0	    0
	    0
	    0
	    0
	    0
	    0
	    0
	    0
	    0
	    0
	    0
	    0
	    0
	    0
	    0
	    0
	    0
	    0
	    0
	    0
	    0
	    0
	    0
	    0
	    0
	    0
	    0
	    0
	    0
	    0
	    0
	    0
	    0
	    0
	    0
	    0
	    0
	    0
	    0
	    0
	    0
	    0
	    0
	    0
	    0
	    0
	    0
	    0
	    0
	    0
	    0
	    0
	    0
	    0
	    0
	    0
	    0
	    0
	    0
	    0
	    0
	    0
	    0
	    0
	    0
	    0
 1851	    5	 30.0	 18.9	  9.4	  8.4	 52.5	  8.3	0	    0
	    0
	    0
	    0
	    0
	    0
	    0
	    0
	    0
	    0
	    0
 1862	    5	 28.8	 19.1	  9.5	  8.1	 39.5	 12.8	0	    0
	    0
	    0
 1865	    5	 32.6	 19.7	  9.8	  8.8	 72.5	  6.8	0	    0
 1866	    3	 20.5	 23.2	 16.2	  3.4	 13.5	 50.3	0	    0
	    0
	    0
	    0
	    0
	    0
	    0
	    0
	    0
	    0
	    0
	    0
	    0
	    0
	    0
	    0
	    0
	    0
 1884	    5	 30.9	 19.1	  9.5	  8.6	 68.5	 24.8	0	    0
 1885	    5	 29.0	 18.9	  9.4	  8.2	  2.5	 26.3	0	    0
	    0
	    0
	    0
	    0
	    0
	    0
	    0
	    0
	    0
	    0
	    0
	    0
	    0
	    0
	    0
	    0
 1902	    5	 31.4	 19.2	  9.5	  8.7	 58.5	 29.3	0	    0
	    0
	    0
	    0
	    0
	    0
	    0
	    0
	    0
	    0
	    0
	    0
	    0
	    0
	    0
	    0
	    0
 1919	    5	 27.5	 18.5	  9.2	  8.0	 35.5	  9.8	0	    0
	    0
	    0
	    0
	    0
 1924	    3	 19.4	 22.3	 15.6	  3.3	 77.5	 15.8	0	    0
 1925	    5	 21.5	 17.2	  8.5	  6.8	 61.5	 18.8	1	    0
	    0
	    0
	    0
 1929	    5	 26.7	 18.3	  9.1	  7.8	 29.5	 56.3	0	    0
 1930	    5	 25.2	 18.1	  9.0	  7.5	 40.5	 42.8	0	    0
	    0
	    0
	    0
	    0
	    0
	    0
	    0
	    0
	    0
	    0
	    0
	    0
	    0
	    0
	    0
	    0
	    0
	    0
	    0
 1950	    5	 28.3	 18.7	  9.3	  8.1	 33.5	 53.3	0	    0
	    0
	    0
	    0
 1954	    3	 18.0	 20.6	 14.1	  3.2	 53.5	  6.8	0	    0
	    0
	    0
	    0
	    0
	    0
	    0
	    0
	    0
	    0
	    0
	    0
	    0
	    0
	    0
	    0
	    0
 1971	    5	 24.7	 18.2	  9.0	  7.4	 46.5	 62.3	0	    0
	    0
	    0
	    0
	    0
	    0
 1977	    5	 26.0	 18.1	  9.0	  7.7	 78.5	 41.3	1	    0
	    0
	    0
	    0
	    0
	    0
	    0
	    0
	    0
	    0
	    0
	    0
	    0
	    0
	    0
	    0
	    0
	    0
	    0
	    0
	    0
	    0
	    0
	    0
	    0
	    0
	    0
	    0
	    0
	    0
	    0
	    0
	    0
	    0
 2011	    5	 28.9	 18.3	  9.1	  8.3	 36.5	 15.8	1	    0
	    0
	    0
	    0
	    0
 2016	    3	 20.9	 22.4	 15.3	  3.5	 21.5	 50.3	0	    0
	    0
	    0
	    0
	    0
	    0
	    0
	    0
	    0
	    0
	    0
	    0
	    0
	    0
	    0
	    0
	    0
	    0
	    0
	    0
	    0
	    0
	    0
	    0
	    0
	    0
	    0
	    0
 2044	    5	 28.9	 19.1	  9.5	  8.2	 17.5	 45.8	0	    0
	    0
	    0
	    0
	    0
 2049	    5	 30.0	 18.9	  9.4	  8.4	 57.5	 84.8	0	    0
	    0
	    0
	    0
	    0
 2054	    5	 23.3	 17.7	  8.7	  7.2	 72.5	 56.3	1	    0
	    0
	    0
	    0
	    0
	    0
	    0
	    0
 2062	    5	 30.2	 19.3	  9.6	  8.4	 14.5	 69.8	0	    0
 2063	    3	 20.0	 23.3	 16.4	  3.4	 49.5	  8.3	0	    0
	    0
	    0
	    0
	    0
	    0
	    0
	    0
	    0
	    0
	    0
 2074	    3	 19.6	 22.4	 15.5	  3.3	 72.5	 57.8	0	    0
	    0
	    0
	    0
	    0
	    0
	    0
	    0
 2082	    5	 31.9	 19.5	  9.7	  8.7	 60.5	 45.8	0	    0
	    0
 2084	    5	 29.9	 18.9	  9.4	  8.4	 79.5	 65.3	0	    0
	    0
	    0
 2087	    5	 29.9	 19.1	  9.5	  8.4	 46.5	 86.3	0	    0
	    0
	    0
	    0
	    0
	    0
	    0
	    0
	    0
	    0
	    0
	    0
	    0
	    0
	    0
	    0
	    0
	    0
	    0
	    0
	    0
	    0
	    0
 2110	    5	 24.4	 17.8	  8.8	  7.4	 29.5	 83.2	0	    0
	    0
	    0
	    0
	    0
	    0
	    0
	    0
	    0
	    0
	    0
	    0
 2122	    5	 28.9	 18.5	  9.2	  8.3	 15.5	 80.3	0	    0
	    0
 2124	    5	 28.0	 18.4	  9.1	  8.1	 71.5	 72.8	0	    0
	    0
	    0
	    0
	    0
	    0
	    0
	    0
	    0
	    0
	    0
 2135	    3	 19.1	 22.6	 15.9	  3.3	 65.5	 62.3	0	    0
 2136	    5	 26.2	 18.4	  9.1	  7.7	 51.5	 45.8	0	    0
	    0
	    0
 2139	    3	 21.7	 23.5	 16.2	  3.6	  5.5	 78.8	0	    0
	    0
	    0
	    0
	    0
	    0
	    0
	    0
	    0
	    0
	    0
	    0
	    0
	    0
	    0
	    0
	    0
	    0
	    0
	    0
	    0
	    0
	    0
	    0
	    0
	    0
	    0
 2166	    5	 26.6	 18.6	  9.2	  7.7	 41.5	 62.3	0	    0
	    0
	    0
	    0
	    0
	    0
	    0
	    0
	    0
	    0
 2176	    3	 21.1	 22.9	 15.8	  3.5	 56.5	 75.8	0	    0
	    0
	    0
	    0
	    0
	    0
	    0
	    0
	    0
	    0
	    0
	    0
	    0
	    0
	    0
	    0
	    0
	    0
	    0
	    0
	    0
 2197	    5	 27.8	 18.5	  9.2	  8.0	 83.5	 30.8	0	    0
	    0
	    0
	    0
	    0
	    0
 2203	    5	 32.5	 19.4	  9.6	  8.9	 41.5	 72.8	0	    0
	    0
	    0
	    0
	    0
	    0
	    0
 2210	    3	 24.1	 24.4	 16.7	  3.9	 60.5	 41.3	0	    0
	    0
	    0
	    0
	    0
	    0
	    0
	    0
	    0
 2219	    3	 18.5	 21.7	 15.1	  3.2	 72.5	 15.8	0	    0
	    0
	    0
	    0
	    0
	    0
	    0
	    0
	    0
	    0
	    0
	    0
	    0
	    0
	    0
	    0
	    0
	    0
	    0
	    0
	    0
	    0
	    0
	    0
	    0
	    0
 2245	    5	 28.8	 18.8	  9.4	  8.2	 16.5	 57.8	0	    0
	    0
	    0
	    0
	    0
	    0
	    0
	    0
	    0
	    0
 2255	    3	 27.6	 25.4	 17.3	  4.3	 49.5	 45.8	0	    0
	    0
	    0
	    0
	    0
	    0
	    0
 2262	    5	 27.7	 18.7	  9.3	  8.0	  0.5	 60.8	0	    0
	    0
	    0
	    0
	    0
	    0
	    0
	    0
	    0
	    0
 2272	    5	 28.4	 18.8	  9.3	  8.1	 79.5	 74.3	1	    0
	    0
	    0
	    0
	    0
	    0
	    0
	    0
	    0
	    0
	    0
 2283	    5	 26.7	 18.5	  9.2	  7.8	 83.5	 26.3	0	    0
	    0
	    0
	    0
	    0
	    0
	    0
	    0
	    0
	    0
	    0
	    0
	    0
	    0
 2297	    3	 18.5	 22.5	 16.0	  3.2	 24.5	 72.8	1	    0
	    0
	    0
	    0
	    0
	    0
	    0
	    0
	    0
	    0
	    0
	    0
	    0
	    0
	    0
	    0
	    0
	    0
	    0
	    0
	    0
 2318	    5	 30.1	 19.2	  9.5	  8.4	 59.5	 35.3	0	    0
	    0
	    0
	    0
	    0
 2323	    5	 28.7	 19.1	  9.5	  8.1	 56.5	 39.8	0	    0
	    0
	    0
	    0
	    0
	    0
	    0
 2330	    3	 20.0	 23.2	 16.4	  3.4	 85.5	 65.3	1	    0
	    0
	    0
	    0
	    0
 2335	    5	 26.0	 18.0	  8.9	  7.7	 77.5	  6.8	0	    0
	    0
	    0
	    0
	    0
	    0
	    0
	    0
	    0
 2344	    5	 28.8	 18.5	  9.2	  8.2	 39.5	 29.3	0	    0
	    0
 2346	    5	 26.1	 18.6	  9.2	  7.6	 16.5	 26.3	1	    0
	    0
	    0
	    0
	    0
	    0
	    0
	    0
	    0
	    0
	    0
	    0
	    0
	    0
	    0
	    0
	    0
	    0
	    0
	    0
	    0
	    0
 2368	    3	 21.2	 23.5	 16.3	  3.5	 61.5	 15.8	0	    0
 2369	    3	 20.5	 23.3	 16.3	  3.4	 62.5	 32.3	0	    0
	    0
	    0
	    0
	    0
	    0
	    0
	    0
	    0
	    0
	    0
 2380	    5	 26.3	 18.3	  9.1	  7.7	  8.5	  2.3	0	    0
	    0
	    0
 2383	    5	 27.7	 18.7	  9.3	  8.0	 37.5	 23.3	0	    0
	    0
	    0
 2386	    5	 30.9	 19.4	  9.6	  8.5	 15.5	  5.3	0	    0
	    0
	    0
 2389	    5	 26.5	 18.3	  9.1	  7.8	 29.5	  0.8	0	    0
	    0
	    0
	    0
	    0
	    0
	    0
	    0
	    0
	    0
 2399	    5	 25.6	 17.9	  8.9	  7.6	 16.5	  0.8	0	    0
 2400	    5	 25.5	 18.1	  9.0	  7.6	 34.5	  8.3	0	    0
	    0
 2402	    5	 29.4	 18.9	  9.4	  8.3	 54.5	 26.3	1	    0
	    0
	    0
	    0
	    0
	    0
	    0
	    0
	    0
	    0
	    0
	    0
	    0
	    0
 2416	    5	 31.5	 19.0	  9.5	  8.7	  9.5	 71.3	0	    0
 2417	    5	 30.8	 19.4	  9.7	  8.5	 27.5	  2.3	0	    0
	    0
	    0
 2420	    5	 29.8	 19.3	  9.6	  8.3	 27.5	 65.3	0	    0
	    0
	    0
	    0
	    0
	    0
	    0
	    0
	    0
	    0
	    0
 2431	    5	 23.7	 18.2	  9.0	  7.2	 82.5	  9.8	0	    0
	    0
 2433	    5	 28.7	 18.8	  9.3	  8.2	 39.5	  8.3	0	    0
	    0
	    0
	    0
 2437	    5	 24.1	 18.1	  9.0	  7.3	 32.5	 57.8	0	    0
	    0
	    0
	    0
	    0
	    0
 2443	    5	 25.2	 18.1	  9.0	  7.5	 85.5	 26.3	0	    0
	    0
	    0
	    0
	    0
 2448	    5	 27.3	 18.4	  9.1	  7.9	 11.5	 30.8	0	    0
	    0
	    0
	    0
	    0
	    0
	    0
	    0
	    0
	    0
	    0
	    0
	    0
	    0
	    0
	    0
	    0
	    0
	    0
	    0
	    0
	    0
 2470	    5	 32.2	 19.5	  9.7	  8.8	 11.5	  8.3	0	    0
	    0
	    0
	    0
	    0
	    0
	    0
	    0
 2478	    5	 31.4	 19.4	  9.6	  8.6	 56.5	  6.8	0	    0
	    0
	    0
	    0
	    0
	    0
	    0
	    0
	    0
	    0
	    0
	    0
	    0
	    0
	    0
	    0
	    0
 2495	    5	 26.0	 18.4	  9.1	  7.7	 19.5	 11.3	0	    0
	    0
	    0
	    0
	    0
	    0
	    0
 2502	    3	 18.2	 22.5	 16.1	  3.1	  0.5	 18.8	0	    0
	    0
	    0
 2505	    5	 29.4	 19.0	  9.4	  8.3	 79.5	 33.8	0	    0
	    0
	    0
	    0
	    0
	    0
	    0
	    0
	    0
	    0
	    0
 2516	    5	 24.4	 18.0	  8.9	  7.3	 53.5	 83.2	0	    0
	    0
 2518	    5	 30.4	 19.3	  9.6	  8.4	  5.5	  5.3	0	    0
	    0
	    0
	    0
	    0
	    0
	    0
	    0
	    0
	    0
	    0
	    0
	    0
	    0
	    0
	    0
	    0
	    0
	    0
	    0
 2538	    5	 32.4	 19.4	  9.7	  8.8	 69.5	 20.3	0	    0
	    0
	    0
	    0
	    0
	    0
	    0
	    0
	    0
	    0
	    0
 2549	    3	 20.8	 23.2	 16.2	  3.5	 42.5	 15.8	0	    0
	    0
	    0
	    0
 2553	    5	 27.1	 18.8	  9.3	  7.8	 52.5	 60.8	0	    0
 2554	    5	 28.6	 18.4	  9.1	  8.2	 24.5	  9.8	0	    0
	    0
	    0
 2557	    3	 21.2	 23.1	 15.9	  3.5	 45.5	  8.3	1	    0
	    0
	    0
	    0
 2561	    5	 27.6	 18.5	  9.2	  8.0	 57.5	 56.3	0	    0
	    0
	    0
	    0
 2565	    5	 26.2	 18.5	  9.2	  7.7	 85.5	 11.3	0	    0
	    0
	    0
	    0
	    0
	    0
	    0
	    0
	    0
	    0
	    0
	    0
	    0
	    0
	    0
	    0
	    0
	    0
 2583	    5	 31.2	 19.1	  9.5	  8.7	 84.5	 35.3	0	    0
	    0
	    0
	    0
	    0
	    0
	    0
	    0
	    0
	    0
	    0
	    0
	    0
	    0
	    0
	    0
	    0
	    0
	    0
	    0
	    0
	    0
	    0
	    0
	    0
 2608	    5	 29.3	 18.8	  9.3	  8.3	 57.5	 18.8	0	    0
	    0
	    0
	    0
	    0
	    0
	    0
	    0
 2616	    5	 27.5	 19.0	  9.4	  7.9	 55.5	 33.8	0	    0
 2617	    5	 27.1	 18.4	  9.1	  7.9	 29.5	 86.3	0	    0
	    0
	    0
	    0
	    0
	    0
	    0
	    0
 2625	    5	 25.1	 18.1	  9.0	  7.5	 74.5	 86.3	0	    0
	    0
	    0
	    0
	    0
	    0
	    0
	    0
	    0
	    0
	    0
 2636	    5	 24.9	 18.1	  9.0	  7.5	 45.5	 35.3	1	    0
 2637	    5	 27.9	 19.0	  9.5	  8.0	 69.5	  0.8	0	    0
	    0
	    0
	    0
	    0
	    0
	    0
	    0
	    0
	    0
	    0
	    0
	    0
	    0
	    0
	    0
	    0
	    0
	    0
	    0
	    0
	    0
 2659	    3	 18.9	 22.5	 15.9	  3.2	 16.5	 21.7	0	    0
 2660	    5	 32.7	 19.6	  9.8	  8.9	 15.5	 18.8	0	    0
	    0
	    0
	    0
	    0
 2665	    5	 28.1	 18.7	  9.3	  8.1	 62.5	 57.8	0	    0
	    0
	    0
	    0
	    0
	    0
	    0
	    0
 2673	    3	 18.3	 22.3	 15.9	  3.2	 21.5	  8.3	0	    0
 2674	    5	 28.6	 18.9	  9.4	  8.1	 64.5	  5.3	0	    0
	    0
	    0
 2677	    5	 32.2	 19.5	  9.7	  8.8	 75.5	 83.2	0	    0
	    0
	    0
	    0
	    0
	    0
	    0
	    0
	    0
	    0
	    0
	    0
	    0
	    0
	    0
	    0
	    0
	    0
	    0
 2696	    3	 20.8	 23.2	 16.2	  3.5	 12.5	 35.3	1	    0
	    0
	    0
	    0
	    0
	    0
 2702	    5	 30.9	 19.1	  9.5	  8.6	  7.5	 56.3	0	    0
	    0
	    0
	    0
 2706	    5	 28.4	 18.7	  9.3	  8.1	  9.5	 15.8	0	    0
 2707	    5	 25.7	 18.4	  9.1	  7.6	 79.5	  8.3	0	    0
	    0
	    0
	    0
 2711	    5	 28.4	 19.0	  9.4	  8.1	 67.5	 59.3	0	    0
	    0
 2713	    5	 26.7	 18.4	  9.1	  7.8	 37.5	 80.3	0	    0
	    0
	    0
	    0
	    0
 2718	    3	 21.4	 23.4	 16.2	  3.5	 30.5	 71.3	0	    0
	    0
	    0
	    0
	    0
	    0
 2724	    5	 31.0	 19.3	  9.6	  8.6	  8.5	 60.8	0	    0
	    0
	    0
	    0
	    0
	    0
	    0
	    0
	    0
 2733	    5	 26.4	 18.1	  9.0	  7.8	  0.5	 11.3	0	    0
 2734	    5	 29.2	 18.9	  9.4	  8.3	 59.5	 66.8	0	    0
	    0
	    0
	    0
	    0
	    0
	    0
	    0
	    0
	    0
	    0
	    0
	    0
	    0
	    0
	    0
	    0
 2751	    3	 20.5	 23.5	 16.5	  3.4	 52.5	 27.8	0	    0
 2752	    5	 28.1	 18.5	  9.2	  8.1	 42.5	  8.3	0	    0
	    0
	    0
	    0
	    0
	    0
	    0
	    0
 2760	    5	 23.8	 17.5	  8.7	  7.3	 71.5	 51.8	1	    0
	    0
	    0
	    0
 2764	    3	 19.8	 21.7	 14.8	  3.4	 54.5	  0.8	0	    0
	    0
	    0
	    0
	    0
	    0
	    0
	    0
	    0
 2773	    5	 27.7	 18.6	  9.2	  8.0	 80.5	 80.3	0	    0
	    0
	    0
	    0
	    0
	    0
 2779	    5	 30.0	 19.0	  9.4	  8.4	 53.5	 32.3	1	    0
	    0
	    0
	    0
	    0
	    0
	    0
	    0
 2787	    3	 20.8	 22.8	 15.7	  3.5	 21.5	 86.3	0	    0
	    0
	    0
	    0
	    0
	    0
	    0
	    0
	    0
	    0
	    0
	    0
	    0
 2800	    5	 31.1	 19.5	  9.7	  8.5	 63.5	 69.8	0	    0
	    0
 2802	    3	 19.6	 22.8	 16.0	  3.3	 77.5	 59.3	1	    0
	    0
	    0
	    0
	    0
	    0
 2808	    5	 29.9	 18.8	  9.3	  8.4	 76.5	 54.7	0	    0
	    0
	    0
	    0
	    0
	    0
	    0
	    0
	    0
	    0
	    0
	    0
	    0
	    0
	    0
	    0
	    0
	    0
	    0
	    0
	    0
	    0
	    0
 2831	    5	 28.0	 18.5	  9.2	  8.1	  4.5	 56.3	0	    0
	    0
	    0
	    0
	    0
	    0
	    0
	    0
	    0
	    0
 2841	    5	 29.2	 18.8	  9.3	  8.3	 65.5	 38.3	0	    0
	    0
	    0
	    0
	    0
	    0
	    0
	    0
	    0
	    0
	    0
	    0
	    0
	    0
	    0
	    0
	    0
	    0
	    0
 2860	    3	 19.7	 22.6	 15.8	  3.4	 20.5	  9.8	0	    0
	    0
	    0
	    0
	    0
	    0
	    0
	    0
	    0
	    0
 2870	    3	 20.3	 23.4	 16.4	  3.4	 71.5	 12.8	0	    0
	    0
	    0
	    0
	    0
	    0
 2876	    5	 32.0	 19.3	  9.6	  8.8	 50.5	 84.8	0	    0
	    0
	    0
	    0
	    0
	    0
	    0
	    0
	    0
 2885	    3	 26.9	 25.1	 17.1	  4.2	 11.5	  6.8	0	    0
	    0
	    0
 2888	    3	 20.7	 21.8	 14.7	  3.5	 65.5	 72.8	0	    0
 2889	    5	 28.8	 19.4	  9.7	  8.1	 26.5	 17.3	0	    0
	    0
	    0
	    0
	    0
	    0
	    0
	    0
 2897	    5	 26.0	 18.4	  9.1	  7.7	 76.5	 77.3	0	    0
	    0
	    0
	    0
	    0
	    0
	    0
	    0
	    0
 2906	    5	 30.2	 18.8	  9.3	  8.5	 19.5	 20.3	0	    0
	    0
	    0
	    0
	    0
	    0
	    0
	    0
	    0
	    0
	    0
	    0
	    0
 2919	    5	 27.5	 18.7	  9.3	  7.9	  6.5	 20.3	0	    0
	    0
 2921	    5	 26.8	 18.4	  9.1	  7.8	 84.5	  0.8	0	    0
	    0
	    0
	    0
	    0
	    0
	    0
	    0
	    0
	    0
	    0
	    0
 2933	    5	 26.5	 18.4	  9.1	  7.7	 79.5	 62.3	0	    0
 2934	    5	 27.7	 18.9	  9.4	  7.9	 71.5	  2.3	1	    0
	    0
	    0
	    0
	    0
	    0
	    0
	    0
	    0
	    0
 2944	    5	 27.9	 18.3	  9.1	  8.1	 78.5	 57.8	0	    0
	    0
	    0
	    0
	    0
	    0
	    0
	    0
	    0
	    0
	    0
	    0
	    0
	    0
	    0
	    0
	    0
	    0
 2962	    3	 18.6	 22.4	 15.8	  3.2	 85.5	 21.7	1	    0
	    0
	    0
	    0
	    0
	    0
 2968	    5	 27.9	 18.4	  9.1	  8.1	 42.5	 57.8	0	    0
	    0
 2970	    3	 20.8	 23.2	 16.1	  3.5	 66.5	 12.8	0	    0
	    0
	    0
	    0
 2974	    5	 26.8	 17.9	  8.9	  7.9	 48.5	 83.2	0	    0
	    0
	    0
	    0
	    0
	    0
	    0
	    0
 2982	    5	 25.4	 18.5	  9.2	  7.5	 13.5	 27.8	0	    0
	    0
	    0
	    0
	    0
	    0
	    0
	    0
	    0
 2991	    3	 19.9	 22.8	 15.9	  3.4	 55.5	 32.3	0	    0
	    0
	    0
	    0
 2995	    3	 17.2	 21.5	 15.3	  3.0	 40.5	  8.3	1	    0
	    0
	    0
	    0
	    0
	    0
	    0
	    0
	    0
	    0
	    0
	    0
	    0
	    0
	    0
	    0
	    0
	    0
	    0
	    0
	    0
	    0
 3017	    3	 18.9	 22.5	 15.9	  3.2	 79.5	 14.3	0	    0
	    0
	    0
	    0
	    0
	    0
	    0
	    0
	    0
	    0
	    0
	    0
	    0
	    0
	    0
	    0
	    0
	    0
	    0
	    0
	    0
	    0
	    0
	    0
 3041	    5	 30.2	 18.9	  9.4	  8.5	 52.5	  5.3	0	    0
	    0
	    0
	    0
	    0
	    0
	    0
	    0
	    0
 3050	    3	 21.4	 23.6	 16.4	  3.5	 45.5	 39.8	0	    0
	    0
	    0
	    0
	    0
	    0
	    0
 3057	    5	 28.6	 18.8	  9.3	  8.2	 50.5	 54.7	0	    0
	    0
	    0
	    0
	    0
	    0
	    0
	    0
	    0
	    0
 3067	    3	 19.3	 22.9	 16.2	  3.3	 68.5	 72.8	1	    0
	    0
	    0
	    0
	    0
 3072	    3	 20.3	 23.4	 16.5	  3.4	 43.5	 77.3	0	    0
	    0
	    0
	    0
	    0
	    0
	    0
	    0
	    0
	    0
	    0
	    0
 3084	    5	 29.1	 18.4	  9.1	  8.3	 65.5	 12.8	0	    0
	    0
	    0
	    0
	    0
	    0
	    0
 3091	    3	 20.7	 23.4	 16.3	  3.4	 56.5	 78.8	0	    0
	    0
	    0
	    0
	    0
	    0
	    0
	    0
	    0
	    0
 3101	    5	 29.6	 19.2	  9.5	  8.3	 27.5	 42.8	0	    0
	    0
 3103	    3	 19.0	 22.5	 15.9	  3.3	  3.5	 20.3	1	    0
	    0
	    0
	    0
	    0
	    0
	    0
	    0
	    0
	    0
	    0
	    0
	    0
	    0
	    0
	    0
	    0
	    0
 3121	    3	 21.2	 23.5	 16.4	  3.5	 85.5	  2.3	0	    0
	    0
	    0
	    0
	    0
 3126	    5	 28.1	 18.2	  9.0	  8.1	 45.5	 83.2	0	    0
	    0
	    0
	    0
	    0
	    0
 3132	    3	 19.9	 22.9	 16.0	  3.4	 37.5	 56.3	0	    0
	    0
	    0
	    0
	    0
	    0
	    0
	    0
	    0
 3141	    5	 25.8	 17.9	  8.9	  7.7	 84.5	 83.2	0	    0
	    0
	    0
	    0
	    0
	    0
	    0
	    0
	    0
	    0
	    0
 3152	    5	 26.8	 18.8	  9.3	  7.8	 60.5	 18.8	0	    0
 3153	    5	 25.6	 17.9	  8.9	  7.6	 48.5	 51.8	1	    0
	    0
	    0
	    0
	    0
	    0
	    0
	    0
	    0
	    0
 3163	    3	 25.2	 24.7	 16.9	  4.0	 79.5	 23.3	0	    0
	    0
	    0
	    0
	    0
	    0
	    0
	    0
	    0
	    0
	    0
	    0
	    0
	    0
	    0
	    0
	    0
	    0
	    0
	    0
	    0
 3184	    5	 28.4	 19.0	  9.4	  8.1	 65.5	 83.2	0	    0
	    0
	    0
	    0
	    0
	    0
	    0
	    0
 3192	    5	 27.3	 18.3	  9.1	  7.9	  2.5	 15.8	0	    0
	    0
	    0
	    0
	    0
 3197	    5	 31.2	 19.9	  9.9	  8.5	  5.5	 11.3	0	    0
	    0
	    0
	    0
	    0
	    0
	    0
	    0
	    0
	    0
	    0
	    0
	    0
	    0
 3211	    3	 19.7	 22.5	 15.7	  3.4	 11.5	 42.8	1	    0
	    0
	    0
 3214	    3	 21.3	 23.5	 16.4	  3.5	 39.5	 27.8	0	    0
	    0
	    0
	    0
	    0
	    0
	    0
	    0
	    0
	    0
	    0
	    0
	    0
	    0
	    0
	    0
	    0
	    0
 3232	    5	 30.7	 19.3	  9.6	  8.5	 17.5	 71.3	0	    0
	    0
	    0
	    0
	    0
 3237	    5	 26.9	 18.7	  9.3	  7.8	 29.5	 54.7	0	    0
	    0
	    0
	    0
	    0
	    0
	    0
	    0
	    0
	    0
 3247	    5	 25.6	 18.5	  9.2	  7.6	 58.5	 56.3	0	    0
	    0
	    0
	    0
	    0
	    0
	    0
	    0
	    0
	    0
	    0
	    0
	    0
	    0
 3261	    3	 20.2	 23.3	 16.4	  3.4	 45.5	 74.3	0	    0
	    0
	    0
	    0
	    0
	    0
 3267	    3	 22.3	 23.8	 16.5	  3.6	  7.5	 63.8	0	    0
	    0
	    0
	    0
	    0
	    0
	    0
	    0
	    0
	    0
	    0
	    0
	    0
	    0
	    0
	    0
	    0
 3284	    3	 28.1	 25.5	 17.4	  4.3	 31.5	 53.3	0	    0
 3285	    3	 20.1	 23.0	 16.1	  3.4	 22.5	 42.8	0	    0
	    0
	    0
	    0
	    0
	    0
	    0
	    0
	    0
 3294	    5	 27.5	 18.9	  9.4	  7.9	 50.5	 29.3	0	    0
	    0
	    0
	    0
	    0
	    0
	    0
 3301	    3	 18.0	 21.5	 15.0	  3.2	 73.5	  3.8	1	    0
	    0
	    0
	    0
	    0
	    0
	    0
	    0
	    0
	    0
	    0
 3312	    5	 26.8	 18.6	  9.2	  7.8	  0.5	 48.8	0	    0
	    0
	    0
	    0
	    0
	    0
 3318	    3	 25.9	 24.9	 17.0	  4.1	 37.5	 59.3	0	    0
	    0
 3320	    5	 27.6	 18.8	  9.4	  7.9	 52.5	 23.3	0	    0
	    0
 3322	    3	 20.3	 23.0	 16.1	  3.4	 61.5	 75.8	0	    0
	    0
	    0
	    0
	    0
	    0
	    0
	    0
	    0
	    0
 3332	    5	 26.6	 18.2	  9.0	  7.8	  6.5	 68.3	0	    0
	    0
	    0
	    0
	    0
	    0
	    0
 3339	    5	 28.1	 18.5	  9.2	  8.1	 22.5	 24.8	0	    0
	    0
 3341	    3	 19.0	 22.0	 15.3	  3.3	 44.5	 44.3	0	    0
 3342	    3	 18.5	 22.1	 15.6	  3.2	 43.5	  9.8	0	    0
	    0
	    0
	    0
	    0
	    0
	    0
 3349	    3	 21.2	 23.3	 16.2	  3.5	 39.5	  9.8	0	    0
	    0
	    0
	    0
	    0
	    0
	    0
	    0
	    0
 3358	    5	 22.0	 17.1	  8.5	  6.9	 55.5	 65.3	1	    0
	    0
	    0
	    0
	    0
	    0
	    0
	    0
	    0
	    0
	    0
	    0
	    0
 3371	    3	 18.8	 21.6	 14.9	  3.3	 43.5	 66.8	1	    0
	    0
	    0
	    0
	    0
	    0
	    0
	    0
	    0
	    0
	    0
	    0
	    0
	    0
	    0
	    0
	    0
 3388	    5	 27.7	 18.6	  9.2	  8.0	 68.5	 48.8	0	    0
	    0
	    0
	    0
	    0
	    0
	    0
 3395	    5	 27.1	 18.6	  9.2	  7.9	 40.5	 41.3	0	    0
	    0
	    0
	    0
	    0
	    0
	    0
	    0
	    0
	    0
	    0
	    0
	    0
	    0
	    0
 3410	    3	 21.5	 23.7	 16.5	  3.5	  9.5	 57.8	0	    0
	    0
	    0
	    0
	    0
	    0
 3416	    5	 29.7	 18.9	  9.4	  8.4	 48.5	  5.3	0	    0
	    0
 3418	    3	 19.2	 22.6	 15.9	  3.3	 35.5	 12.8	0	    0
	    0
	    0
	    0
	    0
	    0
	    0
	    0
	    0
	    0
 3428	    5	 27.9	 18.6	  9.2	  8.0	 51.5	 33.8	0	    0
	    0
	    0
	    0
	    0
	    0
	    0
	    0
	    0
	    0
	    0
	    0
	    0
	    0
	    0
	    0
	    0
	    0
 3446	    5	 27.8	 18.8	  9.3	  8.0	 60.5	 59.3	0	    0
	    0
	    0
	    0
	    0
	    0
	    0
	    0
	    0
	    0
	    0
	    0
	    0
	    0
 3460	    3	 19.6	 22.7	 15.9	  3.3	 69.5	 62.3	0	    0
	    0
	    0
	    0
	    0
	    0
	    0
 3467	    5	 28.4	 18.7	  9.3	  8.1	 34.5	 59.3	0	    0
	    0
	    0
	    0
 3471	    5	 29.9	 19.0	  9.4	  8.4	 35.5	 80.3	0	    0
	    0
	    0
	    0
	    0
	    0
	    0
	    0
	    0
	    0
	    0
	    0
	    0
	    0
	    0
	    0
	    0
	    0
	    0
	    0
	    0
	    0
 3493	    5	 28.3	 18.6	  9.2	  8.1	 24.5	 68.3	0	    0
	    0
	    0
	    0
	    0
	    0
	    0
	    0
	    0
 3502	    5	 28.5	 18.8	  9.3	  8.1	 11.5	  3.8	0	    0
	    0
	    0
	    0
	    0
	    0
	    0
	    0
	    0
	    0
	    0
	    0
	    0
	    0
	    0
	    0
	    0
	    0
	    0
	    0
 3522	    5	 24.7	 18.1	  9.0	  7.4	 41.5	 63.8	0	    0
	    0
	    0
	    0
	    0
	    0
	    0
	    0
	    0
	    0
 3532	    3	 26.6	 25.1	 17.1	  4.2	 16.5	 30.8	0	    0
	    0
	    0
 3535	    3	 20.9	 22.8	 15.7	  3.5	 11.5	 78.8	0	    0
	    0
	    0
	    0
	    0
 3540	    5	 29.1	 18.7	  9.3	  8.3	 72.5	 54.7	0	    0
	    0
	    0
	    0
	    0
	    0
	    0
	    0
	    0
	    0
	    0
	    0
	    0
	    0
	    0
	    0
	    0
	    0
 3558	    5	 30.5	 19.4	  9.7	  8.5	 13.5	 29.3	0	    0
	    0
 3560	    5	 25.8	 18.0	  8.9	  7.7	 63.5	 38.3	0	    0
	    0
	    0
	    0
	    0
	    0
	    0
	    0
	    0
	    0
	    0
	    0
	    0
 3573	    5	 30.7	 19.1	  9.5	  8.5	 77.5	 21.7	0	    0
	    0
	    0
	    0
	    0
	    0
	    0
	    0
	    0
	    0
	    0
	    0
	    0
 3586	    5	 25.2	 18.4	  9.1	  7.5	 63.5	 81.8	1	    0
	    0
	    0
	    0
	    0
	    0
	    0
	    0
	    0
	    0
	    0
	    0
	    0
	    0
	    0
	    0
	    0
 3603	    3	 19.2	 22.5	 15.8	  3.3	  4.5	 17.3	0	    0
	    0
	    0
	    0
	    0
	    0
	    0
	    0
	    0
	    0
 3613	    5	 28.4	 18.6	  9.2	  8.1	 51.5	 48.8	0	    0
	    0
	    0
	    0
	    0
	    0
	    0
	    0
	    0
 3622	    3	 17.1	 21.4	 15.3	  3.0	 83.5	  5.3	0	    0
 3623	    5	 31.2	 19.1	  9.5	  8.7	 11.5	 80.3	0	    0
	    0
	    0
	    0
	    0
	    0
	    0
 3630	    5	 29.5	 19.2	  9.5	  8.3	 10.5	 36.8	0	    0
	    0
	    0
	    0
	    0
	    0
	    0
	    0
 3638	    5	 30.4	 19.1	  9.5	  8.5	 34.5	 18.8	0	    0
	    0
	    0
 3641	    5	 29.0	 18.7	  9.3	  8.3	 68.5	 39.8	0	    0
	    0
	    0
	    0
	    0
	    0
	    0
	    0
	    0
	    0
 3651	    5	 31.0	 18.8	  9.3	  8.6	 51.5	 80.3	0	    0
	    0
	    0
	    0
	    0
	    0
	    0
 3658	    5	 27.7	 18.8	  9.3	  8.0	 12.5	 12.8	0	    0
	    0
 3660	    5	 28.5	 18.8	  9.3	  8.1	 47.5	 80.3	0	    0
	    0
	    0
	    0
	    0
	    0
	    0
	    0
	    0
	    0
	    0
	    0
	    0
	    0
	    0
	    0
	    0
	    0
	    0
	    0
	    0
	    0
	    0
	    0
	    0
	    0
	    0
	    0
	    0
	    0
 3690	    3	 18.8	 22.6	 16.0	  3.2	 56.5	 23.3	1	    0
	    0
	    0
 3693	    3	 20.7	 22.8	 15.8	  3.5	 38.5	 53.3	0	    0
	    0
	    0
 3696	    5	 26.3	 18.3	  9.1	  7.7	  2.5	 51.8	0	    0
 3697	    3	 17.2	 22.0	 15.9	  3.0	 42.5	 66.8	0	    0
	    0
	    0
	    0
	    0
 3702	    3	 29.4	 26.0	 17.7	  4.5	 14.5	 39.8	0	    0
	    0
 3704	    5	 31.5	 19.5	  9.7	  8.6	 37.5	 42.8	0	    0
	    0
	    0
 3707	    5	 32.9	 19.7	  9.8	  8.9	 65.5	 74.3	0	    0
	    0
	    0
	    0
	    0
	    0
	    0
	    0
	    0
	    0
	    0
	    0
	    0
	    0
	    0
 3722	    3	 20.9	 22.9	 15.8	  3.5	 16.5	 81.8	0	    0
	    0
	    0
	    0
	    0
	    0
	    0
	    0
	    0
	    0
	    0
	    0
	    0
	    0
	    0
	    0
	    0
	    0
 3740	    5	 30.4	 19.1	  9.5	  8.5	 74.5	 41.3	0	    0
	    0
 3742	    5	 27.6	 18.2	  9.0	  8.1	 64.5	 24.8	0	    0
	    0
	    0
	    0
	    0
	    0
	    0
	    0
	    0
	    0
	    0
	    0
	    0
 3755	    5	 32.7	 19.6	  9.8	  8.9	 84.5	 53.3	0	    0
	    0
	    0
	    0
	    0
 3760	    3	 19.3	 22.3	 15.5	  3.3	 66.5	 32.3	0	    0
	    0
	    0
	    0
	    0
	    0
	    0
	    0
	    0
	    0
	    0
	    0
	    0
	    0
	    0
	    0
 3776	    5	 27.8	 18.5	  9.2	  8.0	 66.5	 86.3	0	    0
	    0
	    0
	    0
	    0
	    0
	    0
	    0
	    0
	    0
	    0
	    0
	    0
	    0
	    0
 3791	    5	 24.9	 18.0	  8.9	  7.5	 47.5	 27.8	0	    0
	    0
 3793	    5	 27.0	 18.7	  9.3	  7.8	 48.5	 14.3	0	    0
	    0
	    0
	    0
	    0
	    0
	    0
	    0
	    0
	    0
	    0
	    0
	    0
	    0
	    0
 3808	    5	 28.2	 18.7	  9.3	  8.1	 14.5	 60.8	0	    0
	    0
 3810	    5	 27.3	 18.8	  9.3	  7.9	 53.5	 21.7	0	    0
	    0
	    0
	    0
	    0
	    0
	    0
	    0
	    0
	    0
	    0
	    0
 3822	    5	 29.4	 18.8	  9.3	  8.3	  1.5	 32.3	0	    0
	    0
	    0
	    0
	    0
	    0
	    0
	    0
 3830	    5	 28.8	 18.9	  9.4	  8.2	 46.5	 20.3	0	    0
	    0
	    0
 3833	    3	 20.7	 22.9	 15.9	  3.5	 64.5	  6.8	1	    0
	    0
	    0
	    0
	    0
	    0
	    0
	    0
	    0
	    0
 3843	    5	 31.0	 19.1	  9.5	  8.6	 85.5	 86.3	0	    0
	    0
	    0
	    0
 3847	    5	 29.7	 19.2	  9.5	  8.3	 45.5	 14.3	0	    0
	    0
	    0
	    0
	    0
	    0
	    0
	    0
	    0
 3856	    3	 19.7	 23.0	 16.2	  3.3	 29.5	 38.3	1	    0
	    0
	    0
 3859	    5	 26.9	 18.5	  9.2	  7.8	 61.5	 83.2	0	    0
	    0
 3861	    5	 28.1	 18.8	  9.3	  8.0	 10.5	 75.8	0	    0
	    0
	    0
 3864	    5	 25.8	 18.0	  8.9	  7.7	  9.5	 62.3	0	    0
	    0
 3866	    5	 29.6	 19.4	  9.6	  8.3	 82.5	 72.8	1	    0
	    0
	    0
	    0
	    0
	    0
	    0
	    0
	    0
	    0
	    0
	    0
	    0
 3879	    5	 30.7	 19.1	  9.5	  8.5	 60.5	 80.3	0	    0
	    0
	    0
	    0
	    0
	    0
	    0
	    0
	    0
	    0
	    0
	    0
	    0
	    0
	    0
	    0
	    0
	    0
	    0
	    0
	    0
	    0
	    0
	    0
	    0
	    0
	    0
	    0
	    0
	    0
	    0
	    0
	    0
	    0
	    0
	    0
	    0
	    0
	    0
	    0
 3919	    5	 28.9	 19.0	  9.4	  8.2	 13.5	 83.2	0	    0
	    0
	    0
	    0
	    0
	    0
	    0
	    0
	    0
	    0
	    0
	    0
	    0
	    0
	    0
	    0
	    0
	    0
	    0
	    0
	    0
	    0
	    0
	    0
	    0
	    0
	    0
	    0
 3947	    3	 25.9	 24.9	 17.0	  4.1	  1.5	 66.8	0	    0
	    0
	    0
	    0
	    0
	    0
 3953	    5	 29.9	 19.2	  9.6	  8.4	 81.5	 14.3	0	    0
	    0
	    0
	    0
	    0
	    0
	    0
	    0
	    0
	    0
	    0
	    0
	    0
	    0
 3967	    3	 20.8	 21.8	 14.7	  3.5	 42.5	  9.8	1	    0
	    0
	    0
	    0
	    0
	    0
 3973	    5	 28.3	 18.7	  9.3	  8.1	 16.5	 27.8	0	    0
	    0
	    0
	    0
	    0
	    0
 3979	    5	 30.4	 19.3	  9.6	  8.5	 18.5	 62.3	0	    0
	    0
 3981	    3	 20.6	 22.9	 15.9	  3.5	 31.5	 50.3	0	    0
	    0
	    0
	    0
	    0
	    0
	    0
	    0
	    0
	    0
 3991	    3	 17.8	 21.2	 14.8	  3.1	 62.5	 81.8	1	    0
	    0
	    0
 3994	    5	 28.2	 18.6	  9.2	  8.1	 50.5	 26.3	1	    0
	    0
	    0
	    0
	    0
	    0
	    0
	    0
	    0
	    0
	    0
	    0
	    0
	    0
	    0
	    0
	    0
	    0
	    0
	    0
	    0
	    0
	    0
 4017	    3	 21.9	 23.6	 16.3	  3.6	 19.5	 23.3	0	    0
	    0
	    0
	    0
	    0
	    0
	    0
	    0
	    0
 4026	    5	 28.7	 18.9	  9.4	  8.2	 62.5	 11.3	0	    0
	    0
	    0
	    0
	    0
	    0
	    0
	    0
	    0
	    0
	    0
	    0
	    0
	    0
	    0
	    0
	    0
	    0
	    0
	    0
	    0
	    0
	    0
	    0
	    0
	    0
	    0
	    0
	    0
	    0
	    0
	    0
	    0
	    0
	    0
	    0
	    0
	    0
	    0
	    0
 4066	    5	 23.3	 17.6	  8.7	  7.2	  7.5	 18.8	0	    0
	    0
 4068	    3	 19.0	 22.0	 15.3	  3.3	 56.5	 84.8	0	    0
	    0
	    0
	    0
	    0
	    0
	    0
	    0
 4076	    5	 28.1	 19.3	  9.6	  8.0	 68.5	  2.3	0	    0
	    0
	    0
	    0
	    0
	    0
 4082	    3	 21.8	 23.7	 16.4	  3.6	 48.5	 17.3	1	    0
	    0
	    0
	    0
	    0
	    0
	    0
	    0
	    0
	    0
	    0
	    0
	    0
	    0
	    0
	    0
	    0
	    0
	    0
	    0
	    0
	    0
	    0
	    0
	    0
	    0
 4108	    5	 31.4	 19.5	  9.7	  8.6	 64.5	 29.3	0	    0
	    0
	    0
	    0
	    0
	    0
	    0
	    0
	    0
	    0
	    0
	    0
	    0
	    0
	    0
	    0
	    0
	    0
	    0
	    0
	    0
	    0
	    0
	    0
 4132	    5	 28.7	 18.8	  9.3	  8.2	 10.5	 51.8	0	    0
	    0
 4134	    3	 19.1	 22.7	 16.0	  3.3	 28.5	 11.3	0	    0
 4135	    5	 28.7	 18.9	  9.4	  8.2	  0.5	 44.3	0	    0
	    0
	    0
	    0
	    0
	    0
 4141	    5	 28.0	 19.1	  9.5	  8.0	 61.5	 20.3	0	    0
	    0
	    0
	    0
	    0
	    0
	    0
 4148	    3	 19.5	 22.8	 16.0	  3.3	 42.5	 27.8	0	    0
	    0
 4150	    3	 26.0	 25.0	 17.0	  4.1	 33.5	 33.8	0	    0
	    0
	    0
	    0
 4154	    5	 30.4	 19.1	  9.5	  8.5	 66.5	 42.8	0	    0
	    0
	    0
	    0
	    0
	    0
	    0
	    0
	    0
	    0
	    0
	    0
	    0
 4167	    5	 30.1	 19.1	  9.5	  8.4	 49.5	  2.3	0	    0
	    0
	    0
	    0
	    0
 4172	    3	 25.1	 24.6	 16.8	  4.0	 83.5	 51.8	0	    0
	    0
	    0
	    0
	    0
	    0
	    0
	    0
	    0
	    0
	    0
	    0
 4184	    5	 26.7	 18.3	  9.1	  7.8	 33.5	 26.3	1	    0
	    0
 4186	    3	 18.2	 22.2	 15.8	  3.1	 21.5	 39.8	0	    0
	    0
	    0
	    0
	    0
	    0
	    0
	    0
	    0
	    0
	    0
	    0
	    0
	    0
	    0
	    0
	    0
	    0
	    0
	    0
	    0
	    0
	    0
	    0
 4210	    3	 20.3	 22.5	 15.5	  3.4	 23.5	 20.3	0	    0
	    0
	    0
	    0
	    0
	    0
	    0
	    0
	    0
	    0
	    0
	    0
	    0
	    0
	    0
	    0
	    0
	    0
	    0
	    0
	    0
	    0
	    0
	    0
	    0
	    0
	    0
	    0
	    0
	    0
	    0
	    0
	    0
	    0
	    0
	    0
	    0
	    0
	    0
	    0
	    0
	    0
	    0
	    0
	    0
	    0
	    0
	    0
	    0
	    0
	    0
	    0
	    0
	    0
	    0
	    0
	    0
	    0
	    0
	    0
	    0
	    0
 4272	    5	 23.8	 18.1	  9.0	  7.2	 19.5	 27.8	1	    0
	    0
	    0
	    0
	    0
	    0
	    0
	    0
	    0
	    0
	    0
	    0
	    0
 4285	    3	 19.9	 22.7	 15.8	  3.4	 47.5	 84.8	1	    0
	    0
	    0
	    0
	    0
	    0
	    0
	    0
 4293	    3	 18.3	 22.8	 16.3	  3.1	 85.5	 15.8	0	    0
	    0
	    0
	    0
	    0
	    0
	    0
	    0
	    0
 4302	    5	 30.2	 19.3	  9.6	  8.4	 60.5	 12.8	0	    0
	    0
	    0
	    0
	    0
	    0
	    0
	    0
	    0
	    0
 4312	    3	 27.3	 25.2	 17.2	  4.2	 28.5	 77.3	0	    0
	    0
	    0
	    0
	    0
	    0
	    0
	    0
	    0
	    0
	    0
	    0
	    0
	    0
	    0
	    0
	    0
	    0
	    0
	    0
	    0
	    0
 4334	    3	 25.7	 24.9	 17.0	  4.1	 55.5	  8.3	0	    0
	    0
	    0
 4337	    5	 31.7	 19.3	  9.6	  8.7	 39.5	 38.3	1	    0
	    0
	    0
	    0
	    0
 4342	    5	 27.7	 18.6	  9.2	  8.0	 31.5	 33.8	0	    0
	    0
	    0
	    0
 4346	    5	 25.7	 18.7	  9.3	  7.5	 58.5	 63.8	0	    0
	    0
	    0
	    0
	    0
 4351	    5	 29.3	 19.1	  9.5	  8.2	  1.5	 56.3	1	    0
	    0
	    0
 4354	    3	 21.3	 23.3	 16.1	  3.5	 42.5	 84.8	0	    0
	    0
	    0
	    0
	    0
	    0
	    0
	    0
	    0
	    0
	    0
	    0
	    0
	    0
	    0
	    0
	    0
	    0
	    0
	    0
	    0
	    0
	    0
 4377	    5	 28.4	 18.8	  9.3	  8.1	 63.5	 78.8	0	    0
	    0
	    0
	    0
	    0
	    0
	    0
	    0
	    0
	    0
	    0
	    0
	    0
	    0
	    0
	    0
	    0
	    0
	    0
	    0
	    0
	    0
	    0
	    0
	    0
	    0
	    0
	    0
	    0
	    0
	    0
 4408	    5	 25.8	 17.9	  8.8	  7.7	 39.5	 51.8	0	    0
	    0
	    0
	    0
	    0
	    0
	    0
	    0
	    0
	    0
	    0
	    0
	    0
 4421	    3	 21.2	 23.4	 16.3	  3.5	 44.5	 71.3	0	    0
	    0
	    0
	    0
	    0
	    0
	    0
	    0
	    0
	    0
	    0
	    0
	    0
	    0
	    0
	    0
	    0
	    0
	    0
	    0
	    0
	    0
	    0
	    0
	    0
	    0
	    0
	    0
	    0
	    0
	    0
	    0
	    0
	    0
	    0
 4456	    5	 26.3	 18.6	  9.2	  7.7	 15.5	 45.8	0	    0
	    0
	    0
 4459	    3	 19.3	 21.9	 15.1	  3.3	 62.5	  3.8	0	    0
	    0
	    0
	    0
 4463	    5	 27.0	 18.3	  9.0	  7.9	 66.5	 54.7	0	    0
	    0
 4465	    5	 26.0	 18.0	  8.9	  7.7	 23.5	 41.3	0	    0
	    0
	    0
	    0
	    0
	    0
	    0
	    0
	    0
	    0
	    0
	    0
	    0
	    0
	    0
	    0
 4481	    5	 29.4	 19.1	  9.5	  8.3	 29.5	 60.8	0	    0
	    0
	    0
	    0
	    0
	    0
 4487	    3	 20.7	 22.0	 14.9	  3.5	 36.5	 59.3	0	    0
	    0
	    0
 4490	    5	 27.4	 18.3	  9.0	  8.0	 15.5	  9.8	0	    0
	    0
	    0
	    0
	    0
	    0
	    0
	    0
 4498	    5	 28.0	 18.8	  9.3	  8.0	 53.5	 11.3	0	    0
 4499	    5	 27.6	 18.7	  9.3	  7.9	 16.5	 12.8	0	    0
	    0
	    0
	    0
 4503	    5	 24.6	 17.9	  8.9	  7.4	 44.5	 53.3	0	    0
	    0
	    0
	    0
 4507	    5	 29.7	 19.0	  9.4	  8.4	 32.5	 39.8	0	    0
	    0
 4509	    5	 27.6	 18.3	  9.1	  8.0	 24.5	 26.3	0	    0
	    0
	    0
	    0
 4513	    5	 25.6	 17.9	  8.9	  7.6	 49.5	 71.3	0	    0
	    0
	    0
	    0
	    0
	    0
	    0
	    0
	    0
	    0
	    0
	    0
	    0
	    0
	    0
	    0
 4529	    5	 31.2	 19.3	  9.6	  8.6	 18.5	 30.8	0	    0
	    0
	    0
	    0
	    0
	    0
 4535	    5	 27.3	 18.8	  9.3	  7.9	 63.5	 30.8	0	    0
	    0
	    0
	    0
 4539	    5	 30.1	 19.2	  9.5	  8.4	 34.5	 27.8	0	    0
	    0
	    0
	    0
	    0
	    0
 4545	    3	 29.0	 25.7	 17.5	  4.4	 24.5	 20.3	0	    0
 4546	    5	 27.6	 18.7	  9.3	  8.0	 58.5	 69.8	0	    0
 4547	    5	 24.6	 17.7	  8.8	  7.4	 25.5	 41.3	0	    0
 4548	    5	 25.3	 18.5	  9.2	  7.5	 55.5	 30.8	0	    0
	    0
 4550	    5	 29.9	 19.1	  9.5	  8.4	 67.5	 17.3	0	    0
	    0
	    0
	    0
	    0
	    0
	    0
	    0
	    0
	    0
	    0
	    0
	    0
	    0
	    0
	    0
	    0
	    0
	    0
	    0
	    0
 4571	    5	 31.9	 19.6	  9.8	  8.7	 85.5	 45.8	0	    0
	    0
	    0
	    0
	    0
	    0
	    0
	    0
 4579	    5	 28.2	 19.0	  9.4	  8.0	 35.5	 47.2	0	    0
	    0
 4581	    3	 28.5	 25.6	 17.4	  4.4	 27.5	 29.3	0	    0
	    0
 4583	    5	 27.9	 18.7	  9.3	  8.0	 63.5	 35.3	0	    0
	    0
	    0
	    0
	    0
	    0
	    0
	    0
	    0
	    0
	    0
	    0
	    0
	    0
 4597	    5	 25.0	 17.5	  8.7	  7.6	  8.5	 33.8	0	    0
	    0
	    0
	    0
	    0
	    0
	    0
	    0
	    0
	    0
	    0
	    0
	    0
 4610	    5	 29.1	 18.6	  9.2	  8.3	 54.5	 47.2	0	    0
	    0
	    0
	    0
	    0
	    0
	    0
	    0
	    0
	    0
	    0
	    0
	    0
	    0
	    0
	    0
	    0
	    0
	    0
	    0
	    0
	    0
	    0
 4633	    5	 25.3	 17.9	  8.9	  7.6	 24.5	 23.3	1	    0
	    0
	    0
	    0
	    0
	    0
	    0
	    0
 4641	    3	 20.5	 23.3	 16.3	  3.4	 54.5	 18.8	0	    0
	    0
	    0
 4644	    5	 27.5	 18.4	  9.1	  8.0	 24.5	 21.7	0	    0
	    0
	    0
	    0
	    0
	    0
	    0
 4651	    5	 29.6	 19.4	  9.7	  8.3	  6.5	 66.8	0	    0
	    0
	    0
	    0
	    0
	    0
 4657	    5	 30.1	 19.0	  9.4	  8.4	 80.5	 45.8	0	    0
 4658	    5	 28.3	 18.8	  9.3	  8.1	 46.5	 71.3	0	    0
	    0
 4660	    5	 26.8	 18.5	  9.2	  7.8	 39.5	 66.8	0	    0
 4661	    3	 18.6	 22.6	 16.0	  3.2	 41.5	  5.3	1	    0
	    0
	    0
	    0
	    0
	    0
	    0
	    0
	    0
	    0
	    0
 4672	    5	 24.2	 17.8	  8.8	  7.3	 81.5	 60.8	0	    0
	    0
	    0
 4675	    5	 27.7	 18.5	  9.2	  8.0	 35.5	 69.8	0	    0
	    0
	    0
	    0
	    0
	    0
	    0
	    0
	    0
	    0
	    0
	    0
	    0
	    0
	    0
 4690	    5	 27.8	 18.5	  9.2	  8.0	 27.5	 81.8	0	    0
	    0
	    0
	    0
	    0
	    0
	    0
	    0
	    0
	    0
	    0
	    0
	    0
	    0
	    0
	    0
	    0
	    0
	    0
	    0
	    0
	    0
	    0
	    0
	    0
	    0
	    0
	    0
	    0
	    0
	    0
	    0
	    0
	    0
	    0
	    0
	    0
 4727	    3	 21.7	 23.4	 16.1	  3.6	 44.5	 54.7	1	    0
	    0
	    0
	    0
	    0
	    0
	    0
	    0
	    0
	    0
 4737	    5	 31.4	 19.4	  9.7	  8.6	 52.5	 39.8	0	    0
 4738	    5	 25.1	 17.8	  8.8	  7.5	 66.5	 71.3	0	    0
	    0
 4740	    5	 25.7	 18.0	  8.9	  7.7	 25.5	  3.8	0	    0
	    0
	    0
	    0
 4744	    5	 28.2	 18.5	  9.2	  8.1	 71.5	 75.8	0	    0
	    0
	    0
 4747	    3	 18.9	 22.2	 15.6	  3.3	 44.5	 50.3	0	    0
	    0
	    0
	    0
	    0
	    0
	    0
	    0
	    0
	    0
	    0
	    0
	    0
	    0
	    0
 4762	    5	 30.5	 19.3	  9.6	  8.5	 64.5	 63.8	0	    0
	    0
	    0
	    0
	    0
 4767	    5	 27.3	 18.7	  9.3	  7.9	  6.5	 48.8	0	    0
	    0
	    0
	    0
	    0
	    0
	    0
 4774	    5	 32.0	 19.3	  9.6	  8.8	 75.5	 27.8	0	    0
	    0
	    0
	    0
	    0
	    0
	    0
	    0
	    0
	    0
	    0
	    0
	    0
	    0
	    0
	    0
	    0
 4791	    5	 31.3	 19.5	  9.7	  8.6	 46.5	 66.8	0	    0
	    0
	    0
	    0
	    0
	    0
	    0
	    0
	    0
	    0
	    0
 4802	    5	 27.1	 18.2	  9.0	  7.9	 59.5	 74.3	0	    0
	    0
	    0
 4805	    5	 28.9	 18.9	  9.4	  8.2	  4.5	 80.3	0	    0
 4806	    5	 26.3	 18.5	  9.2	  7.7	  4.5	 45.8	0	    0
	    0
	    0
	    0
	    0
	    0
	    0
	    0
	    0
	    0
	    0
	    0
	    0
	    0
 4820	    5	 26.8	 18.6	  9.2	  7.8	 37.5	 65.3	0	    0
	    0
	    0
	    0
	    0
	    0
	    0
	    0
	    0
	    0
	    0
	    0
	    0
	    0
	    0
	    0
	    0
	    0
	    0
 4839	    3	 19.1	 22.2	 15.5	  3.3	  6.5	 29.3	0	    0
	    0
	    0
	    0
	    0
	    0
	    0
	    0
	    0
	    0
	    0
	    0
	    0
	    0
	    0
	    0
	    0
	    0
	    0
	    0
	    0
	    0
	    0
	    0
	    0
	    0
	    0
	    0
	    0
	    0
	    0
	    0
	    0
	    0
	    0
	    0
	    0
	    0
	    0
	    0
 4879	    3	 21.5	 23.3	 16.1	  3.6	 83.5	 48.8	0	    0
	    0
	    0
 4882	    5	 28.6	 18.9	  9.4	  8.1	 72.5	 48.8	0	    0
	    0
	    0
	    0
	    0
	    0
	    0
	    0
	    0
	    0
 4892	    3	 16.4	 19.9	 13.8	  3.0	 58.5	 32.3	1	    0
	    0
	    0
	    0
	    0
	    0
	    0
	    0
 4900	    3	 26.0	 24.9	 17.0	  4.1	 57.5	 20.3	0	    0
	    0
	    0
	    0
	    0
	    0
	    0
	    0
 4908	    3	 22.8	 24.0	 16.5	  3.7	  4.5	 24.8	0	    0
	    0
 4910	    5	 26.9	 18.5	  9.2	  7.8	 49.5	 60.8	0	    0
	    0
	    0
	    0
	    0
	    0
	    0
 4917	    3	 19.4	 22.8	 16.0	  3.3	 65.5	 35.3	1	    0
	    0
	    0
	    0
	    0
	    0
	    0
	    0
 4925	    5	 28.3	 18.5	  9.2	  8.1	 21.5	 56.3	1	    0
 4926	    5	 26.5	 18.2	  9.0	  7.8	  6.5	 41.3	0	    0
	    0
	    0
	    0
	    0
	    0
	    0
	    0
 4934	    3	 21.3	 22.9	 15.7	  3.6	 32.5	 75.8	1	    0
	    0
	    0
	    0
	    0
	    0
	    0
	    0
 4942	    5	 23.2	 17.7	  8.8	  7.1	 71.5	 60.8	0	    0
	    0
	    0
	    0
	    0
	    0
	    0
	    0
	    0
	    0
	    0
	    0
	    0
	    0
 4956	    5	 24.6	 17.9	  8.9	  7.4	 81.5	 41.3	1	    0
 4957	    5	 28.2	 18.5	  9.2	  8.1	 35.5	 54.7	0	    0
	    0
	    0
	    0
	    0
	    0
	    0
	    0
	    0
	    0
 4967	    5	 26.8	 18.6	  9.2	  7.8	 54.5	 60.8	0	    0
	    0
	    0
	    0
	    0
	    0
	    0
	    0
	    0
	    0
	    0
	    0
	    0
 4980	    5	 31.6	 19.5	  9.7	  8.7	 42.5	 12.8	0	    0
	    0
	    0
	    0
 4984	    5	 29.5	 18.8	  9.3	  8.3	 57.5	 26.3	0	    0
	    0
	    0
	    0
	    0
	    0
 4990	    5	 28.2	 19.0	  9.5	  8.0	 48.5	 29.3	0	    0
	    0
 4992	    5	 28.8	 19.0	  9.5	  8.1	 48.5	 77.3	0	    0
	    0
	    0
	    0
	    0
	    0
	    0
	    0
	    0
