Nr	Art	BHD	h	kra	kd	x	y	kenn	mort
    1	    3	 22.0	 23.1	 15.8	  3.6	 60.5	 50.0	0	    0
	    0
    3	    5	 24.0	 18.1	  9.0	  7.2	 63.6	 44.7	0	    0
	    0
    5	    3	 22.8	 24.0	 16.5	  3.7	 70.7	 22.9	1	    0
	    0
	    0
	    0
	    0
	    0
	    0
	    0
	    0
	    0
	    0
   16	    5	 28.0	 18.5	  9.2	  8.1	 65.2	 90.0	0	    0
	    0
	    0
	    0
	    0
	    0
	    0
   23	    3	 22.0	 23.2	 15.9	  3.6	 21.4	 16.0	0	    0
   24	    5	 30.0	 19.0	  9.4	  8.4	 74.2	 32.6	0	    0
	    0
	    0
	    0
	    0
   29	    3	 21.1	 23.1	 15.9	  3.5	 54.6	 75.8	0	    0
	    0
	    0
	    0
   33	    5	 24.6	 17.9	  8.8	  7.4	 82.6	 24.4	0	    0
   34	    3	 22.8	 23.7	 16.2	  3.7	 61.5	 96.5	0	    0
	    0
	    0
   37	    5	 34.5	 19.7	  9.8	  9.2	 89.3	  0.7	0	    0
	    0
	    0
	    0
	    0
	    0
	    0
	    0
	    0
	    0
	    0
   48	    3	 22.2	 23.3	 16.0	  3.7	 71.9	 22.4	0	    0
	    0
	    0
	    0
	    0
	    0
	    0
   55	    5	 24.9	 18.4	  9.1	  7.4	 17.6	 91.4	0	    0
	    0
	    0
	    0
	    0
	    0
	    0
	    0
	    0
	    0
	    0
	    0
	    0
   68	    3	 24.8	 24.5	 16.7	  3.9	 50.6	 36.2	0	    0
	    0
   70	    3	 22.3	 23.8	 16.4	  3.7	 26.9	 65.0	0	    0
	    0
	    0
	    0
	    0
	    0
	    0
	    0
   78	    3	 23.9	 23.6	 15.9	  3.9	 17.9	 69.9	0	    0
	    0
   80	    5	 31.8	 19.4	  9.7	  8.7	 90.1	 33.3	0	    0
	    0
   82	    3	 22.8	 23.2	 15.7	  3.8	 61.1	 15.5	0	    0
   83	    3	 22.5	 23.6	 16.2	  3.7	 66.1	 12.9	0	    0
	    0
	    0
	    0
	    0
	    0
	    0
	    0
	    0
   92	    5	 23.7	 18.1	  9.0	  7.2	 86.2	 57.7	0	    0
	    0
	    0
	    0
   96	    3	 23.8	 24.2	 16.6	  3.8	 82.2	 27.2	0	    0
	    0
	    0
	    0
	    0
	    0
	    0
	    0
	    0
	    0
	    0
	    0
  108	    5	 26.5	 18.6	  9.2	  7.7	 69.7	 32.3	0	    0
	    0
	    0
  111	    3	 21.3	 22.7	 15.5	  3.6	 69.6	 47.9	1	    0
	    0
	    0
  114	    3	 20.3	 22.6	 15.6	  3.4	 21.0	 60.8	0	    0
	    0
  116	    3	 23.2	 24.0	 16.5	  3.8	 29.4	 18.7	0	    0
	    0
	    0
	    0
	    0
	    0
	    0
	    0
  124	    3	 24.0	 23.8	 16.2	  3.9	 64.0	 72.6	0	    0
	    0
	    0
	    0
	    0
	    0
	    0
	    0
	    0
  133	    5	 29.9	 19.3	  9.6	  8.3	 17.8	 81.9	0	    0
	    0
	    0
	    0
	    0
  138	    3	 24.0	 24.0	 16.3	  3.9	 59.7	 71.9	0	    0
	    0
	    0
  141	    5	 25.5	 18.3	  9.0	  7.6	 13.0	 85.5	0	    0
	    0
  143	    3	 23.1	 23.8	 16.3	  3.8	 54.4	 45.3	0	    0
  144	    5	 29.1	 19.2	  9.5	  8.2	 67.9	 48.7	0	    0
	    0
	    0
	    0
  148	    3	 20.0	 22.7	 15.8	  3.4	 57.4	 83.8	0	    0
	    0
  150	    5	 28.8	 19.5	  9.7	  8.1	 91.9	 47.3	0	    0
  151	    3	 22.0	 23.1	 15.8	  3.7	 78.7	 43.7	0	    0
  152	    5	 31.3	 19.3	  9.6	  8.6	 78.9	 74.1	0	    0
	    0
	    0
	    0
  156	    3	 26.1	 25.0	 17.1	  4.1	 61.4	 93.0	0	    0
	    0
	    0
  159	    3	 22.7	 23.9	 16.4	  3.7	 96.5	 88.5	0	    0
  160	    3	 19.7	 22.4	 15.6	  3.4	 33.4	 90.5	0	    0
	    0
  162	    3	 22.0	 23.6	 16.3	  3.6	  4.4	 75.3	0	    0
	    0
  164	    3	 20.0	 22.8	 15.9	  3.4	  1.1	 35.1	0	    0
	    0
  166	    3	 23.6	 23.2	 15.6	  3.9	 38.1	 25.2	0	    0
	    0
  168	    3	 22.8	 23.7	 16.2	  3.7	 56.4	 86.3	0	    0
	    0
	    0
	    0
  172	    3	 25.9	 24.4	 16.5	  4.1	 23.1	 73.0	0	    0
	    0
  174	    3	 24.7	 24.4	 16.7	  3.9	 27.1	 14.7	0	    0
	    0
	    0
	    0
	    0
	    0
	    0
	    0
	    0
	    0
  184	    5	 26.9	 18.8	  9.3	  7.8	 62.3	  4.7	0	    0
  185	    5	 26.7	 18.5	  9.2	  7.8	 19.1	  0.5	0	    0
	    0
  187	    3	 23.0	 23.5	 16.0	  3.8	 15.6	 60.6	0	    0
	    0
  189	    5	 31.1	 19.3	  9.6	  8.6	 51.2	 90.3	1	    0
	    0
	    0
	    0
	    0
  194	    5	 29.6	 19.1	  9.5	  8.3	 41.4	 80.5	0	    0
	    0
	    0
	    0
	    0
	    0
	    0
	    0
	    0
	    0
	    0
	    0
  206	    3	 21.5	 23.3	 16.1	  3.6	 56.7	  7.0	1	    0
	    0
	    0
	    0
	    0
  211	    3	 22.4	 23.0	 15.7	  3.7	 94.6	 38.2	0	    0
	    0
	    0
	    0
	    0
	    0
	    0
	    0
	    0
	    0
	    0
	    0
  223	    3	 21.6	 23.3	 16.1	  3.6	 59.2	  7.4	0	    0
	    0
  225	    3	 21.8	 23.1	 15.8	  3.6	  0.9	 23.1	0	    0
	    0
  227	    3	 22.4	 23.3	 15.9	  3.7	 22.3	  0.9	0	    0
	    0
	    0
	    0
	    0
	    0
	    0
	    0
	    0
	    0
	    0
  238	    3	 22.4	 23.5	 16.1	  3.7	 96.9	 50.7	0	    0
	    0
	    0
	    0
	    0
	    0
	    0
  245	    5	 28.2	 18.8	  9.3	  8.1	  0.8	 93.8	0	    0
	    0
	    0
	    0
	    0
	    0
	    0
  252	    3	 21.3	 23.0	 15.8	  3.6	 26.8	 70.7	0	    0
	    0
	    0
	    0
  256	    3	 22.5	 24.0	 16.6	  3.7	 10.0	 87.3	0	    0
	    0
	    0
	    0
  260	    3	 21.8	 23.7	 16.5	  3.6	 31.0	 31.9	1	    0
	    0
	    0
	    0
	    0
	    0
	    0
  267	    3	 21.9	 23.2	 15.9	  3.6	 34.8	 57.3	0	    0
  268	    3	 25.3	 24.6	 16.8	  4.0	 86.8	 14.5	0	    0
	    0
  270	    3	 24.3	 23.8	 16.1	  3.9	 26.4	  5.1	0	    0
	    0
	    0
	    0
	    0
	    0
  276	    3	 22.1	 23.3	 16.0	  3.7	 41.1	  1.5	0	    0
	    0
	    0
	    0
	    0
	    0
	    0
	    0
	    0
	    0
	    0
	    0
	    0
	    0
	    0
	    0
	    0
	    0
	    0
	    0
	    0
	    0
	    0
	    0
	    0
	    0
	    0
	    0
	    0
	    0
	    0
  307	    3	 21.6	 22.9	 15.7	  3.6	 11.8	 40.1	0	    0
	    0
	    0
	    0
	    0
	    0
  313	    3	 23.3	 23.5	 16.0	  3.8	 30.2	  5.3	0	    0
	    0
	    0
	    0
	    0
	    0
	    0
	    0
	    0
	    0
	    0
	    0
  325	    3	 25.3	 24.1	 16.3	  4.0	  4.7	 28.5	0	    0
	    0
	    0
	    0
  329	    3	 24.1	 24.2	 16.6	  3.9	 47.8	 16.6	0	    0
	    0
	    0
  332	    3	 24.7	 23.7	 15.9	  4.0	 17.0	 14.3	0	    0
  333	    3	 22.1	 23.2	 15.9	  3.7	 34.5	 41.8	0	    0
	    0
	    0
	    0
	    0
	    0
  339	    3	 21.9	 22.9	 15.6	  3.6	 69.0	 64.0	1	    0
	    0
	    0
	    0
	    0
	    0
	    0
	    0
	    0
	    0
	    0
	    0
	    0
	    0
	    0
	    0
	    0
	    0
	    0
	    0
	    0
	    0
	    0
	    0
	    0
	    0
  365	    5	 29.4	 19.0	  9.4	  8.3	 94.6	  1.2	0	    0
  366	    5	 28.7	 18.7	  9.3	  8.2	 79.8	 78.9	0	    0
	    0
	    0
	    0
	    0
	    0
  372	    3	 22.0	 23.2	 15.9	  3.6	 33.7	 61.4	0	    0
	    0
	    0
	    0
	    0
  377	    3	 24.5	 24.4	 16.7	  3.9	 94.2	 10.5	0	    0
	    0
	    0
	    0
	    0
	    0
	    0
	    0
	    0
  386	    3	 24.1	 24.4	 16.7	  3.9	 19.6	 88.3	0	    0
	    0
	    0
	    0
	    0
  391	    5	 28.8	 18.6	  9.2	  8.2	 54.8	 61.6	0	    0
  392	    3	 23.7	 23.2	 15.6	  3.9	 50.4	 15.0	0	    0
	    0
	    0
	    0
	    0
	    0
  398	    3	 23.1	 23.5	 16.0	  3.8	  2.5	 88.8	0	    0
	    0
	    0
	    0
	    0
	    0
	    0
	    0
	    0
  407	    3	 21.0	 22.9	 15.7	  3.5	 39.5	  2.8	0	    0
	    0
	    0
	    0
	    0
	    0
	    0
	    0
  415	    5	 27.3	 18.7	  9.3	  7.9	 19.2	 58.5	0	    0
  416	    3	 24.4	 23.8	 16.1	  3.9	 90.4	 37.4	0	    0
	    0
  418	    3	 23.8	 24.0	 16.4	  3.8	 42.4	 64.6	1	    0
	    0
	    0
	    0
  422	    5	 25.9	 18.2	  9.0	  7.7	 77.7	  9.1	1	    0
	    0
  424	    3	 22.4	 23.9	 16.5	  3.7	 58.8	 79.6	1	    0
	    0
	    0
	    0
	    0
	    0
	    0
	    0
	    0
	    0
	    0
	    0
	    0
	    0
	    0
	    0
	    0
	    0
	    0
	    0
	    0
	    0
  446	    3	 20.9	 22.8	 15.7	  3.5	 72.6	 71.9	0	    0
	    0
	    0
  449	    5	 28.5	 19.1	  9.5	  8.1	 53.8	  5.7	0	    0
	    0
	    0
	    0
	    0
	    0
	    0
	    0
	    0
	    0
  459	    5	 29.2	 18.8	  9.3	  8.3	 17.1	 30.3	0	    0
	    0
	    0
	    0
	    0
	    0
	    0
  466	    3	 25.5	 24.3	 16.5	  4.1	  8.6	 87.5	0	    0
	    0
  468	    5	 27.1	 18.8	  9.3	  7.8	 24.7	 98.4	0	    0
  469	    3	 23.0	 23.9	 16.4	  3.7	 75.5	 70.3	0	    0
	    0
	    0
	    0
	    0
	    0
	    0
	    0
  477	    5	 26.8	 18.8	  9.3	  7.8	 99.7	 68.7	0	    0
	    0
	    0
	    0
	    0
	    0
	    0
	    0
	    0
	    0
	    0
	    0
	    0
  490	    5	 24.8	 18.2	  9.0	  7.4	 43.8	 32.9	0	    0
	    0
  492	    3	 23.4	 24.1	 16.6	  3.8	  7.3	 67.6	0	    0
	    0
	    0
	    0
  496	    5	 30.5	 19.2	  9.6	  8.5	 76.0	 45.1	0	    0
  497	    3	 23.4	 24.0	 16.4	  3.8	 38.1	 36.8	1	    0
  498	    3	 20.7	 22.7	 15.7	  3.5	  2.5	  8.3	0	    0
	    0
	    0
	    0
	    0
	    0
	    0
	    0
	    0
	    0
	    0
  509	    5	 28.4	 19.1	  9.5	  8.1	 90.0	 73.9	0	    0
	    0
	    0
	    0
	    0
	    0
	    0
	    0
	    0
	    0
	    0
	    0
	    0
	    0
	    0
	    0
	    0
	    0
  527	    3	 22.1	 23.0	 15.7	  3.7	 17.9	 59.1	0	    0
	    0
	    0
	    0
	    0
	    0
	    0
	    0
  535	    3	 23.4	 23.6	 16.1	  3.8	 56.0	 21.2	0	    0
	    0
	    0
	    0
  539	    3	 23.8	 24.3	 16.7	  3.8	 12.4	 63.3	0	    0
	    0
	    0
	    0
	    0
	    0
  545	    3	 23.8	 23.5	 15.9	  3.9	 26.4	  5.1	0	    0
  546	    3	 23.7	 24.0	 16.4	  3.8	 76.4	 48.5	0	    0
	    0
	    0
  549	    3	 24.7	 23.7	 15.9	  4.0	 35.2	 51.1	0	    0
  550	    3	 21.4	 23.1	 15.9	  3.6	 48.7	 57.4	0	    0
	    0
	    0
	    0
	    0
  555	    3	 25.0	 24.1	 16.3	  4.0	 20.0	 26.3	0	    0
	    0
	    0
	    0
	    0
	    0
	    0
	    0
	    0
	    0
	    0
	    0
	    0
	    0
  569	    3	 19.7	 22.5	 15.7	  3.4	 72.8	 60.1	0	    0
	    0
	    0
	    0
	    0
	    0
	    0
	    0
  577	    3	 24.8	 24.0	 16.3	  4.0	 36.1	 22.9	0	    0
	    0
	    0
	    0
	    0
	    0
	    0
	    0
	    0
  586	    5	 29.2	 18.8	  9.3	  8.3	 93.1	 78.7	0	    0
	    0
  588	    3	 22.9	 22.7	 15.2	  3.8	  8.6	 27.7	0	    0
	    0
	    0
	    0
	    0
	    0
  594	    3	 22.2	 23.1	 15.8	  3.7	 85.9	 86.2	0	    0
	    0
	    0
	    0
	    0
	    0
	    0
	    0
	    0
	    0
  604	    3	 24.7	 24.0	 16.3	  4.0	 98.1	 65.7	0	    0
	    0
	    0
	    0
	    0
	    0
	    0
  611	    3	 23.4	 23.3	 15.7	  3.8	 99.3	 68.1	0	    0
	    0
	    0
	    0
	    0
	    0
	    0
	    0
	    0
	    0
  621	    3	 24.4	 23.9	 16.2	  3.9	 68.1	 94.8	0	    0
	    0
	    0
	    0
	    0
	    0
	    0
	    0
	    0
	    0
	    0
	    0
	    0
	    0
	    0
	    0
	    0
	    0
	    0
	    0
	    0
	    0
	    0
	    0
	    0
	    0
	    0
  648	    5	 24.1	 17.7	  8.8	  7.3	 67.8	  7.5	0	    0
	    0
	    0
  651	    3	 23.6	 24.1	 16.5	  3.8	 46.3	 40.4	1	    0
	    0
	    0
	    0
	    0
	    0
	    0
	    0
  659	    3	 24.0	 24.4	 16.7	  3.9	 28.3	 18.3	0	    0
	    0
  661	    3	 21.4	 22.9	 15.7	  3.6	 57.0	 10.7	0	    0
	    0
	    0
	    0
	    0
  666	    3	 25.7	 24.8	 16.9	  4.1	 29.5	 50.5	0	    0
	    0
	    0
	    0
	    0
  671	    5	 28.2	 18.8	  9.3	  8.1	 32.8	 55.7	0	    0
	    0
	    0
	    0
	    0
  676	    5	 26.6	 18.6	  9.2	  7.7	 57.0	 91.0	0	    0
	    0
	    0
	    0
	    0
	    0
	    0
  683	    3	 25.9	 25.0	 17.0	  4.1	  6.1	 55.6	0	    0
	    0
  685	    5	 26.4	 18.2	  9.0	  7.8	 16.7	 75.0	0	    0
	    0
	    0
	    0
	    0
	    0
	    0
	    0
  693	    5	 28.4	 19.1	  9.5	  8.1	 51.9	 71.2	0	    0
	    0
	    0
	    0
	    0
	    0
	    0
	    0
	    0
	    0
	    0
	    0
	    0
	    0
  707	    3	 24.5	 24.5	 16.8	  3.9	  5.4	 99.5	0	    0
	    0
	    0
	    0
	    0
	    0
	    0
	    0
	    0
	    0
	    0
	    0
	    0
	    0
	    0
  722	    3	 24.3	 24.3	 16.6	  3.9	 11.4	 49.5	0	    0
	    0
	    0
  725	    5	 27.8	 19.2	  9.5	  7.9	 19.6	 50.8	0	    0
	    0
	    0
	    0
  729	    3	 21.4	 23.0	 15.8	  3.6	 35.8	 37.5	0	    0
	    0
	    0
  732	    3	 22.6	 23.2	 15.8	  3.7	 90.5	 28.6	0	    0
	    0
	    0
	    0
	    0
	    0
	    0
  739	    3	 21.9	 23.1	 15.8	  3.6	  6.0	 33.7	0	    0
	    0
	    0
	    0
	    0
	    0
	    0
  746	    3	 24.3	 24.3	 16.6	  3.9	 90.7	  9.5	0	    0
	    0
	    0
	    0
	    0
	    0
	    0
  753	    3	 19.9	 22.4	 15.5	  3.4	 47.1	 60.5	1	    0
	    0
	    0
	    0
	    0
	    0
	    0
	    0
	    0
	    0
	    0
  764	    5	 28.2	 19.0	  9.5	  8.0	 59.7	 86.1	0	    0
	    0
	    0
	    0
	    0
  769	    3	 21.6	 23.3	 16.1	  3.6	 26.6	 82.2	0	    0
	    0
	    0
	    0
	    0
  774	    5	 26.7	 18.6	  9.2	  7.8	 89.2	 20.2	0	    0
	    0
  776	    5	 29.5	 18.6	  9.2	  8.4	 76.0	 12.1	0	    0
	    0
	    0
	    0
	    0
	    0
	    0
	    0
	    0
	    0
	    0
	    0
	    0
	    0
  790	    5	 32.5	 19.8	  9.8	  8.8	 52.4	 96.1	0	    0
	    0
	    0
	    0
	    0
  795	    5	 28.6	 18.8	  9.3	  8.2	 99.3	 39.6	0	    0
  796	    3	 21.5	 22.8	 15.6	  3.6	 73.7	 43.7	0	    0
  797	    3	 24.2	 24.3	 16.6	  3.9	 62.7	 21.7	0	    0
  798	    5	 27.5	 19.0	  9.4	  7.9	  7.5	 21.2	0	    0
  799	    5	 27.1	 18.5	  9.2	  7.9	 64.6	 54.0	0	    0
	    0
	    0
	    0
  803	    3	 24.6	 24.5	 16.8	  3.9	 84.0	 79.4	1	    0
	    0
	    0
	    0
	    0
  808	    3	 23.7	 23.7	 16.1	  3.9	 49.9	 52.7	0	    0
	    0
	    0
  811	    5	 28.6	 18.7	  9.3	  8.2	 23.5	 80.3	0	    0
	    0
	    0
	    0
	    0
	    0
	    0
	    0
	    0
	    0
	    0
	    0
	    0
	    0
	    0
  826	    5	 28.8	 19.0	  9.4	  8.2	 21.9	  8.0	0	    0
	    0
	    0
	    0
	    0
	    0
  832	    5	 28.0	 18.9	  9.4	  8.0	 58.3	 58.9	0	    0
	    0
	    0
  835	    3	 20.4	 22.7	 15.7	  3.5	 81.2	 45.8	0	    0
	    0
	    0
	    0
	    0
	    0
	    0
	    0
	    0
	    0
	    0
	    0
	    0
	    0
	    0
	    0
	    0
	    0
	    0
	    0
	    0
	    0
	    0
  858	    5	 31.1	 19.2	  9.5	  8.6	 77.3	  6.5	0	    0
	    0
  860	    3	 24.2	 23.8	 16.2	  3.9	 91.9	 44.1	0	    0
	    0
	    0
	    0
	    0
	    0
	    0
	    0
	    0
  869	    3	 22.3	 23.7	 16.4	  3.7	 81.5	 34.7	0	    0
	    0
  871	    3	 23.9	 23.8	 16.1	  3.9	 84.9	 62.5	0	    0
	    0
	    0
	    0
	    0
  876	    5	 27.0	 18.5	  9.2	  7.9	 20.9	 74.2	0	    0
	    0
  878	    3	 22.1	 23.1	 15.8	  3.7	 96.7	 36.6	0	    0
	    0
	    0
	    0
	    0
	    0
  884	    3	 23.1	 23.6	 16.1	  3.8	  7.4	 96.7	0	    0
  885	    3	 19.0	 22.1	 15.4	  3.3	 37.4	 17.7	1	    0
	    0
	    0
	    0
	    0
	    0
	    0
	    0
	    0
	    0
	    0
	    0
	    0
	    0
	    0
	    0
	    0
  902	    3	 24.0	 24.2	 16.6	  3.9	 19.2	 76.9	0	    0
  903	    3	 22.3	 23.3	 16.0	  3.7	 18.0	 85.5	0	    0
	    0
	    0
	    0
	    0
	    0
	    0
  910	    3	 22.9	 23.4	 15.9	  3.8	 48.7	 16.4	0	    0
	    0
	    0
  913	    5	 23.9	 17.7	  8.8	  7.3	 46.5	 29.2	0	    0
	    0
	    0
	    0
	    0
  918	    3	 20.7	 22.8	 15.7	  3.5	 58.4	 45.8	0	    0
	    0
	    0
  921	    5	 23.9	 18.0	  8.9	  7.2	 34.4	 14.9	0	    0
	    0
	    0
  924	    3	 23.2	 24.0	 16.5	  3.8	 67.9	 33.2	0	    0
	    0
	    0
	    0
	    0
	    0
	    0
  931	    3	 20.2	 22.5	 15.6	  3.4	 39.8	 28.1	0	    0
	    0
	    0
	    0
	    0
	    0
  937	    3	 22.5	 23.4	 16.0	  3.7	  0.7	 83.2	0	    0
	    0
	    0
	    0
	    0
	    0
	    0
	    0
	    0
	    0
	    0
	    0
	    0
	    0
	    0
	    0
  953	    5	 24.2	 18.1	  9.0	  7.3	 79.6	 38.5	0	    0
	    0
	    0
	    0
	    0
	    0
	    0
	    0
	    0
	    0
  963	    3	 22.9	 23.5	 16.0	  3.7	 97.5	 44.8	0	    0
	    0
	    0
	    0
  967	    5	 29.6	 19.0	  9.4	  8.3	 95.8	 30.6	0	    0
	    0
  969	    5	 25.5	 18.1	  8.9	  7.6	 26.3	 50.1	0	    0
	    0
	    0
	    0
	    0
	    0
	    0
	    0
	    0
  978	    5	 26.4	 18.5	  9.2	  7.7	 56.9	 18.3	0	    0
  979	    3	 22.5	 23.8	 16.4	  3.7	 57.6	 29.6	0	    0
  980	    5	 25.1	 18.6	  9.2	  7.4	 83.3	 43.8	1	    0
	    0
	    0
  983	    3	 22.5	 23.3	 15.9	  3.7	 93.4	 95.8	0	    0
	    0
  985	    3	 22.4	 23.6	 16.2	  3.7	 59.9	 56.5	1	    0
	    0
	    0
	    0
	    0
  990	    3	 24.3	 24.0	 16.3	  3.9	 13.0	 72.5	0	    0
	    0
	    0
	    0
	    0
	    0
	    0
	    0
	    0
	    0
	    0
	    0
	    0
	    0
	    0
 1005	    5	 29.5	 18.9	  9.4	  8.3	 32.9	 34.3	0	    0
	    0
	    0
	    0
	    0
	    0
	    0
	    0
	    0
	    0
 1015	    3	 21.6	 23.2	 16.0	  3.6	 36.5	 25.4	1	    0
	    0
	    0
	    0
	    0
	    0
 1021	    5	 29.1	 18.9	  9.4	  8.2	 92.5	 16.2	0	    0
	    0
	    0
	    0
	    0
	    0
	    0
	    0
	    0
	    0
	    0
	    0
	    0
	    0
	    0
	    0
	    0
	    0
	    0
	    0
	    0
	    0
	    0
 1044	    3	 21.4	 22.8	 15.6	  3.6	 92.0	 78.4	1	    0
	    0
	    0
	    0
	    0
 1049	    3	 22.6	 23.3	 15.9	  3.7	 81.9	 21.5	0	    0
	    0
	    0
	    0
	    0
	    0
	    0
	    0
	    0
	    0
	    0
	    0
	    0
	    0
 1063	    3	 22.9	 23.8	 16.4	  3.7	 16.4	 59.7	0	    0
	    0
	    0
	    0
 1067	    3	 20.1	 22.5	 15.5	  3.4	  2.6	 72.7	0	    0
	    0
	    0
	    0
	    0
	    0
 1073	    3	 23.5	 24.1	 16.6	  3.8	 12.6	 47.7	0	    0
	    0
	    0
	    0
	    0
	    0
	    0
	    0
	    0
 1082	    5	 29.7	 19.2	  9.5	  8.3	  4.2	 61.7	0	    0
	    0
	    0
	    0
 1086	    3	 21.4	 23.2	 16.0	  3.6	  5.6	 59.6	0	    0
	    0
	    0
	    0
	    0
	    0
	    0
	    0
 1094	    5	 27.4	 18.7	  9.3	  7.9	 23.8	 13.0	0	    0
 1095	    3	 20.5	 22.7	 15.7	  3.5	 13.9	 20.3	0	    0
	    0
 1097	    5	 23.8	 17.6	  8.7	  7.3	 84.7	 21.8	0	    0
	    0
 1099	    3	 24.5	 24.5	 16.8	  3.9	 97.3	 29.2	0	    0
	    0
	    0
	    0
	    0
	    0
	    0
	    0
	    0
	    0
	    0
	    0
	    0
	    0
	    0
	    0
 1115	    3	 23.6	 23.8	 16.2	  3.8	 64.5	 60.3	1	    0
	    0
	    0
	    0
	    0
	    0
	    0
	    0
 1123	    5	 26.7	 18.2	  9.0	  7.8	 22.6	 22.8	0	    0
	    0
	    0
	    0
	    0
	    0
	    0
	    0
	    0
 1132	    3	 22.8	 24.0	 16.5	  3.7	 62.3	 36.8	0	    0
 1133	    3	 19.2	 22.2	 15.5	  3.3	 92.4	 13.4	0	    0
	    0
	    0
	    0
	    0
	    0
 1139	    5	 28.5	 19.1	  9.5	  8.1	 27.8	  3.8	1	    0
	    0
	    0
	    0
	    0
 1144	    3	 24.6	 23.9	 16.2	  4.0	 50.7	 74.3	0	    0
	    0
	    0
	    0
	    0
	    0
	    0
	    0
	    0
	    0
	    0
	    0
 1156	    3	 23.6	 23.7	 16.1	  3.8	100.0	 31.6	0	    0
 1157	    5	 30.0	 19.1	  9.5	  8.4	 87.8	 93.1	0	    0
 1158	    5	 26.2	 18.7	  9.3	  7.6	 65.9	 67.2	0	    0
 1159	    3	 21.5	 22.8	 15.6	  3.6	 58.2	 10.6	0	    0
 1160	    3	 24.0	 24.2	 16.5	  3.9	 86.9	 63.7	0	    0
	    0
	    0
	    0
	    0
 1165	    3	 21.2	 22.9	 15.8	  3.5	 79.1	  2.0	0	    0
	    0
	    0
	    0
	    0
 1170	    3	 22.0	 23.5	 16.2	  3.6	 89.8	 82.2	0	    0
 1171	    3	 20.3	 22.7	 15.8	  3.4	 77.8	 17.7	1	    0
	    0
	    0
	    0
 1175	    3	 23.8	 24.3	 16.7	  3.8	 15.2	 86.1	0	    0
	    0
 1177	    3	 22.6	 23.4	 16.0	  3.7	 36.7	 90.9	0	    0
	    0
	    0
	    0
	    0
	    0
	    0
	    0
	    0
	    0
 1187	    3	 22.7	 23.2	 15.7	  3.7	  8.0	 81.3	0	    0
 1188	    3	 24.0	 23.7	 16.1	  3.9	 58.5	 88.3	0	    0
	    0
	    0
	    0
	    0
	    0
 1194	    5	 29.3	 19.0	  9.4	  8.3	 32.5	 72.4	0	    0
	    0
	    0
	    0
 1198	    3	 23.4	 23.4	 15.9	  3.8	 92.6	 21.6	0	    0
	    0
	    0
	    0
	    0
	    0
	    0
	    0
	    0
	    0
	    0
	    0
	    0
	    0
	    0
	    0
	    0
	    0
	    0
	    0
	    0
 1219	    5	 27.0	 18.8	  9.3	  7.8	 60.5	 97.7	0	    0
	    0
	    0
 1222	    5	 28.4	 18.8	  9.3	  8.1	  1.0	 89.5	1	    0
	    0
	    0
	    0
	    0
	    0
	    0
	    0
	    0
	    0
 1232	    3	 23.2	 24.2	 16.6	  3.8	 84.6	 20.5	0	    0
	    0
	    0
 1235	    3	 23.4	 23.5	 15.9	  3.8	  1.4	 67.3	0	    0
	    0
	    0
	    0
	    0
	    0
 1241	    5	 26.2	 18.8	  9.3	  7.6	 58.9	 76.9	0	    0
	    0
	    0
	    0
	    0
	    0
	    0
	    0
	    0
	    0
	    0
	    0
	    0
	    0
	    0
 1256	    3	 22.5	 23.1	 15.7	  3.7	 46.5	 79.1	0	    0
 1257	    3	 23.6	 23.6	 16.0	  3.8	 78.6	  6.6	0	    0
	    0
	    0
	    0
 1261	    3	 22.7	 23.9	 16.5	  3.7	 80.1	 24.6	0	    0
	    0
 1263	    5	 29.3	 19.2	  9.5	  8.2	 31.6	 96.1	0	    0
 1264	    5	 29.8	 18.9	  9.4	  8.4	 28.1	 74.2	0	    0
	    0
	    0
	    0
 1268	    3	 23.3	 23.9	 16.4	  3.8	 25.5	 39.7	0	    0
	    0
	    0
	    0
 1272	    3	 20.2	 22.7	 15.7	  3.4	 10.0	 31.7	1	    0
	    0
	    0
	    0
	    0
	    0
	    0
	    0
	    0
	    0
	    0
	    0
	    0
	    0
	    0
	    0
	    0
	    0
	    0
	    0
	    0
	    0
	    0
 1295	    3	 23.0	 23.5	 16.0	  3.8	 75.3	 75.8	0	    0
 1296	    3	 22.2	 23.4	 16.0	  3.7	 94.9	 69.0	0	    0
	    0
	    0
	    0
	    0
	    0
 1302	    3	 22.5	 23.9	 16.5	  3.7	 13.8	 98.7	1	    0
	    0
	    0
	    0
	    0
	    0
	    0
 1309	    3	 25.3	 24.7	 16.9	  4.0	 16.5	 32.1	0	    0
 1310	    5	 28.3	 19.1	  9.5	  8.0	 48.0	 13.9	0	    0
	    0
	    0
	    0
	    0
	    0
	    0
	    0
	    0
 1319	    3	 24.4	 24.6	 16.9	  3.9	 74.7	 42.7	0	    0
	    0
	    0
	    0
 1323	    3	 23.1	 23.4	 15.9	  3.8	 71.8	 26.7	0	    0
	    0
	    0
	    0
	    0
	    0
	    0
	    0
	    0
	    0
	    0
	    0
	    0
	    0
	    0
	    0
	    0
	    0
	    0
	    0
	    0
	    0
	    0
 1346	    3	 24.7	 24.2	 16.4	  4.0	  8.7	  9.5	0	    0
	    0
	    0
	    0
 1350	    3	 21.7	 23.0	 15.8	  3.6	 82.2	 41.7	0	    0
 1351	    5	 27.1	 18.8	  9.3	  7.8	 59.1	 28.8	0	    0
	    0
 1353	    5	 28.4	 18.8	  9.3	  8.1	 41.5	 84.1	0	    0
 1354	    3	 22.6	 23.3	 15.9	  3.7	 22.7	 36.8	0	    0
	    0
	    0
	    0
	    0
	    0
	    0
 1361	    3	 24.2	 23.8	 16.1	  3.9	 55.1	 92.1	0	    0
	    0
	    0
 1364	    3	 25.0	 24.0	 16.2	  4.0	 74.7	  4.0	0	    0
	    0
	    0
	    0
	    0
	    0
 1370	    3	 22.6	 23.2	 15.8	  3.7	 10.8	 85.2	0	    0
	    0
	    0
	    0
 1374	    5	 26.1	 18.5	  9.2	  7.6	 62.7	 84.5	0	    0
	    0
	    0
	    0
	    0
	    0
	    0
 1381	    3	 22.4	 23.4	 16.0	  3.7	 43.5	 88.2	0	    0
	    0
	    0
	    0
	    0
	    0
	    0
	    0
	    0
	    0
	    0
	    0
	    0
	    0
	    0
	    0
	    0
	    0
	    0
 1400	    3	 22.9	 23.3	 15.8	  3.8	 30.6	 48.9	1	    0
	    0
	    0
	    0
 1404	    5	 27.8	 18.5	  9.2	  8.0	 15.0	 64.9	0	    0
	    0
	    0
	    0
	    0
	    0
	    0
	    0
	    0
	    0
	    0
 1415	    3	 24.3	 23.9	 16.2	  3.9	 79.7	 87.1	0	    0
	    0
	    0
	    0
	    0
	    0
	    0
	    0
	    0
 1424	    3	 24.2	 23.6	 15.9	  3.9	 89.4	 41.4	0	    0
	    0
 1426	    5	 27.4	 18.5	  9.2	  7.9	 28.8	 50.2	0	    0
	    0
	    0
	    0
	    0
	    0
	    0
 1433	    5	 29.5	 19.2	  9.5	  8.3	 44.0	 89.3	1	    0
	    0
	    0
	    0
	    0
	    0
	    0
 1440	    5	 30.3	 19.5	  9.7	  8.4	 96.3	 59.7	0	    0
	    0
	    0
	    0
	    0
 1445	    5	 25.9	 18.5	  9.2	  7.6	 74.4	 76.7	0	    0
	    0
	    0
	    0
	    0
	    0
	    0
 1452	    5	 31.8	 19.6	  9.8	  8.7	  6.7	 90.2	0	    0
	    0
	    0
	    0
 1456	    3	 22.5	 23.9	 16.5	  3.7	 65.5	 45.6	0	    0
	    0
	    0
	    0
	    0
	    0
	    0
	    0
	    0
	    0
	    0
	    0
	    0
	    0
	    0
	    0
	    0
 1473	    5	 29.8	 19.2	  9.5	  8.4	 98.6	 17.5	0	    0
	    0
	    0
	    0
	    0
	    0
	    0
	    0
	    0
	    0
	    0
	    0
	    0
	    0
 1487	    5	 27.0	 18.8	  9.3	  7.8	 61.4	 11.7	0	    0
	    0
 1489	    3	 23.3	 23.5	 16.0	  3.8	 73.2	 91.0	0	    0
	    0
	    0
	    0
	    0
 1494	    5	 31.0	 19.5	  9.7	  8.5	 71.6	 43.2	0	    0
	    0
	    0
	    0
	    0
	    0
	    0
	    0
	    0
 1503	    3	 20.6	 22.2	 15.1	  3.5	 98.5	 13.9	0	    0
	    0
	    0
 1506	    3	 22.7	 23.2	 15.8	  3.7	 38.6	 16.7	1	    0
	    0
	    0
	    0
	    0
	    0
 1512	    3	 19.4	 22.1	 15.3	  3.3	 90.1	 12.1	0	    0
	    0
 1514	    5	 25.9	 18.3	  9.1	  7.6	 48.5	 93.8	0	    0
	    0
	    0
	    0
	    0
 1519	    3	 23.5	 23.6	 16.0	  3.8	 72.6	 54.8	0	    0
	    0
	    0
	    0
	    0
	    0
	    0
 1526	    3	 23.9	 24.2	 16.6	  3.9	 82.9	 38.8	0	    0
	    0
	    0
	    0
	    0
	    0
	    0
	    0
	    0
	    0
	    0
	    0
	    0
	    0
	    0
	    0
 1542	    5	 26.3	 18.6	  9.2	  7.7	 90.8	 48.3	0	    0
	    0
	    0
	    0
	    0
	    0
	    0
	    0
	    0
	    0
	    0
	    0
 1554	    3	 21.3	 22.8	 15.6	  3.6	 91.7	 54.1	0	    0
	    0
	    0
	    0
	    0
	    0
	    0
 1561	    3	 21.0	 22.7	 15.6	  3.5	 14.5	 12.9	0	    0
	    0
 1563	    3	 22.0	 23.1	 15.8	  3.6	 92.8	 62.1	0	    0
 1564	    3	 22.5	 23.3	 15.9	  3.7	 31.5	 62.2	0	    0
	    0
 1566	    3	 24.3	 24.3	 16.6	  3.9	 90.5	 12.1	1	    0
	    0
	    0
	    0
	    0
	    0
	    0
	    0
 1574	    3	 23.4	 24.0	 16.4	  3.8	 82.0	 90.0	0	    0
	    0
	    0
	    0
 1578	    3	 22.7	 23.6	 16.1	  3.7	 66.0	 77.1	0	    0
	    0
	    0
	    0
	    0
	    0
	    0
 1585	    3	 22.2	 23.5	 16.2	  3.7	 15.6	 51.7	1	    0
	    0
	    0
	    0
	    0
	    0
	    0
	    0
	    0
	    0
	    0
	    0
	    0
	    0
	    0
	    0
	    0
	    0
	    0
	    0
	    0
	    0
 1607	    3	 22.8	 23.7	 16.3	  3.7	 72.5	 67.3	0	    0
	    0
 1609	    3	 23.0	 23.4	 16.0	  3.8	 93.2	 73.0	0	    0
	    0
	    0
	    0
	    0
	    0
	    0
	    0
	    0
	    0
	    0
	    0
	    0
	    0
	    0
	    0
	    0
	    0
 1627	    5	 25.4	 18.4	  9.1	  7.5	 83.0	 25.3	0	    0
	    0
	    0
	    0
	    0
	    0
	    0
	    0
 1635	    3	 23.6	 24.0	 16.5	  3.8	 81.2	 81.6	0	    0
	    0
	    0
	    0
	    0
	    0
	    0
	    0
	    0
	    0
	    0
	    0
	    0
	    0
	    0
 1650	    3	 19.5	 22.2	 15.4	  3.3	 14.8	 13.8	0	    0
	    0
	    0
	    0
	    0
	    0
	    0
	    0
	    0
 1659	    3	 21.4	 23.6	 16.4	  3.5	 46.0	 95.7	1	    0
	    0
	    0
	    0
 1663	    3	 21.3	 23.0	 15.8	  3.6	 68.1	 71.0	0	    0
	    0
 1665	    3	 24.4	 24.5	 16.8	  3.9	 74.8	 25.9	1	    0
	    0
	    0
	    0
	    0
	    0
	    0
 1672	    3	 21.2	 22.9	 15.7	  3.5	 48.6	 74.1	1	    0
	    0
	    0
	    0
	    0
	    0
 1678	    5	 28.5	 19.2	  9.5	  8.1	  3.5	 87.5	0	    0
	    0
	    0
	    0
	    0
	    0
	    0
	    0
	    0
	    0
 1688	    5	 27.8	 18.6	  9.2	  8.0	  4.1	 82.3	0	    0
	    0
	    0
	    0
	    0
	    0
	    0
	    0
	    0
	    0
	    0
 1699	    3	 22.1	 22.9	 15.6	  3.7	 88.7	 43.6	1	    0
	    0
 1701	    3	 22.8	 23.4	 15.9	  3.7	 13.3	 41.0	0	    0
	    0
	    0
	    0
	    0
	    0
	    0
	    0
 1709	    3	 22.3	 23.4	 16.1	  3.7	 30.0	 77.1	0	    0
 1710	    3	 21.7	 23.1	 15.8	  3.6	 49.8	 74.0	0	    0
	    0
 1712	    5	 26.7	 18.9	  9.4	  7.7	 56.8	 93.6	1	    0
	    0
	    0
	    0
	    0
 1717	    3	 21.9	 23.3	 16.0	  3.6	 10.7	 36.7	0	    0
	    0
	    0
 1720	    5	 26.4	 18.1	  9.0	  7.8	 38.1	 18.7	0	    0
 1721	    5	 23.4	 17.9	  8.9	  7.1	 52.0	 14.7	0	    0
	    0
	    0
	    0
 1725	    3	 19.3	 22.5	 15.7	  3.3	 69.7	 88.6	0	    0
	    0
	    0
	    0
	    0
 1730	    3	 25.3	 24.0	 16.2	  4.0	 29.0	 70.1	0	    0
	    0
	    0
	    0
	    0
	    0
	    0
	    0
	    0
	    0
	    0
 1741	    3	 23.2	 23.9	 16.4	  3.8	 32.0	 91.4	0	    0
	    0
	    0
	    0
 1745	    3	 24.4	 24.2	 16.5	  3.9	 42.2	 19.9	0	    0
	    0
	    0
	    0
	    0
	    0
	    0
	    0
	    0
	    0
	    0
	    0
	    0
	    0
	    0
	    0
	    0
	    0
	    0
 1764	    3	 23.9	 24.0	 16.4	  3.9	 24.3	 98.5	0	    0
	    0
	    0
	    0
	    0
	    0
	    0
 1771	    3	 23.5	 24.1	 16.5	  3.8	 39.3	 74.9	0	    0
	    0
	    0
	    0
	    0
	    0
	    0
 1778	    5	 25.9	 18.4	  9.1	  7.6	 18.3	 69.1	1	    0
	    0
	    0
	    0
	    0
	    0
	    0
 1785	    5	 26.1	 18.4	  9.1	  7.7	 65.9	  1.1	0	    0
	    0
 1787	    3	 20.5	 22.8	 15.8	  3.5	 75.2	 10.6	0	    0
	    0
	    0
 1790	    5	 27.8	 18.8	  9.3	  8.0	 96.9	 86.4	0	    0
	    0
	    0
	    0
	    0
	    0
	    0
	    0
	    0
	    0
	    0
	    0
	    0
	    0
	    0
	    0
	    0
	    0
 1808	    3	 22.8	 23.9	 16.4	  3.7	 85.9	 27.7	0	    0
	    0
 1810	    5	 29.4	 18.8	  9.3	  8.3	 21.7	 89.6	0	    0
	    0
	    0
	    0
	    0
	    0
	    0
	    0
	    0
	    0
	    0
	    0
	    0
	    0
	    0
 1825	    3	 22.4	 23.3	 15.9	  3.7	 75.3	 89.0	1	    0
	    0
	    0
	    0
 1829	    3	 25.0	 24.6	 16.8	  4.0	 10.7	 39.4	0	    0
	    0
	    0
	    0
	    0
	    0
	    0
	    0
	    0
	    0
	    0
	    0
	    0
	    0
	    0
	    0
 1845	    3	 21.5	 22.9	 15.7	  3.6	 40.4	 29.2	0	    0
	    0
	    0
	    0
	    0
	    0
 1851	    5	 24.6	 18.2	  9.0	  7.4	 34.3	 94.0	0	    0
	    0
 1853	    5	 27.5	 18.7	  9.3	  7.9	 70.6	 15.2	1	    0
	    0
	    0
	    0
	    0
 1858	    3	 20.9	 22.4	 15.2	  3.5	 61.7	 14.1	0	    0
	    0
	    0
	    0
	    0
	    0
	    0
	    0
	    0
	    0
	    0
	    0
	    0
 1871	    3	 22.3	 23.0	 15.7	  3.7	 59.5	  3.9	0	    0
	    0
	    0
	    0
	    0
	    0
	    0
	    0
	    0
	    0
	    0
 1882	    5	 24.2	 17.7	  8.8	  7.4	 54.3	 68.6	0	    0
	    0
	    0
	    0
	    0
	    0
	    0
	    0
	    0
	    0
	    0
	    0
	    0
	    0
	    0
	    0
	    0
 1899	    3	 22.2	 23.2	 15.9	  3.7	 48.9	 47.3	0	    0
 1900	    3	 21.4	 22.9	 15.7	  3.6	 17.2	 99.0	1	    0
	    0
 1902	    5	 29.9	 19.1	  9.5	  8.4	 54.6	 66.3	0	    0
	    0
 1904	    3	 21.6	 23.4	 16.1	  3.6	 91.7	 14.8	0	    0
 1905	    3	 22.4	 23.2	 15.8	  3.7	 39.0	 26.4	1	    0
	    0
	    0
	    0
	    0
 1910	    3	 23.1	 23.5	 16.0	  3.8	 42.1	 30.9	0	    0
	    0
	    0
	    0
	    0
	    0
	    0
	    0
	    0
	    0
	    0
	    0
	    0
 1923	    3	 22.0	 23.8	 16.5	  3.6	 79.3	 13.2	0	    0
	    0
	    0
 1926	    3	 22.1	 23.2	 15.9	  3.7	 28.3	 55.8	0	    0
	    0
	    0
	    0
	    0
	    0
	    0
 1933	    3	 23.8	 23.7	 16.1	  3.9	 70.7	 68.1	0	    0
	    0
	    0
 1936	    3	 22.9	 23.7	 16.2	  3.7	 82.0	  5.8	0	    0
	    0
	    0
	    0
	    0
	    0
	    0
	    0
	    0
 1945	    5	 28.8	 19.0	  9.4	  8.2	 14.3	 99.2	0	    0
	    0
	    0
	    0
	    0
	    0
	    0
	    0
	    0
	    0
	    0
	    0
	    0
	    0
	    0
	    0
	    0
	    0
 1963	    3	 25.4	 24.7	 16.8	  4.0	 60.4	 14.1	0	    0
	    0
	    0
	    0
	    0
	    0
	    0
	    0
	    0
	    0
	    0
	    0
	    0
	    0
	    0
 1978	    3	 24.4	 24.0	 16.3	  3.9	 87.9	 11.6	0	    0
	    0
 1980	    3	 21.6	 22.9	 15.7	  3.6	 87.1	 17.0	0	    0
	    0
	    0
	    0
	    0
	    0
	    0
	    0
	    0
	    0
 1990	    3	 22.0	 23.1	 15.8	  3.6	 89.3	 94.1	1	    0
	    0
	    0
	    0
	    0
	    0
	    0
	    0
	    0
	    0
	    0
 2001	    5	 26.4	 18.7	  9.3	  7.7	 10.5	 15.7	0	    0
	    0
	    0
	    0
	    0
	    0
	    0
	    0
	    0
	    0
	    0
	    0
	    0
	    0
	    0
 2016	    3	 23.5	 24.2	 16.7	  3.8	 16.0	 10.5	0	    0
	    0
	    0
	    0
	    0
	    0
	    0
	    0
	    0
	    0
	    0
 2027	    3	 22.0	 23.1	 15.8	  3.6	 35.7	 97.6	1	    0
 2028	    3	 22.9	 23.1	 15.7	  3.8	 95.3	 50.7	0	    0
	    0
	    0
 2031	    5	 29.7	 19.0	  9.5	  8.3	 73.2	 64.5	0	    0
	    0
	    0
 2034	    5	 29.0	 18.9	  9.4	  8.2	 86.4	 21.8	0	    0
	    0
	    0
	    0
	    0
	    0
 2040	    3	 21.1	 23.1	 15.9	  3.5	 53.1	 23.0	0	    0
	    0
	    0
	    0
	    0
	    0
 2046	    3	 22.5	 23.7	 16.3	  3.7	  3.6	 78.3	0	    0
	    0
	    0
	    0
	    0
	    0
	    0
	    0
	    0
	    0
 2056	    5	 23.4	 17.8	  8.8	  7.2	 88.1	 98.0	0	    0
	    0
 2058	    3	 21.2	 23.0	 15.9	  3.5	 97.4	 87.8	0	    0
	    0
	    0
	    0
	    0
	    0
	    0
	    0
 2066	    3	 24.3	 24.5	 16.8	  3.9	  0.5	 42.8	0	    0
	    0
	    0
	    0
	    0
	    0
	    0
	    0
	    0
	    0
 2076	    3	 22.1	 23.5	 16.2	  3.6	 72.9	 79.7	0	    0
	    0
	    0
	    0
	    0
 2081	    3	 25.2	 24.6	 16.7	  4.0	  5.2	 81.8	0	    0
	    0
	    0
	    0
	    0
	    0
	    0
	    0
 2089	    5	 25.8	 18.5	  9.2	  7.6	 91.4	 96.7	0	    0
	    0
	    0
	    0
	    0
	    0
	    0
 2096	    3	 23.8	 23.8	 16.2	  3.9	 78.6	 62.4	0	    0
 2097	    3	 24.5	 23.9	 16.2	  3.9	 23.4	 37.1	0	    0
	    0
	    0
	    0
	    0
 2102	    5	 25.4	 18.4	  9.2	  7.5	 80.7	  0.8	0	    0
	    0
 2104	    5	 30.6	 19.7	  9.8	  8.4	 69.9	 65.2	0	    0
 2105	    3	 22.6	 23.5	 16.1	  3.7	 19.9	  7.7	0	    0
	    0
	    0
	    0
	    0
	    0
 2111	    5	 25.2	 18.1	  9.0	  7.5	 88.6	 57.0	0	    0
	    0
	    0
	    0
	    0
 2116	    5	 26.0	 18.5	  9.2	  7.6	 24.3	 35.0	0	    0
 2117	    3	 21.0	 23.2	 16.0	  3.5	 78.0	 20.3	0	    0
	    0
 2119	    3	 23.3	 23.5	 15.9	  3.8	  8.2	 91.9	0	    0
	    0
	    0
	    0
	    0
 2124	    5	 27.8	 18.8	  9.3	  8.0	 97.0	  9.0	0	    0
	    0
 2126	    5	 27.8	 18.8	  9.4	  8.0	 51.6	 56.6	0	    0
	    0
 2128	    3	 22.0	 23.2	 15.9	  3.6	 79.3	 57.7	0	    0
	    0
	    0
	    0
	    0
	    0
	    0
	    0
	    0
	    0
	    0
	    0
	    0
	    0
	    0
	    0
	    0
	    0
	    0
	    0
 2148	    5	 27.6	 18.8	  9.3	  7.9	 60.6	 10.1	0	    0
	    0
	    0
	    0
	    0
 2153	    3	 22.4	 23.3	 15.9	  3.7	 40.2	 29.9	0	    0
	    0
	    0
	    0
	    0
	    0
	    0
	    0
	    0
	    0
	    0
	    0
	    0
	    0
	    0
 2168	    3	 23.5	 23.8	 16.2	  3.8	 65.9	 57.9	0	    0
	    0
	    0
	    0
	    0
	    0
	    0
	    0
 2176	    3	 26.3	 23.5	 15.6	  4.2	 68.7	 11.0	0	    0
	    0
	    0
	    0
 2180	    5	 27.3	 18.6	  9.2	  7.9	 40.1	 37.6	0	    0
 2181	    3	 21.1	 23.0	 15.8	  3.5	 49.3	 56.5	0	    0
	    0
	    0
	    0
	    0
	    0
	    0
	    0
	    0
	    0
	    0
	    0
	    0
	    0
	    0
	    0
	    0
	    0
	    0
 2200	    5	 27.1	 18.9	  9.4	  7.8	 55.8	  7.3	0	    0
	    0
	    0
	    0
 2204	    3	 23.5	 24.2	 16.7	  3.8	 97.8	 11.1	0	    0
	    0
	    0
	    0
 2208	    3	 22.8	 23.6	 16.2	  3.7	 28.1	 90.1	0	    0
	    0
	    0
	    0
	    0
	    0
	    0
	    0
	    0
	    0
	    0
	    0
 2220	    5	 29.8	 19.0	  9.4	  8.4	 13.4	 43.9	0	    0
 2221	    5	 31.0	 19.4	  9.7	  8.6	 69.2	 50.4	0	    0
	    0
	    0
	    0
	    0
	    0
 2227	    3	 23.0	 23.4	 15.9	  3.8	 41.5	 96.2	0	    0
 2228	    3	 21.5	 23.0	 15.8	  3.6	 92.6	 28.1	0	    0
	    0
 2230	    3	 23.7	 22.8	 15.2	  3.9	 89.2	 13.3	0	    0
	    0
	    0
	    0
	    0
 2235	    5	 28.3	 18.7	  9.3	  8.1	 12.2	  7.3	0	    0
 2236	    5	 26.6	 18.7	  9.3	  7.7	 83.3	 88.5	0	    0
	    0
	    0
	    0
	    0
	    0
 2242	    5	 30.3	 19.4	  9.6	  8.4	 29.0	 99.3	0	    0
 2243	    3	 24.9	 24.0	 16.2	  4.0	 54.8	  9.1	0	    0
	    0
	    0
	    0
	    0
	    0
	    0
	    0
	    0
 2252	    3	 24.3	 23.9	 16.2	  3.9	  2.2	 70.7	0	    0
	    0
	    0
	    0
	    0
	    0
	    0
	    0
	    0
	    0
	    0
 2263	    3	 22.4	 23.5	 16.2	  3.7	 90.2	 47.0	0	    0
	    0
	    0
	    0
	    0
	    0
 2269	    3	 24.7	 24.1	 16.3	  4.0	 91.1	 39.8	0	    0
	    0
	    0
	    0
 2273	    5	 29.2	 19.3	  9.6	  8.2	 26.2	 25.9	0	    0
	    0
 2275	    3	 20.6	 22.5	 15.4	  3.5	 93.6	  9.1	0	    0
	    0
	    0
	    0
	    0
	    0
	    0
	    0
	    0
	    0
	    0
	    0
	    0
	    0
	    0
	    0
	    0
	    0
	    0
	    0
	    0
 2296	    3	 23.0	 23.4	 15.9	  3.8	 63.9	 17.9	0	    0
	    0
	    0
 2299	    3	 21.4	 23.0	 15.8	  3.6	 74.8	 87.4	0	    0
	    0
	    0
	    0
	    0
	    0
	    0
	    0
	    0
	    0
 2309	    3	 22.4	 23.7	 16.4	  3.7	 29.7	 17.1	1	    0
	    0
	    0
	    0
	    0
 2314	    3	 25.3	 24.3	 16.5	  4.0	 53.9	 39.7	0	    0
	    0
	    0
	    0
	    0
 2319	    3	 20.9	 22.7	 15.6	  3.5	 28.3	  7.6	0	    0
 2320	    3	 24.4	 24.4	 16.7	  3.9	 34.9	 55.0	0	    0
	    0
	    0
	    0
	    0
	    0
	    0
 2327	    3	 21.1	 22.9	 15.7	  3.5	  0.9	  8.2	0	    0
 2328	    5	 24.2	 18.4	  9.1	  7.3	 30.5	 40.4	0	    0
	    0
 2330	    3	 22.4	 23.3	 15.9	  3.7	 77.7	 90.8	0	    0
	    0
	    0
 2333	    3	 21.0	 22.8	 15.6	  3.5	 27.5	 69.6	0	    0
	    0
	    0
	    0
	    0
	    0
	    0
 2340	    3	 22.5	 23.4	 16.0	  3.7	  9.7	 78.2	0	    0
 2341	    5	 27.3	 18.9	  9.4	  7.9	 24.5	 74.7	0	    0
 2342	    5	 28.8	 19.0	  9.4	  8.2	 58.5	 53.2	0	    0
	    0
 2344	    5	 24.8	 18.0	  8.9	  7.4	 34.0	 86.5	0	    0
	    0
 2346	    5	 28.9	 19.1	  9.5	  8.2	 28.3	 66.4	0	    0
 2347	    3	 23.9	 23.9	 16.2	  3.9	 25.5	 87.5	0	    0
	    0
 2349	    5	 27.4	 19.0	  9.4	  7.9	 15.8	  1.8	0	    0
 2350	    5	 27.8	 18.8	  9.3	  8.0	 54.0	 46.5	0	    0
	    0
	    0
	    0
	    0
 2355	    3	 24.7	 24.1	 16.3	  4.0	 37.0	 82.8	0	    0
	    0
	    0
	    0
	    0
	    0
	    0
	    0
	    0
	    0
 2365	    3	 21.3	 23.2	 16.0	  3.5	 95.6	 85.3	0	    0
	    0
	    0
 2368	    3	 24.7	 24.6	 16.8	  3.9	 71.9	 90.8	0	    0
	    0
	    0
	    0
	    0
	    0
	    0
	    0
	    0
	    0
	    0
	    0
 2380	    5	 26.5	 18.7	  9.3	  7.7	 19.8	 46.1	0	    0
	    0
	    0
	    0
	    0
	    0
	    0
	    0
	    0
	    0
	    0
	    0
	    0
	    0
	    0
	    0
	    0
	    0
 2398	    3	 23.4	 24.0	 16.4	  3.8	 54.4	 89.1	0	    0
	    0
	    0
	    0
	    0
	    0
 2404	    5	 27.4	 19.0	  9.4	  7.9	 94.5	 85.9	0	    0
	    0
	    0
	    0
	    0
	    0
	    0
	    0
	    0
	    0
	    0
	    0
	    0
	    0
	    0
	    0
 2420	    5	 26.4	 18.2	  9.0	  7.8	 33.7	 41.4	0	    0
	    0
	    0
	    0
 2424	    3	 24.2	 23.7	 16.0	  3.9	  5.9	 71.1	0	    0
 2425	    3	 26.6	 24.3	 16.3	  4.2	 95.6	 74.0	0	    0
	    0
	    0
	    0
 2429	    3	 21.6	 23.0	 15.7	  3.6	 16.7	 96.8	0	    0
	    0
	    0
	    0
	    0
 2434	    3	 21.8	 23.1	 15.8	  3.6	  1.7	 23.8	0	    0
 2435	    5	 25.1	 18.4	  9.1	  7.4	 89.9	 30.5	0	    0
	    0
	    0
	    0
	    0
 2440	    3	 21.6	 23.5	 16.2	  3.6	 34.2	 23.5	0	    0
	    0
	    0
 2443	    5	 29.1	 19.1	  9.5	  8.2	 65.6	  7.5	0	    0
	    0
	    0
	    0
	    0
	    0
	    0
	    0
	    0
	    0
	    0
 2454	    3	 24.1	 24.4	 16.8	  3.9	 81.2	 71.7	0	    0
	    0
	    0
	    0
	    0
	    0
	    0
	    0
	    0
	    0
	    0
	    0
	    0
	    0
	    0
	    0
	    0
	    0
	    0
	    0
 2474	    5	 26.7	 18.1	  8.9	  7.8	 77.8	 46.7	1	    0
	    0
	    0
 2477	    5	 32.6	 19.6	  9.8	  8.9	 82.4	 66.5	0	    0
	    0
	    0
	    0
	    0
	    0
	    0
	    0
	    0
	    0
	    0
 2488	    3	 21.8	 23.5	 16.2	  3.6	  6.6	 63.9	0	    0
	    0
	    0
	    0
	    0
	    0
	    0
	    0
	    0
	    0
 2498	    3	 23.6	 23.7	 16.1	  3.8	 97.6	 36.9	1	    0
	    0
	    0
	    0
	    0
 2503	    3	 22.0	 23.8	 16.5	  3.6	 99.7	 98.5	0	    0
	    0
	    0
	    0
	    0
 2508	    3	 23.7	 24.1	 16.5	  3.8	 77.1	 56.2	0	    0
	    0
	    0
	    0
	    0
	    0
	    0
	    0
	    0
	    0
	    0
	    0
	    0
	    0
	    0
	    0
	    0
	    0
	    0
	    0
	    0
	    0
	    0
	    0
 2532	    3	 23.6	 24.2	 16.6	  3.8	 92.3	 76.8	0	    0
	    0
 2534	    3	 21.9	 23.1	 15.8	  3.6	 66.0	 36.0	0	    0
	    0
	    0
	    0
	    0
	    0
	    0
	    0
	    0
	    0
	    0
	    0
	    0
	    0
	    0
 2549	    3	 24.9	 24.5	 16.8	  4.0	 55.9	 16.7	0	    0
	    0
	    0
	    0
	    0
 2554	    5	 25.0	 18.1	  9.0	  7.5	 31.4	 22.3	0	    0
	    0
	    0
	    0
 2558	    5	 28.5	 19.1	  9.5	  8.1	 66.5	 82.2	0	    0
	    0
	    0
	    0
	    0
	    0
	    0
	    0
	    0
	    0
	    0
	    0
	    0
 2571	    5	 26.3	 18.2	  9.0	  7.7	 75.7	 16.9	0	    0
	    0
 2573	    3	 22.8	 24.0	 16.5	  3.7	 44.1	 13.8	0	    0
	    0
	    0
 2576	    3	 23.9	 24.3	 16.7	  3.8	 34.3	 15.8	0	    0
	    0
	    0
	    0
	    0
	    0
	    0
	    0
	    0
 2585	    5	 29.7	 19.3	  9.6	  8.3	 38.5	 65.9	0	    0
	    0
	    0
 2588	    3	 20.9	 22.9	 15.8	  3.5	100.0	 49.2	0	    0
	    0
	    0
 2591	    3	 24.4	 23.1	 15.4	  4.0	 41.3	 35.0	0	    0
	    0
	    0
	    0
	    0
	    0
	    0
	    0
 2599	    5	 29.6	 19.1	  9.5	  8.3	 28.9	 44.5	0	    0
	    0
	    0
	    0
	    0
	    0
	    0
	    0
	    0
	    0
	    0
	    0
	    0
	    0
	    0
	    0
	    0
	    0
	    0
	    0
	    0
	    0
	    0
	    0
	    0
	    0
 2625	    5	 27.8	 18.7	  9.3	  8.0	 39.1	 61.9	0	    0
	    0
	    0
	    0
 2629	    3	 21.5	 23.4	 16.2	  3.6	 39.5	 89.9	0	    0
	    0
 2631	    5	 25.7	 18.5	  9.2	  7.6	 60.1	 78.0	0	    0
	    0
	    0
	    0
 2635	    3	 22.5	 23.3	 15.9	  3.7	 96.0	 71.5	0	    0
 2636	    5	 26.0	 18.2	  9.0	  7.7	  2.7	  4.0	0	    0
	    0
	    0
	    0
	    0
	    0
	    0
	    0
	    0
	    0
 2646	    3	 22.9	 23.3	 15.9	  3.8	 91.5	 52.2	0	    0
	    0
	    0
	    0
	    0
	    0
	    0
	    0
	    0
 2655	    5	 26.3	 18.9	  9.4	  7.6	 61.2	 35.5	0	    0
 2656	    5	 30.1	 19.2	  9.6	  8.4	 21.0	 11.8	0	    0
	    0
	    0
	    0
	    0
	    0
	    0
	    0
	    0
 2665	    5	 26.6	 18.9	  9.4	  7.7	 87.9	 53.6	0	    0
	    0
	    0
	    0
	    0
	    0
	    0
	    0
 2673	    3	 23.2	 23.5	 15.9	  3.8	 87.2	 65.3	0	    0
	    0
 2675	    3	 21.5	 22.9	 15.6	  3.6	 57.6	 42.3	0	    0
	    0
	    0
	    0
	    0
	    0
 2681	    3	 23.8	 24.3	 16.7	  3.8	 56.1	 96.7	0	    0
	    0
	    0
	    0
	    0
	    0
	    0
 2688	    5	 30.2	 19.5	  9.7	  8.4	 35.1	 10.8	0	    0
 2689	    3	 24.5	 23.9	 16.2	  3.9	  4.2	 78.9	0	    0
	    0
	    0
	    0
	    0
	    0
 2695	    3	 21.0	 23.5	 16.4	  3.5	 72.7	 98.9	1	    0
 2696	    3	 22.7	 23.6	 16.2	  3.7	 41.2	 67.9	0	    0
	    0
	    0
	    0
	    0
 2701	    3	 22.9	 23.4	 16.0	  3.8	 34.6	 90.9	0	    0
	    0
	    0
	    0
	    0
	    0
	    0
	    0
	    0
	    0
	    0
 2712	    3	 22.2	 23.6	 16.3	  3.7	 18.7	 46.4	0	    0
	    0
	    0
 2715	    3	 21.1	 22.7	 15.5	  3.5	 93.9	 46.6	0	    0
	    0
 2717	    3	 21.9	 23.2	 15.9	  3.6	 53.5	 35.1	0	    0
 2718	    3	 24.0	 24.3	 16.6	  3.9	 47.8	 59.2	0	    0
	    0
	    0
	    0
	    0
	    0
	    0
	    0
	    0
	    0
	    0
	    0
 2730	    5	 30.3	 19.2	  9.5	  8.4	  6.3	 41.2	0	    0
	    0
	    0
	    0
	    0
 2735	    5	 23.8	 18.0	  8.9	  7.2	 36.0	 64.9	0	    0
	    0
	    0
	    0
	    0
	    0
	    0
	    0
	    0
 2744	    3	 24.4	 23.9	 16.2	  3.9	 78.3	 61.8	0	    0
 2745	    3	 20.6	 22.7	 15.7	  3.5	 60.5	 38.9	0	    0
	    0
	    0
	    0
	    0
	    0
	    0
	    0
	    0
	    0
 2755	    3	 24.2	 24.3	 16.7	  3.9	 84.4	 69.7	0	    0
	    0
 2757	    5	 31.2	 19.4	  9.7	  8.6	 20.7	 56.4	0	    0
	    0
	    0
	    0
	    0
 2762	    5	 27.1	 18.7	  9.3	  7.8	  8.6	 27.4	0	    0
 2763	    5	 29.1	 19.1	  9.5	  8.2	 32.0	 27.2	0	    0
	    0
	    0
	    0
	    0
	    0
	    0
	    0
	    0
	    0
	    0
	    0
	    0
	    0
	    0
	    0
	    0
	    0
 2781	    3	 20.9	 23.5	 16.4	  3.5	 33.7	 50.6	0	    0
	    0
	    0
	    0
	    0
	    0
	    0
	    0
	    0
	    0
	    0
	    0
 2793	    3	 22.3	 23.3	 15.9	  3.7	 75.6	 21.8	0	    0
	    0
	    0
 2796	    3	 25.4	 24.8	 16.9	  4.0	 56.9	 58.8	0	    0
	    0
	    0
	    0
	    0
	    0
	    0
	    0
	    0
	    0
 2806	    5	 31.5	 19.4	  9.6	  8.7	 15.0	 81.8	0	    0
 2807	    3	 20.9	 22.6	 15.5	  3.5	 10.7	 85.3	0	    0
	    0
	    0
	    0
	    0
	    0
 2813	    3	 22.5	 23.4	 16.0	  3.7	 55.2	 80.6	1	    0
	    0
	    0
	    0
	    0
 2818	    5	 32.0	 19.2	  9.5	  8.8	 45.1	  9.6	0	    0
	    0
	    0
	    0
	    0
	    0
	    0
	    0
	    0
	    0
	    0
	    0
	    0
	    0
	    0
	    0
	    0
	    0
 2836	    3	 24.6	 23.9	 16.2	  4.0	 69.1	 24.2	0	    0
	    0
	    0
	    0
	    0
	    0
	    0
	    0
 2844	    3	 21.7	 23.0	 15.8	  3.6	 16.7	 42.6	0	    0
	    0
	    0
	    0
	    0
	    0
	    0
	    0
	    0
	    0
	    0
	    0
 2856	    3	 21.9	 23.1	 15.8	  3.6	 67.5	 21.1	0	    0
 2857	    5	 25.6	 18.5	  9.2	  7.5	 96.7	 65.6	0	    0
	    0
	    0
	    0
 2861	    5	 27.0	 18.6	  9.2	  7.8	 40.9	 42.4	0	    0
	    0
	    0
	    0
	    0
	    0
	    0
	    0
	    0
	    0
	    0
	    0
	    0
	    0
	    0
	    0
	    0
	    0
 2879	    3	 21.6	 23.0	 15.8	  3.6	 74.9	 78.9	0	    0
	    0
	    0
	    0
	    0
 2884	    3	 20.2	 22.7	 15.7	  3.4	  4.3	 57.6	0	    0
	    0
	    0
	    0
	    0
 2889	    5	 29.7	 18.9	  9.4	  8.4	 36.1	 27.4	0	    0
	    0
 2891	    3	 23.7	 23.7	 16.1	  3.8	 91.3	 79.7	0	    0
	    0
	    0
	    0
	    0
 2896	    3	 24.0	 23.6	 16.0	  3.9	 56.7	 89.5	0	    0
	    0
	    0
	    0
	    0
	    0
 2902	    3	 23.6	 23.6	 16.0	  3.8	 20.2	 36.1	0	    0
	    0
	    0
	    0
	    0
	    0
	    0
 2909	    5	 29.3	 19.0	  9.5	  8.3	  8.1	 70.4	0	    0
	    0
	    0
	    0
	    0
	    0
	    0
 2916	    5	 29.1	 19.0	  9.4	  8.2	 86.7	 50.9	0	    0
	    0
	    0
	    0
	    0
	    0
	    0
	    0
	    0
	    0
	    0
	    0
	    0
	    0
 2930	    3	 24.4	 23.7	 16.0	  4.0	 54.6	 89.1	0	    0
	    0
	    0
	    0
	    0
 2935	    3	 24.2	 23.9	 16.2	  3.9	 46.7	 68.3	1	    0
 2936	    5	 27.9	 18.9	  9.4	  8.0	 89.9	 22.6	0	    0
 2937	    3	 24.4	 23.9	 16.2	  3.9	 28.9	 57.6	0	    0
	    0
 2939	    3	 23.5	 23.6	 16.1	  3.8	 55.8	 51.8	0	    0
	    0
	    0
	    0
	    0
	    0
	    0
	    0
	    0
	    0
	    0
	    0
	    0
	    0
	    0
	    0
	    0
 2956	    3	 23.7	 24.3	 16.6	  3.8	 63.3	 42.1	0	    0
	    0
	    0
	    0
	    0
	    0
	    0
 2963	    3	 24.5	 23.8	 16.1	  3.9	 76.6	  4.8	0	    0
	    0
	    0
	    0
	    0
	    0
	    0
 2970	    3	 22.3	 23.7	 16.3	  3.7	 50.0	 43.2	0	    0
	    0
	    0
	    0
	    0
	    0
	    0
	    0
	    0
	    0
	    0
 2981	    5	 29.7	 19.3	  9.6	  8.3	 34.2	 33.2	1	    0
	    0
	    0
	    0
	    0
	    0
	    0
 2988	    3	 23.8	 23.7	 16.1	  3.9	 97.8	 82.8	0	    0
	    0
	    0
	    0
	    0
	    0
	    0
	    0
	    0
	    0
	    0
	    0
	    0
	    0
	    0
	    0
	    0
	    0
	    0
	    0
	    0
	    0
	    0
 3011	    3	 21.4	 23.0	 15.8	  3.6	 88.7	 62.7	0	    0
	    0
	    0
	    0
	    0
	    0
	    0
	    0
	    0
	    0
	    0
	    0
	    0
	    0
	    0
	    0
	    0
 3028	    5	 25.7	 18.3	  9.1	  7.6	  1.4	 28.3	0	    0
	    0
	    0
	    0
	    0
	    0
	    0
	    0
	    0
	    0
 3038	    5	 25.8	 18.5	  9.2	  7.6	 60.8	 90.1	0	    0
 3039	    3	 24.5	 23.7	 15.9	  4.0	 39.3	 48.3	0	    0
	    0
	    0
	    0
 3043	    3	 21.0	 23.6	 16.5	  3.5	 74.1	 54.2	0	    0
	    0
	    0
	    0
	    0
	    0
	    0
	    0
	    0
 3052	    3	 21.5	 23.2	 16.0	  3.6	 37.1	 46.1	1	    0
	    0
	    0
	    0
 3056	    3	 21.7	 23.1	 15.9	  3.6	 29.5	  3.3	0	    0
 3057	    5	 29.6	 19.1	  9.5	  8.3	 17.6	  4.8	0	    0
	    0
	    0
	    0
	    0
	    0
	    0
	    0
	    0
	    0
	    0
	    0
	    0
	    0
 3071	    3	 23.0	 23.5	 16.0	  3.8	 84.3	  5.2	0	    0
 3072	    3	 23.9	 23.7	 16.0	  3.9	 89.0	 63.7	0	    0
	    0
	    0
	    0
	    0
 3077	    3	 20.9	 22.7	 15.6	  3.5	  1.4	  8.4	0	    0
	    0
	    0
	    0
 3081	    3	 21.7	 22.6	 15.3	  3.6	 57.6	 91.9	1	    0
	    0
	    0
	    0
	    0
	    0
	    0
	    0
	    0
 3090	    5	 25.0	 18.2	  9.0	  7.4	 98.2	 50.9	0	    0
	    0
 3092	    5	 26.2	 18.7	  9.3	  7.6	 67.3	 40.5	0	    0
 3093	    5	 28.9	 18.9	  9.4	  8.2	 20.9	 64.8	0	    0
 3094	    3	 23.7	 23.3	 15.7	  3.9	 17.1	 67.8	0	    0
	    0
	    0
	    0
	    0
	    0
	    0
 3101	    5	 27.6	 19.1	  9.5	  7.9	 87.2	 44.8	0	    0
	    0
	    0
	    0
	    0
	    0
	    0
	    0
	    0
	    0
	    0
	    0
	    0
	    0
	    0
	    0
	    0
 3118	    5	 26.2	 18.2	  9.0	  7.7	 36.9	 97.7	0	    0
 3119	    5	 27.5	 18.5	  9.2	  8.0	 12.4	 21.9	0	    0
	    0
	    0
	    0
	    0
	    0
	    0
	    0
	    0
	    0
	    0
	    0
	    0
	    0
	    0
	    0
	    0
	    0
	    0
	    0
	    0
	    0
	    0
 3142	    3	 19.9	 22.5	 15.6	  3.4	 66.0	 71.5	0	    0
	    0
	    0
	    0
	    0
	    0
	    0
 3149	    3	 23.0	 23.5	 16.0	  3.8	  0.0	 65.7	0	    0
	    0
	    0
	    0
	    0
	    0
	    0
	    0
 3157	    3	 24.0	 24.3	 16.6	  3.9	 48.5	 41.0	0	    0
	    0
	    0
	    0
	    0
	    0
	    0
 3164	    3	 21.5	 22.9	 15.7	  3.6	 38.4	 15.3	0	    0
	    0
	    0
	    0
 3168	    3	 21.1	 22.6	 15.5	  3.5	 75.1	 46.8	0	    0
	    0
	    0
	    0
	    0
	    0
	    0
 3175	    3	 24.0	 24.3	 16.7	  3.9	 85.3	 80.7	0	    0
 3176	    3	 24.2	 23.7	 16.0	  3.9	 24.7	  1.4	0	    0
	    0
	    0
	    0
	    0
	    0
	    0
	    0
	    0
 3185	    3	 23.5	 23.6	 16.0	  3.8	 82.6	 69.6	0	    0
	    0
	    0
	    0
 3189	    5	 30.4	 19.5	  9.7	  8.4	 70.5	  3.3	0	    0
	    0
	    0
	    0
	    0
	    0
	    0
 3196	    5	 29.4	 18.8	  9.3	  8.3	 66.0	 60.2	0	    0
	    0
	    0
	    0
	    0
	    0
 3202	    3	 24.7	 24.0	 16.3	  4.0	 11.9	  2.6	0	    0
	    0
	    0
	    0
	    0
	    0
	    0
	    0
	    0
	    0
	    0
	    0
	    0
	    0
 3216	    3	 23.6	 23.4	 15.8	  3.8	 83.9	 44.1	0	    0
	    0
	    0
	    0
 3220	    5	 32.9	 19.8	  9.9	  8.9	 56.1	 54.8	0	    0
	    0
	    0
 3223	    3	 24.4	 23.8	 16.1	  3.9	  8.8	 20.6	0	    0
 3224	    3	 24.8	 24.4	 16.7	  4.0	 41.2	  8.5	1	    0
	    0
	    0
	    0
	    0
	    0
	    0
	    0
	    0
	    0
	    0
	    0
	    0
 3237	    5	 27.1	 18.7	  9.3	  7.9	 90.0	 27.4	0	    0
 3238	    3	 22.1	 23.1	 15.8	  3.7	 65.6	 84.3	0	    0
	    0
	    0
	    0
	    0
 3243	    3	 21.3	 23.0	 15.9	  3.6	 46.8	 77.2	1	    0
	    0
	    0
 3246	    3	 23.0	 23.3	 15.8	  3.8	 78.3	 76.8	0	    0
	    0
	    0
	    0
	    0
	    0
 3252	    5	 32.6	 19.7	  9.8	  8.8	 48.5	 26.5	0	    0
	    0
	    0
	    0
	    0
	    0
	    0
 3259	    5	 23.9	 18.3	  9.1	  7.2	 11.6	 10.5	0	    0
 3260	    3	 22.9	 23.5	 16.0	  3.8	 86.1	 85.4	0	    0
	    0
	    0
	    0
	    0
	    0
	    0
	    0
	    0
 3269	    5	 30.7	 19.9	  9.9	  8.4	 87.0	 38.4	0	    0
	    0
	    0
	    0
 3273	    3	 23.2	 23.6	 16.0	  3.8	 35.6	  5.6	0	    0
	    0
	    0
	    0
	    0
	    0
	    0
	    0
	    0
	    0
 3283	    3	 21.4	 22.8	 15.6	  3.6	 90.2	 51.4	1	    0
	    0
	    0
	    0
	    0
	    0
	    0
 3290	    5	 26.8	 18.8	  9.4	  7.7	 49.2	 82.9	0	    0
	    0
	    0
 3293	    3	 23.1	 23.9	 16.4	  3.8	 13.3	 96.9	0	    0
 3294	    5	 24.5	 17.5	  8.6	  7.5	 17.1	 94.3	0	    0
 3295	    3	 23.0	 23.5	 16.1	  3.8	 24.0	 52.1	0	    0
	    0
	    0
	    0
 3299	    3	 22.6	 23.4	 16.0	  3.7	 96.8	 89.6	0	    0
	    0
	    0
	    0
	    0
	    0
	    0
 3306	    3	 22.9	 23.5	 16.1	  3.7	  0.8	  6.3	0	    0
	    0
	    0
	    0
	    0
 3311	    5	 28.0	 18.9	  9.4	  8.0	 31.9	  0.3	0	    0
	    0
	    0
	    0
 3315	    3	 23.3	 23.9	 16.4	  3.8	 73.6	 28.9	0	    0
	    0
	    0
 3318	    3	 21.8	 23.1	 15.9	  3.6	 83.1	 63.4	0	    0
	    0
	    0
	    0
	    0
	    0
 3324	    3	 23.6	 23.5	 15.9	  3.8	 30.9	 10.1	0	    0
 3325	    3	 22.2	 23.0	 15.7	  3.7	 32.8	 73.7	0	    0
	    0
	    0
	    0
	    0
	    0
	    0
	    0
	    0
 3334	    3	 21.8	 23.2	 15.9	  3.6	 73.3	 98.6	0	    0
	    0
	    0
	    0
	    0
	    0
	    0
	    0
	    0
	    0
	    0
	    0
 3346	    3	 19.3	 22.4	 15.6	  3.3	  9.7	 29.2	1	    0
	    0
 3348	    3	 23.4	 24.1	 16.5	  3.8	 43.9	 42.9	0	    0
	    0
	    0
	    0
	    0
	    0
 3354	    5	 27.4	 18.9	  9.4	  7.9	 51.7	 42.7	0	    0
	    0
	    0
	    0
	    0
	    0
	    0
	    0
 3362	    3	 22.2	 23.3	 15.9	  3.7	 29.0	 64.9	0	    0
 3363	    3	 23.2	 23.6	 16.1	  3.8	 52.0	 12.1	0	    0
	    0
	    0
	    0
	    0
	    0
	    0
	    0
	    0
	    0
	    0
	    0
	    0
	    0
 3377	    3	 23.0	 23.9	 16.4	  3.7	 52.9	 13.6	0	    0
	    0
	    0
	    0
	    0
	    0
	    0
	    0
	    0
	    0
	    0
 3388	    5	 27.4	 18.8	  9.3	  7.9	 80.4	 69.4	1	    0
	    0
	    0
	    0
	    0
	    0
	    0
	    0
	    0
	    0
 3398	    3	 25.2	 24.1	 16.3	  4.0	 90.8	 17.5	0	    0
	    0
	    0
	    0
	    0
	    0
	    0
	    0
	    0
	    0
	    0
	    0
 3410	    3	 20.4	 22.9	 15.9	  3.4	 62.4	  2.1	1	    0
	    0
	    0
	    0
	    0
	    0
 3416	    5	 31.7	 19.6	  9.8	  8.7	 23.0	 71.2	0	    0
	    0
	    0
	    0
	    0
	    0
	    0
 3423	    3	 22.2	 23.1	 15.8	  3.7	 72.5	  3.8	0	    0
 3424	    3	 21.1	 23.0	 15.9	  3.5	 19.8	 91.7	0	    0
	    0
 3426	    5	 27.8	 19.0	  9.4	  8.0	 37.9	 79.6	0	    0
	    0
	    0
	    0
	    0
	    0
 3432	    3	 22.8	 23.3	 15.8	  3.8	 11.6	 99.2	0	    0
	    0
	    0
	    0
	    0
 3437	    5	 26.9	 18.9	  9.4	  7.8	 27.6	 37.9	0	    0
 3438	    3	 21.7	 23.0	 15.7	  3.6	 27.0	 61.7	0	    0
	    0
	    0
 3441	    3	 22.5	 23.2	 15.8	  3.7	 11.8	 71.8	1	    0
 3442	    3	 25.2	 24.1	 16.3	  4.0	 37.9	 46.9	0	    0
	    0
	    0
	    0
	    0
	    0
	    0
	    0
	    0
 3451	    3	 24.5	 24.3	 16.6	  3.9	 21.0	  0.0	0	    0
	    0
	    0
	    0
	    0
	    0
	    0
 3458	    3	 21.6	 22.8	 15.5	  3.6	 36.0	 48.7	0	    0
	    0
	    0
	    0
 3462	    3	 23.3	 24.1	 16.6	  3.8	 45.4	 90.2	0	    0
	    0
	    0
	    0
	    0
	    0
	    0
	    0
	    0
	    0
	    0
	    0
	    0
	    0
	    0
	    0
	    0
	    0
	    0
	    0
 3482	    3	 24.3	 24.4	 16.7	  3.9	 82.7	 47.9	0	    0
	    0
 3484	    3	 22.0	 23.2	 15.8	  3.6	 87.8	 56.8	0	    0
	    0
	    0
	    0
	    0
	    0
	    0
	    0
	    0
	    0
	    0
	    0
 3496	    3	 22.2	 23.2	 15.9	  3.7	 26.7	 47.8	0	    0
	    0
	    0
 3499	    5	 28.4	 19.0	  9.4	  8.1	 43.2	 40.9	0	    0
 3500	    5	 30.0	 18.9	  9.4	  8.4	 33.5	  4.9	0	    0
	    0
	    0
 3503	    3	 24.7	 23.9	 16.2	  4.0	 91.2	 45.3	0	    0
	    0
	    0
	    0
	    0
	    0
	    0
	    0
	    0
	    0
	    0
	    0
	    0
	    0
	    0
 3518	    3	 23.1	 23.6	 16.1	  3.8	 48.7	 50.2	0	    0
 3519	    3	 23.8	 24.2	 16.5	  3.8	 16.1	 97.2	1	    0
	    0
	    0
	    0
	    0
	    0
	    0
	    0
	    0
	    0
	    0
 3530	    3	 24.2	 23.9	 16.2	  3.9	 98.1	 96.2	0	    0
	    0
	    0
	    0
	    0
 3535	    3	 23.3	 23.5	 16.0	  3.8	 30.7	 37.0	0	    0
	    0
	    0
	    0
 3539	    5	 25.9	 18.3	  9.1	  7.6	  5.7	 13.1	0	    0
	    0
	    0
	    0
	    0
	    0
	    0
	    0
	    0
	    0
	    0
	    0
	    0
	    0
	    0
	    0
	    0
	    0
	    0
	    0
	    0
	    0
	    0
	    0
 3563	    5	 29.3	 19.1	  9.5	  8.3	 13.5	  3.4	0	    0
	    0
	    0
	    0
	    0
	    0
	    0
	    0
	    0
 3572	    3	 21.0	 23.4	 16.3	  3.5	 85.9	 46.5	0	    0
	    0
	    0
	    0
	    0
 3577	    3	 25.7	 24.9	 17.1	  4.0	 22.4	 60.4	0	    0
	    0
	    0
	    0
	    0
	    0
	    0
 3584	    5	 27.9	 18.9	  9.4	  8.0	 53.7	 13.4	0	    0
 3585	    5	 29.1	 19.2	  9.6	  8.2	 79.7	 97.3	0	    0
	    0
	    0
	    0
	    0
	    0
	    0
	    0
 3593	    3	 20.8	 23.0	 16.0	  3.5	 17.0	 95.8	0	    0
	    0
	    0
	    0
 3597	    5	 29.9	 19.2	  9.6	  8.4	 52.3	 67.4	1	    0
	    0
	    0
	    0
	    0
	    0
	    0
	    0
	    0
	    0
 3607	    5	 31.3	 19.4	  9.6	  8.6	 55.5	 37.9	1	    0
	    0
	    0
 3610	    5	 27.9	 18.9	  9.4	  8.0	 53.5	 80.9	0	    0
 3611	    3	 23.9	 24.3	 16.7	  3.8	  3.4	 25.6	0	    0
	    0
	    0
 3614	    3	 21.5	 23.0	 15.8	  3.6	 18.5	 10.2	0	    0
	    0
	    0
	    0
	    0
 3619	    3	 24.4	 23.8	 16.1	  3.9	 60.0	  4.0	0	    0
	    0
	    0
	    0
	    0
	    0
	    0
	    0
	    0
	    0
	    0
 3630	    5	 29.4	 18.7	  9.3	  8.3	 35.3	 61.3	0	    0
	    0
	    0
	    0
	    0
	    0
	    0
	    0
	    0
 3639	    3	 22.9	 23.7	 16.3	  3.7	 98.7	 35.8	0	    0
	    0
 3641	    5	 23.8	 17.6	  8.7	  7.3	 41.6	 48.2	0	    0
	    0
	    0
	    0
	    0
	    0
	    0
	    0
 3649	    3	 23.5	 23.4	 15.8	  3.8	  6.7	 66.1	0	    0
	    0
	    0
	    0
 3653	    3	 23.9	 24.2	 16.6	  3.8	 56.6	 64.8	0	    0
	    0
	    0
	    0
	    0
 3658	    5	 30.9	 19.3	  9.6	  8.6	 99.9	 13.9	0	    0
 3659	    3	 21.7	 23.4	 16.1	  3.6	 61.8	 19.3	0	    0
 3660	    5	 27.5	 19.1	  9.5	  7.9	 37.0	 49.8	0	    0
	    0
	    0
	    0
	    0
	    0
	    0
 3667	    3	 24.4	 23.9	 16.2	  3.9	 27.8	 12.0	0	    0
	    0
	    0
	    0
	    0
	    0
	    0
	    0
	    0
	    0
	    0
	    0
	    0
	    0
	    0
	    0
	    0
	    0
	    0
	    0
	    0
 3688	    3	 22.8	 23.4	 15.9	  3.7	  4.7	 16.7	0	    0
	    0
	    0
	    0
 3692	    3	 23.6	 23.6	 16.0	  3.8	 10.6	 70.9	0	    0
	    0
	    0
 3695	    5	 28.7	 19.4	  9.6	  8.1	 36.0	 95.4	0	    0
	    0
	    0
	    0
	    0
	    0
 3701	    3	 21.5	 23.0	 15.8	  3.6	  1.1	  1.2	0	    0
	    0
	    0
	    0
	    0
	    0
	    0
	    0
	    0
	    0
	    0
	    0
	    0
	    0
	    0
	    0
	    0
	    0
	    0
	    0
 3721	    5	 27.3	 18.6	  9.2	  7.9	  6.8	 37.8	0	    0
	    0
	    0
 3724	    5	 27.5	 18.8	  9.3	  7.9	 63.5	 15.8	0	    0
	    0
	    0
	    0
 3728	    3	 23.2	 23.5	 16.0	  3.8	 34.8	 70.0	0	    0
	    0
	    0
	    0
	    0
	    0
 3734	    5	 24.9	 18.2	  9.0	  7.4	 83.1	  1.3	0	    0
	    0
	    0
	    0
 3738	    3	 24.0	 24.3	 16.7	  3.9	 15.6	 56.6	0	    0
	    0
	    0
	    0
 3742	    5	 26.5	 18.5	  9.2	  7.7	 53.0	 44.2	0	    0
	    0
	    0
	    0
	    0
	    0
	    0
	    0
	    0
	    0
	    0
	    0
	    0
	    0
	    0
	    0
	    0
	    0
 3760	    3	 23.0	 23.5	 16.0	  3.8	 62.9	 89.1	0	    0
	    0
	    0
	    0
	    0
	    0
	    0
	    0
	    0
	    0
 3770	    3	 23.7	 23.7	 16.1	  3.8	 27.6	 30.0	0	    0
 3771	    5	 26.6	 18.8	  9.3	  7.7	 15.9	 52.0	0	    0
	    0
	    0
	    0
 3775	    3	 22.4	 23.2	 15.8	  3.7	 32.4	 64.0	0	    0
	    0
 3777	    3	 24.0	 24.4	 16.7	  3.9	 66.8	 61.4	0	    0
	    0
 3779	    3	 25.0	 24.8	 17.0	  4.0	 43.9	 38.1	1	    0
	    0
	    0
	    0
	    0
 3784	    3	 22.0	 23.0	 15.7	  3.6	 96.7	 56.6	0	    0
	    0
	    0
	    0
	    0
	    0
 3790	    3	 19.6	 22.4	 15.6	  3.3	 26.4	 21.1	1	    0
	    0
	    0
	    0
	    0
 3795	    3	 23.1	 23.8	 16.3	  3.8	 38.1	 96.9	1	    0
	    0
	    0
	    0
	    0
	    0
	    0
	    0
	    0
	    0
	    0
	    0
	    0
	    0
	    0
	    0
	    0
	    0
	    0
	    0
	    0
	    0
	    0
	    0
	    0
	    0
 3821	    3	 23.9	 23.7	 16.0	  3.9	 44.8	 79.5	0	    0
	    0
	    0
	    0
	    0
	    0
	    0
	    0
	    0
	    0
	    0
 3832	    5	 25.9	 18.7	  9.3	  7.6	 65.8	 39.3	0	    0
	    0
	    0
	    0
	    0
	    0
 3838	    3	 22.1	 23.2	 15.8	  3.7	 24.3	 84.0	0	    0
	    0
	    0
	    0
	    0
	    0
	    0
	    0
	    0
 3847	    5	 25.0	 17.9	  8.8	  7.5	  4.4	 93.3	0	    0
	    0
	    0
	    0
	    0
	    0
	    0
	    0
	    0
	    0
	    0
	    0
	    0
	    0
	    0
	    0
	    0
	    0
	    0
	    0
	    0
	    0
	    0
	    0
	    0
	    0
	    0
 3874	    5	 27.0	 18.6	  9.2	  7.8	 17.2	 73.3	1	    0
 3875	    3	 25.3	 24.2	 16.4	  4.0	 86.2	 75.5	0	    0
	    0
	    0
	    0
 3879	    5	 26.5	 18.6	  9.2	  7.7	 86.7	 43.4	0	    0
	    0
	    0
	    0
	    0
	    0
	    0
	    0
 3887	    5	 29.8	 19.0	  9.4	  8.4	  3.1	 51.9	0	    0
	    0
	    0
	    0
	    0
	    0
	    0
	    0
	    0
	    0
	    0
	    0
	    0
	    0
	    0
	    0
	    0
	    0
 3905	    3	 22.0	 23.2	 15.9	  3.6	 64.5	  4.5	1	    0
	    0
	    0
	    0
	    0
	    0
 3911	    3	 22.6	 23.9	 16.5	  3.7	 99.7	 87.9	0	    0
	    0
 3913	    3	 19.2	 22.2	 15.4	  3.3	  0.5	 83.5	0	    0
	    0
 3915	    3	 22.8	 23.7	 16.2	  3.7	  3.5	  9.3	0	    0
	    0
	    0
	    0
	    0
	    0
	    0
 3922	    5	 30.5	 19.3	  9.6	  8.5	  8.8	 60.8	0	    0
	    0
	    0
	    0
	    0
	    0
 3928	    3	 22.0	 23.2	 15.9	  3.6	 44.0	  5.4	0	    0
	    0
 3930	    3	 22.9	 24.0	 16.5	  3.7	 77.4	 83.5	0	    0
 3931	    3	 23.5	 23.6	 16.1	  3.8	 61.3	 29.3	0	    0
	    0
	    0
	    0
	    0
	    0
	    0
	    0
	    0
	    0
	    0
	    0
 3943	    3	 22.7	 23.4	 16.0	  3.7	 12.1	 81.1	0	    0
	    0
	    0
 3946	    5	 28.6	 18.6	  9.2	  8.2	 45.9	 77.7	0	    0
	    0
 3948	    5	 30.4	 19.6	  9.8	  8.4	 46.4	 47.5	0	    0
	    0
	    0
	    0
	    0
	    0
	    0
	    0
	    0
	    0
	    0
	    0
	    0
	    0
	    0
	    0
 3964	    3	 23.9	 23.7	 16.1	  3.9	 34.6	 17.1	0	    0
	    0
	    0
	    0
	    0
	    0
	    0
	    0
	    0
	    0
 3974	    3	 22.8	 23.4	 15.9	  3.7	 83.9	 25.6	0	    0
	    0
	    0
	    0
	    0
 3979	    5	 27.8	 19.2	  9.6	  7.9	 24.1	 44.8	0	    0
	    0
	    0
	    0
	    0
	    0
	    0
 3986	    3	 21.7	 22.5	 15.3	  3.6	 12.8	  3.6	1	    0
	    0
	    0
 3989	    5	 28.6	 19.1	  9.5	  8.1	 37.5	  6.8	0	    0
	    0
	    0
	    0
	    0
	    0
	    0
	    0
 3997	    5	 28.5	 19.3	  9.6	  8.0	 40.2	 21.7	0	    0
	    0
	    0
	    0
	    0
	    0
	    0
	    0
	    0
	    0
	    0
	    0
 4009	    3	 22.3	 23.2	 15.8	  3.7	 76.4	 81.2	1	    0
	    0
	    0
	    0
	    0
	    0
	    0
	    0
	    0
	    0
 4019	    3	 23.5	 23.6	 16.0	  3.8	  3.5	 99.0	1	    0
	    0
	    0
	    0
	    0
	    0
	    0
 4026	    5	 27.9	 18.6	  9.2	  8.0	 52.2	 49.7	0	    0
	    0
	    0
	    0
	    0
 4031	    3	 23.5	 23.7	 16.1	  3.8	 96.3	 63.6	0	    0
	    0
	    0
	    0
	    0
	    0
 4037	    3	 22.5	 23.2	 15.8	  3.7	 91.9	 38.3	0	    0
	    0
 4039	    3	 20.5	 22.8	 15.8	  3.5	 70.1	 52.9	1	    0
 4040	    3	 23.2	 23.3	 15.8	  3.8	 73.7	  3.3	0	    0
 4041	    3	 21.6	 22.8	 15.6	  3.6	 25.3	 98.7	0	    0
	    0
 4043	    5	 28.2	 18.9	  9.4	  8.1	  7.8	 56.7	0	    0
	    0
	    0
	    0
	    0
	    0
	    0
	    0
	    0
	    0
	    0
	    0
	    0
 4056	    3	 22.7	 23.3	 15.9	  3.7	 39.3	 78.1	1	    0
 4057	    3	 20.6	 22.8	 15.8	  3.5	 92.8	 71.3	0	    0
	    0
	    0
 4060	    3	 23.5	 23.7	 16.1	  3.8	 12.6	 80.8	0	    0
	    0
 4062	    3	 24.7	 24.5	 16.8	  3.9	 79.7	 36.1	0	    0
 4063	    3	 25.6	 24.8	 16.9	  4.0	 31.2	 46.1	0	    0
 4064	    3	 24.2	 23.8	 16.2	  3.9	 13.7	 16.4	0	    0
 4065	    5	 27.5	 19.0	  9.4	  7.9	 11.7	 73.2	0	    0
	    0
	    0
	    0
	    0
	    0
	    0
	    0
	    0
 4074	    3	 22.4	 23.3	 15.9	  3.7	 94.7	 32.1	0	    0
	    0
	    0
	    0
	    0
	    0
	    0
	    0
	    0
	    0
 4084	    5	 27.3	 18.7	  9.3	  7.9	 98.3	  3.1	0	    0
	    0
	    0
	    0
	    0
	    0
	    0
 4091	    5	 29.4	 19.1	  9.5	  8.3	 31.5	 81.3	0	    0
 4092	    5	 27.7	 18.9	  9.4	  7.9	 37.5	 99.2	0	    0
	    0
 4094	    3	 22.9	 24.1	 16.7	  3.7	  0.7	 76.6	0	    0
	    0
 4096	    3	 21.8	 23.1	 15.9	  3.6	  2.0	 99.2	1	    0
	    0
	    0
	    0
 4100	    5	 30.3	 19.4	  9.7	  8.4	 13.8	 48.6	0	    0
	    0
	    0
	    0
	    0
 4105	    3	 22.9	 23.9	 16.4	  3.7	 35.8	 66.2	0	    0
	    0
	    0
	    0
 4109	    3	 24.4	 23.8	 16.1	  3.9	 31.8	 64.8	0	    0
	    0
 4111	    3	 22.7	 23.4	 16.0	  3.7	 60.7	 64.5	0	    0
 4112	    3	 23.6	 23.5	 15.9	  3.8	 23.8	 58.1	0	    0
	    0
	    0
	    0
	    0
 4117	    3	 22.7	 23.3	 15.8	  3.7	 39.6	  5.3	0	    0
	    0
	    0
 4120	    5	 28.5	 19.1	  9.5	  8.1	 46.6	 58.7	0	    0
	    0
 4122	    3	 22.1	 23.1	 15.8	  3.7	 67.4	 35.2	0	    0
	    0
	    0
	    0
	    0
	    0
	    0
	    0
	    0
 4131	    3	 22.7	 23.7	 16.2	  3.7	 47.5	 85.7	0	    0
 4132	    5	 25.8	 18.2	  9.0	  7.6	 96.1	 27.7	0	    0
	    0
	    0
	    0
	    0
	    0
	    0
	    0
	    0
	    0
	    0
	    0
 4144	    5	 27.5	 19.2	  9.5	  7.9	 63.1	 12.8	0	    0
 4145	    3	 22.6	 23.5	 16.0	  3.7	  9.0	 40.8	0	    0
	    0
	    0
	    0
 4149	    3	 21.8	 23.0	 15.7	  3.6	 14.2	 17.8	0	    0
 4150	    3	 22.3	 23.2	 15.8	  3.7	 64.2	  5.0	1	    0
	    0
	    0
	    0
	    0
	    0
	    0
	    0
 4158	    3	 21.7	 23.6	 16.4	  3.6	 66.5	 45.2	0	    0
	    0
	    0
	    0
	    0
	    0
	    0
	    0
	    0
	    0
	    0
 4169	    3	 22.9	 23.4	 15.9	  3.8	 24.7	  6.0	0	    0
	    0
 4171	    3	 24.0	 24.1	 16.4	  3.9	  5.6	 50.5	0	    0
 4172	    3	 23.5	 23.6	 16.0	  3.8	 38.2	 74.1	0	    0
	    0
	    0
	    0
	    0
	    0
	    0
	    0
	    0
	    0
	    0
	    0
	    0
 4185	    3	 24.7	 24.5	 16.8	  3.9	 75.2	 85.5	0	    0
	    0
	    0
 4188	    5	 28.2	 18.5	  9.2	  8.1	 91.5	 90.4	0	    0
	    0
	    0
	    0
 4192	    5	 27.6	 19.1	  9.5	  7.9	 32.8	 13.8	0	    0
 4193	    3	 24.0	 24.2	 16.6	  3.9	 24.6	 25.7	0	    0
	    0
	    0
	    0
	    0
	    0
	    0
	    0
	    0
	    0
	    0
	    0
	    0
	    0
	    0
 4208	    3	 23.2	 23.4	 15.9	  3.8	 68.1	 13.2	0	    0
	    0
	    0
	    0
 4212	    5	 27.0	 18.7	  9.3	  7.8	 71.8	 37.6	0	    0
	    0
	    0
	    0
	    0
	    0
 4218	    3	 23.8	 24.1	 16.4	  3.8	 37.9	 60.7	0	    0
	    0
 4220	    3	 24.1	 24.5	 16.8	  3.9	 79.5	 94.5	0	    0
	    0
	    0
	    0
	    0
	    0
	    0
	    0
	    0
	    0
	    0
	    0
 4232	    5	 29.2	 19.1	  9.5	  8.2	 99.1	 79.0	0	    0
	    0
	    0
	    0
	    0
	    0
	    0
	    0
	    0
	    0
	    0
 4243	    3	 24.1	 24.3	 16.6	  3.9	 67.9	 28.0	0	    0
	    0
	    0
 4246	    3	 21.4	 23.2	 16.0	  3.6	 37.5	 13.9	0	    0
	    0
 4248	    3	 23.5	 23.7	 16.2	  3.8	 45.1	 98.6	0	    0
 4249	    5	 25.8	 18.7	  9.3	  7.6	 24.2	 18.6	1	    0
 4250	    3	 22.1	 23.5	 16.2	  3.6	 77.2	 34.4	0	    0
	    0
	    0
	    0
	    0
 4255	    3	 23.9	 24.0	 16.3	  3.9	 91.3	 81.2	0	    0
	    0
	    0
	    0
	    0
	    0
	    0
	    0
 4263	    3	 21.8	 23.1	 15.8	  3.6	 35.0	 79.2	0	    0
	    0
	    0
	    0
 4267	    3	 21.9	 23.7	 16.4	  3.6	 91.2	 75.3	1	    0
	    0
	    0
	    0
	    0
 4272	    5	 29.3	 18.9	  9.4	  8.3	  2.0	 98.6	0	    0
	    0
	    0
	    0
	    0
	    0
 4278	    5	 27.1	 18.5	  9.2	  7.9	 15.6	 88.9	0	    0
	    0
	    0
	    0
	    0
	    0
	    0
	    0
 4286	    3	 22.2	 23.3	 15.9	  3.7	 72.2	 93.6	0	    0
 4287	    5	 29.9	 19.2	  9.6	  8.3	 18.5	 44.3	0	    0
	    0
	    0
	    0
	    0
	    0
	    0
	    0
 4295	    3	 22.3	 23.2	 15.9	  3.7	  7.6	 33.9	0	    0
	    0
	    0
	    0
 4299	    3	 23.3	 24.1	 16.6	  3.8	 16.0	 69.2	0	    0
	    0
	    0
	    0
	    0
	    0
	    0
	    0
	    0
	    0
	    0
	    0
	    0
	    0
	    0
	    0
	    0
 4316	    3	 24.7	 24.6	 16.8	  3.9	 47.8	  1.8	0	    0
	    0
	    0
 4319	    5	 28.9	 19.0	  9.4	  8.2	 27.4	 23.1	0	    0
	    0
	    0
	    0
	    0
 4324	    5	 24.4	 18.1	  9.0	  7.3	 99.6	 66.5	0	    0
 4325	    3	 24.9	 23.2	 15.4	  4.0	 98.6	 25.4	0	    0
	    0
	    0
	    0
 4329	    5	 26.0	 18.6	  9.2	  7.6	 89.3	 53.5	0	    0
	    0
	    0
	    0
	    0
	    0
	    0
	    0
	    0
 4338	    5	 26.8	 18.7	  9.3	  7.8	 45.2	 81.2	0	    0
	    0
	    0
	    0
	    0
	    0
	    0
	    0
	    0
 4347	    3	 24.4	 24.5	 16.8	  3.9	 81.0	 79.0	0	    0
	    0
 4349	    5	 22.1	 17.2	  8.5	  6.9	 27.4	 55.3	0	    0
	    0
	    0
	    0
	    0
	    0
	    0
	    0
	    0
 4358	    3	 22.2	 23.3	 15.9	  3.7	 22.6	 20.9	1	    0
	    0
	    0
	    0
	    0
 4363	    3	 23.6	 23.6	 16.0	  3.8	 43.9	 59.4	0	    0
	    0
	    0
	    0
 4367	    3	 23.6	 24.2	 16.6	  3.8	 50.6	 29.5	0	    0
	    0
 4369	    3	 23.5	 23.7	 16.1	  3.8	 92.6	 39.0	0	    0
	    0
 4371	    3	 22.6	 23.3	 15.9	  3.7	 74.6	 98.4	0	    0
	    0
 4373	    5	 30.3	 18.9	  9.4	  8.5	 81.5	 83.9	0	    0
	    0
 4375	    3	 23.1	 23.1	 15.6	  3.8	 19.5	  9.3	0	    0
	    0
	    0
	    0
 4379	    3	 25.0	 23.9	 16.1	  4.0	 39.6	 78.0	0	    0
	    0
	    0
	    0
	    0
	    0
	    0
	    0
	    0
	    0
	    0
	    0
 4391	    3	 23.0	 23.3	 15.9	  3.8	 95.2	 58.6	0	    0
 4392	    3	 21.5	 23.0	 15.7	  3.6	 41.3	 98.6	0	    0
	    0
	    0
	    0
	    0
	    0
	    0
 4399	    3	 21.4	 22.8	 15.6	  3.6	 10.6	 26.4	1	    0
 4400	    5	 26.4	 18.4	  9.1	  7.7	 11.8	  1.1	0	    0
	    0
	    0
 4403	    3	 23.1	 23.5	 16.0	  3.8	  4.3	 19.3	0	    0
	    0
	    0
 4406	    3	 22.9	 23.4	 15.9	  3.8	 95.3	 56.2	0	    0
	    0
	    0
	    0
	    0
 4411	    3	 20.7	 22.6	 15.5	  3.5	 65.7	 13.2	0	    0
 4412	    3	 23.4	 23.5	 15.9	  3.8	  3.1	 39.6	0	    0
	    0
	    0
	    0
	    0
	    0
	    0
	    0
 4420	    3	 24.4	 24.2	 16.5	  3.9	 41.3	 97.8	0	    0
	    0
	    0
	    0
 4424	    5	 29.6	 19.2	  9.6	  8.3	  7.9	  7.7	0	    0
	    0
	    0
	    0
 4428	    5	 30.0	 19.6	  9.8	  8.3	 96.0	 48.2	0	    0
	    0
	    0
	    0
	    0
	    0
	    0
	    0
	    0
	    0
	    0
	    0
	    0
	    0
	    0
	    0
	    0
	    0
	    0
	    0
	    0
	    0
	    0
	    0
	    0
	    0
	    0
	    0
	    0
 4457	    3	 24.8	 24.2	 16.5	  4.0	 32.4	 27.3	0	    0
	    0
	    0
	    0
	    0
	    0
	    0
	    0
	    0
	    0
	    0
	    0
 4469	    3	 21.7	 23.4	 16.2	  3.6	 79.2	 89.5	0	    0
	    0
 4471	    3	 22.3	 23.3	 16.0	  3.7	 65.8	 79.7	0	    0
	    0
 4473	    5	 31.9	 19.4	  9.7	  8.7	 40.1	 47.3	0	    0
	    0
	    0
	    0
 4477	    3	 21.7	 23.3	 16.1	  3.6	 36.4	 94.3	1	    0
	    0
	    0
	    0
	    0
	    0
	    0
 4484	    3	 21.5	 22.8	 15.5	  3.6	 83.8	 46.0	0	    0
	    0
 4486	    3	 23.1	 23.8	 16.3	  3.8	  5.7	 43.7	0	    0
	    0
	    0
	    0
	    0
 4491	    3	 25.4	 24.5	 16.7	  4.0	 22.3	 95.3	0	    0
	    0
 4493	    3	 23.9	 24.2	 16.5	  3.9	 93.7	 61.8	0	    0
 4494	    5	 28.1	 18.5	  9.2	  8.1	 38.7	 35.3	0	    0
 4495	    3	 21.5	 23.4	 16.1	  3.6	 45.2	 60.1	1	    0
	    0
	    0
	    0
	    0
 4500	    3	 20.3	 22.8	 15.8	  3.4	 11.0	 66.2	0	    0
 4501	    5	 29.6	 19.3	  9.6	  8.3	 55.5	 43.4	0	    0
	    0
	    0
	    0
	    0
	    0
	    0
	    0
	    0
	    0
	    0
	    0
	    0
 4514	    5	 30.5	 19.8	  9.9	  8.4	 63.2	 48.6	0	    0
	    0
	    0
	    0
	    0
 4519	    3	 23.2	 23.7	 16.2	  3.8	 41.1	 40.6	0	    0
 4520	    3	 20.5	 22.8	 15.7	  3.5	 75.3	 48.1	0	    0
	    0
 4522	    3	 21.0	 22.9	 15.8	  3.5	 57.2	 26.5	0	    0
	    0
	    0
	    0
	    0
	    0
	    0
	    0
	    0
 4531	    3	 24.3	 24.5	 16.8	  3.9	 72.8	 82.7	0	    0
	    0
	    0
	    0
	    0
	    0
	    0
	    0
	    0
 4540	    3	 22.4	 23.6	 16.2	  3.7	 23.5	 30.2	1	    0
	    0
 4542	    3	 20.4	 23.1	 16.1	  3.4	 26.8	 15.5	0	    0
	    0
	    0
	    0
	    0
	    0
	    0
	    0
	    0
	    0
	    0
 4553	    5	 27.1	 18.6	  9.2	  7.9	 64.3	 24.9	0	    0
	    0
	    0
	    0
	    0
	    0
	    0
	    0
	    0
	    0
 4563	    3	 21.7	 23.1	 15.9	  3.6	 38.2	 13.0	0	    0
	    0
	    0
	    0
 4567	    3	 23.7	 24.1	 16.5	  3.8	 66.9	 51.5	0	    0
	    0
	    0
	    0
	    0
 4572	    3	 22.2	 23.2	 15.9	  3.7	 24.2	 50.4	1	    0
	    0
	    0
	    0
	    0
	    0
	    0
	    0
	    0
	    0
	    0
	    0
	    0
 4585	    3	 22.7	 23.3	 15.8	  3.7	 48.7	 50.7	0	    0
 4586	    3	 21.2	 22.8	 15.7	  3.5	  0.6	 97.4	0	    0
	    0
	    0
	    0
	    0
	    0
	    0
	    0
	    0
	    0
	    0
	    0
	    0
	    0
	    0
	    0
	    0
	    0
	    0
	    0
	    0
 4607	    3	 22.8	 23.2	 15.8	  3.8	 60.6	 81.3	0	    0
	    0
	    0
 4610	    5	 29.7	 19.0	  9.4	  8.4	  8.7	 18.2	0	    0
	    0
	    0
	    0
 4614	    3	 23.3	 24.1	 16.6	  3.8	  2.5	 92.7	0	    0
	    0
	    0
 4617	    5	 27.2	 19.0	  9.4	  7.8	 63.6	 29.4	0	    0
	    0
	    0
 4620	    3	 22.1	 23.2	 15.8	  3.7	 26.2	  0.2	0	    0
	    0
	    0
	    0
	    0
 4625	    5	 27.4	 18.7	  9.3	  7.9	 32.2	 38.4	0	    0
	    0
	    0
	    0
	    0
	    0
	    0
	    0
	    0
	    0
	    0
	    0
	    0
	    0
	    0
 4640	    5	 31.3	 19.6	  9.7	  8.6	 84.3	 48.7	0	    0
	    0
	    0
	    0
	    0
	    0
	    0
	    0
	    0
	    0
	    0
	    0
	    0
	    0
	    0
	    0
	    0
	    0
 4658	    5	 23.0	 17.8	  8.8	  7.1	 28.5	 27.7	0	    0
	    0
 4660	    5	 27.5	 18.3	  9.1	  8.0	 48.6	 41.9	0	    0
 4661	    3	 22.6	 23.4	 16.0	  3.7	 33.6	 21.0	0	    0
	    0
	    0
	    0
	    0
	    0
	    0
	    0
	    0
	    0
	    0
 4672	    5	 29.3	 19.2	  9.6	  8.2	 82.8	 94.1	0	    0
	    0
	    0
	    0
	    0
	    0
	    0
	    0
	    0
	    0
 4682	    3	 22.7	 23.3	 15.8	  3.7	 88.8	 33.1	0	    0
	    0
 4684	    3	 21.3	 23.0	 15.8	  3.6	 74.7	 58.1	1	    0
	    0
 4686	    3	 23.0	 23.3	 15.8	  3.8	  6.7	 21.8	1	    0
	    0
	    0
	    0
	    0
 4691	    3	 23.6	 23.7	 16.1	  3.8	 53.0	  2.2	0	    0
	    0
	    0
	    0
	    0
	    0
	    0
	    0
	    0
	    0
	    0
	    0
	    0
	    0
	    0
 4706	    3	 22.1	 23.2	 15.9	  3.7	 16.0	 55.0	0	    0
	    0
	    0
 4709	    3	 22.0	 22.9	 15.6	  3.7	 28.4	  5.2	0	    0
	    0
	    0
	    0
 4713	    5	 27.7	 18.9	  9.4	  7.9	 81.6	 55.7	1	    0
	    0
	    0
	    0
 4717	    3	 20.1	 22.2	 15.3	  3.4	 91.5	 50.0	0	    0
	    0
	    0
	    0
 4721	    5	 26.0	 18.3	  9.1	  7.6	 68.7	 78.7	0	    0
	    0
	    0
	    0
	    0
	    0
	    0
	    0
 4729	    3	 18.7	 22.1	 15.5	  3.2	 77.2	 65.3	0	    0
	    0
 4731	    5	 27.5	 18.4	  9.1	  8.0	 48.7	 77.9	0	    0
	    0
	    0
 4734	    3	 21.9	 23.0	 15.7	  3.6	 22.3	 22.0	0	    0
	    0
	    0
	    0
 4738	    5	 27.8	 18.9	  9.4	  8.0	 46.3	  4.7	0	    0
	    0
	    0
	    0
	    0
 4743	    3	 23.3	 23.4	 15.8	  3.8	 30.4	  6.3	0	    0
	    0
	    0
 4746	    3	 22.1	 23.2	 15.9	  3.7	 65.1	 55.5	0	    0
	    0
	    0
 4749	    5	 27.8	 18.9	  9.4	  8.0	 33.1	 47.1	0	    0
	    0
	    0
	    0
 4753	    3	 21.7	 22.9	 15.7	  3.6	  2.8	 83.8	0	    0
	    0
 4755	    3	 23.6	 23.5	 15.9	  3.9	 49.1	 39.6	1	    0
	    0
 4757	    5	 28.7	 18.9	  9.4	  8.2	 90.5	 41.6	0	    0
 4758	    5	 26.2	 18.2	  9.0	  7.7	 49.6	 51.4	0	    0
 4759	    3	 22.5	 23.5	 16.1	  3.7	  9.6	 94.5	0	    0
	    0
	    0
	    0
	    0
	    0
	    0
	    0
	    0
	    0
 4769	    3	 21.2	 22.8	 15.7	  3.5	 36.5	 66.7	1	    0
	    0
	    0
	    0
	    0
 4774	    5	 26.8	 18.4	  9.1	  7.8	 70.6	 61.8	0	    0
	    0
	    0
	    0
	    0
	    0
	    0
	    0
 4782	    3	 21.6	 23.1	 15.9	  3.6	  0.9	 50.3	1	    0
	    0
	    0
	    0
	    0
	    0
	    0
	    0
	    0
	    0
	    0
 4793	    5	 25.8	 18.2	  9.0	  7.6	 86.2	 55.4	0	    0
	    0
	    0
	    0
	    0
 4798	    3	 25.0	 24.1	 16.4	  4.0	 51.0	 87.5	0	    0
	    0
	    0
	    0
	    0
	    0
	    0
	    0
	    0
	    0
	    0
	    0
	    0
	    0
	    0
	    0
 4814	    3	 21.8	 22.9	 15.6	  3.6	 16.7	 68.9	0	    0
	    0
	    0
	    0
 4818	    5	 27.5	 19.2	  9.5	  7.9	 96.5	 78.5	0	    0
	    0
	    0
	    0
	    0
	    0
	    0
	    0
	    0
	    0
 4828	    3	 25.6	 24.7	 16.8	  4.1	 38.2	 21.3	0	    0
	    0
 4830	    3	 25.9	 24.8	 16.9	  4.1	 22.2	 39.7	0	    0
	    0
	    0
	    0
	    0
	    0
	    0
	    0
	    0
 4839	    3	 24.6	 23.9	 16.1	  4.0	 23.6	 67.1	0	    0
	    0
	    0
 4842	    3	 23.7	 23.5	 15.9	  3.9	 36.5	 35.1	0	    0
	    0
	    0
	    0
	    0
	    0
	    0
	    0
	    0
	    0
 4852	    5	 29.7	 19.5	  9.7	  8.3	 78.9	 40.1	0	    0
	    0
	    0
	    0
	    0
	    0
	    0
	    0
	    0
	    0
	    0
	    0
	    0
	    0
	    0
 4867	    3	 25.1	 24.7	 16.9	  4.0	 36.2	 34.6	0	    0
	    0
	    0
	    0
	    0
	    0
	    0
	    0
	    0
	    0
	    0
	    0
	    0
	    0
	    0
	    0
	    0
	    0
	    0
	    0
	    0
	    0
	    0
 4890	    3	 22.5	 23.0	 15.6	  3.7	  6.1	 62.0	1	    0
	    0
	    0
	    0
	    0
	    0
	    0
	    0
	    0
	    0
	    0
	    0
	    0
	    0
	    0
	    0
	    0
 4907	    3	 21.4	 23.2	 16.0	  3.6	 27.2	 78.6	0	    0
	    0
	    0
	    0
 4911	    5	 27.5	 18.9	  9.4	  7.9	 85.0	 16.5	0	    0
	    0
	    0
	    0
	    0
	    0
	    0
	    0
	    0
	    0
	    0
	    0
	    0
	    0
	    0
	    0
	    0
	    0
 4929	    3	 22.2	 23.9	 16.6	  3.6	 63.2	 33.5	0	    0
	    0
	    0
	    0
	    0
	    0
	    0
	    0
	    0
	    0
	    0
	    0
	    0
 4942	    5	 30.3	 19.1	  9.5	  8.5	 40.7	 53.9	1	    0
 4943	    3	 23.0	 23.5	 16.0	  3.8	 48.2	 71.1	0	    0
	    0
	    0
 4946	    5	 27.5	 19.0	  9.4	  7.9	 96.2	  6.7	0	    0
	    0
	    0
	    0
	    0
	    0
	    0
	    0
 4954	    3	 24.1	 24.0	 16.3	  3.9	 38.8	 72.1	0	    0
	    0
	    0
	    0
	    0
	    0
	    0
	    0
	    0
	    0
	    0
	    0
	    0
	    0
	    0
 4969	    5	 27.0	 18.7	  9.3	  7.8	 96.6	 55.1	1	    0
	    0
	    0
	    0
	    0
 4974	    3	 23.2	 24.1	 16.6	  3.8	 17.6	 12.9	0	    0
	    0
	    0
 4977	    5	 29.0	 19.2	  9.6	  8.2	  9.7	 25.3	0	    0
	    0
 4979	    5	 26.8	 18.7	  9.3	  7.8	 75.5	 35.6	0	    0
	    0
	    0
	    0
	    0
	    0
	    0
	    0
	    0
	    0
	    0
	    0
	    0
	    0
	    0
	    0
	    0
	    0
	    0
	    0
	    0
	    0
