Nr	Art	BHD	h	kra	kd	x	y	kenn	mort
	    0
	    0
	    0
	    0
    5	    3	 30.1	 31.3	 22.9	  4.3	 70.7	 22.9	0	    0
	    0
	    0
    8	    5	 36.7	 26.9	 13.7	  8.5	 78.5	 24.1	0	    0
    9	    5	 45.7	 27.8	 14.2	  9.9	 38.1	 82.3	0	    0
   10	    5	 42.1	 27.4	 14.0	  9.4	 78.8	 78.6	0	    0
	    0
	    0
   13	    5	 43.2	 27.5	 14.1	  9.5	 52.3	 74.5	0	    0
	    0
	    0
	    0
	    0
	    0
	    0
	    0
	    0
	    0
	    0
	    0
	    0
	    0
	    0
	    0
	    0
	    0
	    0
	    0
   33	    5	 37.1	 26.9	 13.7	  8.6	 82.6	 24.4	0	    0
	    0
	    0
	    0
	    0
	    0
	    0
	    0
	    0
	    0
	    0
   44	    3	 36.1	 33.1	 24.3	  4.8	 86.6	 38.5	0	    0
	    0
	    0
	    0
	    0
	    0
   50	    5	 35.4	 26.3	 13.4	  8.4	 30.7	 22.8	0	    0
	    0
	    0
	    0
	    0
	    0
	    0
   57	    5	 33.7	 25.9	 13.2	  8.1	 59.2	 23.3	0	    0
	    0
	    0
	    0
	    0
	    0
	    0
	    0
	    0
	    0
	    0
	    0
	    0
	    0
	    0
	    0
	    0
	    0
	    0
   76	    5	 45.4	 27.9	 14.3	  9.9	  9.3	 12.0	1	    0
	    0
	    0
	    0
	    0
	    0
	    0
	    0
	    0
	    0
	    0
	    0
	    0
	    0
	    0
	    0
	    0
	    0
	    0
	    0
	    0
	    0
	    0
	    0
	    0
	    0
	    0
	    0
	    0
	    0
	    0
	    0
	    0
	    0
	    0
	    0
	    0
	    0
	    0
	    0
	    0
	    0
	    0
	    0
	    0
	    0
	    0
	    0
	    0
	    0
	    0
	    0
	    0
	    0
	    0
	    0
	    0
	    0
	    0
	    0
	    0
	    0
	    0
  139	    3	 33.3	 32.1	 23.5	  4.6	 41.2	 89.8	0	    0
	    0
	    0
	    0
	    0
  144	    5	 41.8	 27.6	 14.1	  9.3	 67.9	 48.7	0	    0
  145	    5	 47.1	 27.9	 14.3	 10.1	 89.1	  3.3	0	    0
	    0
	    0
	    0
	    0
	    0
	    0
  152	    5	 42.5	 27.6	 14.1	  9.4	 78.9	 74.1	0	    0
	    0
	    0
	    0
	    0
	    0
	    0
	    0
  160	    3	 33.5	 32.0	 23.4	  4.6	 33.4	 90.5	0	    0
	    0
	    0
	    0
	    0
	    0
	    0
	    0
	    0
	    0
	    0
	    0
	    0
	    0
	    0
	    0
	    0
	    0
	    0
	    0
	    0
	    0
	    0
	    0
  184	    5	 47.2	 28.0	 14.4	 10.1	 62.3	  4.7	0	    0
	    0
	    0
	    0
	    0
	    0
	    0
	    0
	    0
	    0
	    0
	    0
	    0
	    0
	    0
	    0
	    0
  201	    5	 43.9	 27.9	 14.3	  9.6	 92.9	 37.0	0	    0
	    0
	    0
	    0
	    0
	    0
	    0
	    0
	    0
	    0
	    0
	    0
	    0
	    0
	    0
	    0
	    0
	    0
	    0
	    0
	    0
	    0
	    0
	    0
	    0
  226	    3	 36.6	 33.4	 24.6	  4.9	 65.5	 26.3	0	    0
	    0
	    0
	    0
	    0
	    0
	    0
	    0
	    0
	    0
	    0
	    0
	    0
	    0
	    0
	    0
	    0
	    0
	    0
  245	    5	 44.1	 27.8	 14.2	  9.6	  0.8	 93.8	0	    0
	    0
	    0
	    0
	    0
	    0
	    0
	    0
	    0
	    0
	    0
	    0
	    0
	    0
	    0
	    0
	    0
	    0
	    0
	    0
	    0
	    0
	    0
	    0
	    0
	    0
	    0
	    0
  273	    3	 31.9	 31.9	 23.4	  4.4	 59.6	 21.0	0	    0
	    0
  275	    5	 43.3	 27.5	 14.1	  9.6	  2.0	 58.8	0	    0
	    0
	    0
	    0
	    0
	    0
	    0
  282	    3	 32.9	 31.6	 23.0	  4.6	 26.8	 58.7	1	    0
	    0
	    0
	    0
	    0
  287	    3	 35.3	 33.0	 24.2	  4.8	 60.5	 82.3	0	    0
	    0
	    0
	    0
	    0
	    0
	    0
	    0
	    0
  296	    5	 41.9	 27.7	 14.2	  9.3	 20.0	  9.2	0	    0
	    0
	    0
	    0
	    0
	    0
	    0
	    0
	    0
	    0
  306	    5	 44.3	 27.6	 14.2	  9.7	 67.7	 94.9	1	    0
	    0
	    0
	    0
	    0
	    0
	    0
  313	    3	 32.4	 31.6	 23.0	  4.5	 30.2	  5.3	0	    0
	    0
	    0
	    0
	    0
	    0
	    0
	    0
	    0
	    0
	    0
	    0
	    0
	    0
	    0
	    0
	    0
  330	    3	 32.7	 32.3	 23.7	  4.5	 32.3	 15.7	0	    0
	    0
	    0
	    0
	    0
	    0
	    0
	    0
	    0
	    0
	    0
	    0
	    0
	    0
	    0
  345	    3	 32.0	 31.3	 22.8	  4.5	 71.4	 68.2	1	    0
	    0
	    0
  348	    5	 45.6	 27.8	 14.3	  9.9	 98.7	 92.1	0	    0
  349	    5	 43.1	 27.6	 14.1	  9.5	 45.3	 26.5	1	    0
	    0
	    0
	    0
	    0
	    0
	    0
	    0
	    0
	    0
	    0
  360	    5	 49.2	 28.7	 14.8	 10.3	 19.2	 14.7	0	    0
	    0
	    0
	    0
	    0
	    0
	    0
	    0
	    0
	    0
	    0
	    0
	    0
	    0
	    0
	    0
	    0
	    0
	    0
	    0
	    0
  381	    5	 37.9	 26.7	 13.6	  8.8	 39.3	 88.3	0	    0
	    0
	    0
	    0
	    0
	    0
	    0
	    0
	    0
	    0
	    0
	    0
	    0
	    0
	    0
	    0
  397	    5	 33.9	 25.7	 13.0	  8.2	 31.5	 84.9	0	    0
	    0
	    0
  400	    5	 36.6	 26.3	 13.4	  8.6	 28.1	 16.6	0	    0
	    0
	    0
	    0
	    0
	    0
  406	    3	 31.5	 31.7	 23.2	  4.4	 67.1	 66.5	0	    0
	    0
	    0
	    0
	    0
	    0
	    0
	    0
	    0
	    0
	    0
	    0
	    0
  419	    5	 42.5	 27.2	 13.9	  9.5	 26.0	 31.6	0	    0
	    0
	    0
	    0
  423	    5	 39.6	 27.2	 13.9	  9.0	 63.4	 64.2	0	    0
	    0
	    0
	    0
	    0
  428	    5	 35.4	 26.4	 13.4	  8.4	 80.4	 54.4	0	    0
	    0
	    0
  431	    5	 41.1	 27.1	 13.8	  9.3	  2.6	 36.9	0	    0
	    0
	    0
	    0
	    0
	    0
	    0
	    0
	    0
	    0
	    0
	    0
	    0
	    0
	    0
	    0
	    0
	    0
	    0
	    0
	    0
	    0
	    0
	    0
	    0
	    0
	    0
	    0
	    0
	    0
	    0
	    0
	    0
	    0
	    0
	    0
	    0
	    0
	    0
	    0
	    0
	    0
	    0
	    0
	    0
	    0
	    0
	    0
	    0
	    0
	    0
	    0
	    0
	    0
	    0
	    0
	    0
	    0
	    0
	    0
	    0
	    0
	    0
	    0
	    0
	    0
	    0
	    0
	    0
	    0
	    0
	    0
	    0
	    0
	    0
	    0
	    0
	    0
	    0
	    0
  511	    5	 34.3	 25.9	 13.2	  8.2	 87.2	 32.2	0	    0
	    0
	    0
	    0
	    0
	    0
	    0
	    0
	    0
	    0
  521	    5	 32.4	 26.0	 13.2	  7.9	 60.4	 12.2	0	    0
	    0
	    0
	    0
	    0
	    0
	    0
  528	    3	 31.5	 31.9	 23.4	  4.4	 17.8	 31.9	0	    0
	    0
  530	    5	 43.6	 27.8	 14.2	  9.6	 66.6	 90.5	0	    0
	    0
	    0
	    0
	    0
	    0
	    0
  537	    5	 46.9	 28.2	 14.5	 10.1	 44.4	 92.5	0	    0
	    0
	    0
	    0
	    0
	    0
	    0
	    0
	    0
	    0
	    0
	    0
	    0
	    0
	    0
	    0
	    0
	    0
	    0
	    0
	    0
	    0
	    0
	    0
	    0
  562	    5	 41.7	 27.2	 13.9	  9.3	 15.7	 26.0	0	    0
	    0
	    0
	    0
	    0
	    0
	    0
	    0
	    0
	    0
	    0
	    0
	    0
	    0
	    0
	    0
	    0
  579	    5	 43.1	 27.6	 14.1	  9.5	 91.1	 51.7	0	    0
	    0
	    0
	    0
	    0
  584	    3	 35.3	 33.0	 24.3	  4.8	 39.4	 26.5	0	    0
	    0
	    0
  587	    5	 38.9	 26.9	 13.7	  8.9	 80.3	 56.3	0	    0
	    0
	    0
	    0
	    0
	    0
  593	    5	 41.3	 27.4	 14.0	  9.2	 60.9	 94.5	0	    0
	    0
	    0
	    0
	    0
	    0
	    0
	    0
	    0
	    0
	    0
	    0
  605	    5	 37.0	 26.5	 13.5	  8.6	 27.6	 39.5	0	    0
	    0
	    0
	    0
	    0
	    0
	    0
	    0
	    0
	    0
	    0
	    0
	    0
	    0
	    0
	    0
	    0
	    0
  623	    5	 36.7	 26.6	 13.5	  8.6	 57.1	 48.6	0	    0
	    0
  625	    5	 38.2	 26.5	 13.5	  8.8	 77.9	 87.7	0	    0
	    0
	    0
	    0
	    0
	    0
	    0
	    0
	    0
	    0
	    0
	    0
	    0
	    0
	    0
	    0
	    0
	    0
	    0
	    0
	    0
	    0
	    0
	    0
	    0
	    0
	    0
  652	    5	 41.5	 27.4	 14.0	  9.3	 80.7	 22.5	0	    0
	    0
	    0
	    0
	    0
	    0
  658	    5	 39.8	 27.4	 14.0	  9.0	 20.2	 58.3	0	    0
	    0
	    0
	    0
	    0
  663	    5	 40.7	 27.4	 14.0	  9.1	 34.4	 47.5	0	    0
	    0
	    0
	    0
	    0
	    0
	    0
	    0
	    0
	    0
	    0
	    0
	    0
	    0
	    0
	    0
	    0
	    0
	    0
	    0
	    0
  684	    5	 42.6	 27.6	 14.1	  9.4	 57.7	 82.6	0	    0
  685	    5	 38.6	 27.2	 13.9	  8.8	 16.7	 75.0	0	    0
	    0
	    0
	    0
	    0
	    0
	    0
	    0
	    0
	    0
	    0
	    0
	    0
	    0
	    0
	    0
	    0
	    0
	    0
	    0
	    0
	    0
	    0
	    0
	    0
	    0
	    0
	    0
	    0
	    0
	    0
	    0
	    0
	    0
	    0
	    0
	    0
	    0
	    0
	    0
	    0
	    0
	    0
	    0
	    0
	    0
	    0
	    0
	    0
	    0
	    0
	    0
	    0
	    0
	    0
	    0
	    0
	    0
  743	    3	 31.5	 31.7	 23.1	  4.4	 92.3	 30.4	0	    0
	    0
	    0
	    0
	    0
	    0
	    0
	    0
	    0
	    0
	    0
	    0
	    0
	    0
  757	    5	 44.2	 27.7	 14.2	  9.7	 52.8	 32.5	0	    0
	    0
	    0
	    0
	    0
	    0
	    0
  764	    5	 35.3	 26.5	 13.5	  8.3	 59.7	 86.1	0	    0
	    0
	    0
  767	    5	 44.3	 27.5	 14.1	  9.7	 97.8	 81.3	0	    0
	    0
	    0
	    0
	    0
  772	    3	 32.6	 32.0	 23.4	  4.5	 81.5	 85.5	0	    0
	    0
	    0
	    0
	    0
	    0
	    0
	    0
	    0
	    0
	    0
	    0
	    0
	    0
	    0
	    0
	    0
	    0
  790	    5	 42.1	 27.3	 13.9	  9.4	 52.4	 96.1	0	    0
	    0
	    0
	    0
	    0
	    0
  796	    3	 32.7	 32.0	 23.4	  4.5	 73.7	 43.7	0	    0
	    0
	    0
	    0
	    0
	    0
	    0
	    0
	    0
	    0
	    0
	    0
	    0
	    0
	    0
	    0
	    0
	    0
	    0
	    0
	    0
	    0
	    0
	    0
	    0
	    0
	    0
	    0
	    0
	    0
  826	    5	 37.5	 27.0	 13.8	  8.6	 21.9	  8.0	0	    0
	    0
	    0
	    0
	    0
	    0
	    0
	    0
	    0
	    0
	    0
	    0
	    0
	    0
	    0
	    0
	    0
	    0
	    0
	    0
	    0
	    0
	    0
	    0
	    0
	    0
	    0
	    0
	    0
	    0
	    0
	    0
	    0
	    0
	    0
  861	    5	 48.5	 28.1	 14.5	 10.3	 14.3	 93.3	0	    0
	    0
	    0
	    0
	    0
	    0
	    0
	    0
	    0
	    0
	    0
	    0
	    0
	    0
	    0
	    0
	    0
	    0
	    0
	    0
	    0
	    0
	    0
	    0
	    0
	    0
	    0
	    0
	    0
	    0
	    0
	    0
	    0
	    0
	    0
	    0
	    0
	    0
  899	    3	 35.2	 32.8	 24.0	  4.8	 42.8	 47.1	0	    0
	    0
	    0
	    0
	    0
	    0
	    0
	    0
	    0
	    0
	    0
	    0
	    0
	    0
	    0
	    0
  915	    3	 32.6	 32.2	 23.6	  4.5	 76.4	 99.2	0	    0
	    0
	    0
	    0
	    0
  920	    3	 33.9	 32.3	 23.7	  4.6	 44.8	 71.9	1	    0
	    0
	    0
	    0
	    0
	    0
	    0
	    0
	    0
	    0
	    0
	    0
	    0
	    0
  934	    5	 40.9	 27.3	 14.0	  9.2	 88.4	 66.9	0	    0
  935	    5	 46.9	 28.3	 14.5	 10.0	 84.8	 50.7	0	    0
	    0
	    0
	    0
	    0
	    0
	    0
	    0
	    0
	    0
	    0
	    0
	    0
	    0
	    0
	    0
  951	    5	 37.8	 26.7	 13.6	  8.7	 26.0	 51.0	0	    0
	    0
	    0
	    0
	    0
	    0
	    0
	    0
	    0
	    0
	    0
	    0
	    0
	    0
	    0
	    0
  967	    5	 37.9	 26.9	 13.7	  8.7	 95.8	 30.6	0	    0
	    0
	    0
	    0
	    0
	    0
	    0
	    0
	    0
	    0
	    0
	    0
	    0
	    0
	    0
	    0
	    0
	    0
	    0
	    0
	    0
	    0
	    0
	    0
	    0
	    0
	    0
	    0
	    0
	    0
	    0
	    0
	    0
	    0
	    0
	    0
	    0
	    0
	    0
	    0
	    0
	    0
	    0
	    0
	    0
	    0
	    0
	    0
	    0
	    0
	    0
	    0
	    0
	    0
	    0
	    0
	    0
	    0
	    0
	    0
	    0
	    0
	    0
	    0
	    0
	    0
	    0
	    0
	    0
	    0
	    0
	    0
	    0
	    0
	    0
	    0
	    0
	    0
	    0
	    0
	    0
	    0
	    0
	    0
	    0
	    0
	    0
	    0
	    0
	    0
	    0
	    0
	    0
	    0
	    0
	    0
	    0
	    0
	    0
	    0
	    0
	    0
	    0
	    0
 1071	    5	 39.1	 27.0	 13.7	  8.9	 23.7	  3.4	0	    0
	    0
	    0
	    0
	    0
	    0
	    0
	    0
	    0
 1080	    3	 32.7	 32.0	 23.3	  4.5	 93.8	 57.2	0	    0
	    0
	    0
	    0
	    0
	    0
	    0
	    0
	    0
	    0
	    0
 1091	    5	 43.7	 27.6	 14.1	  9.6	 41.2	 35.3	0	    0
	    0
	    0
	    0
	    0
	    0
	    0
	    0
	    0
	    0
	    0
 1102	    3	 29.8	 29.3	 20.9	  4.3	 91.1	 28.1	0	    0
	    0
	    0
	    0
	    0
	    0
	    0
	    0
	    0
	    0
	    0
	    0
	    0
	    0
	    0
	    0
	    0
	    0
	    0
	    0
 1122	    3	 32.4	 32.2	 23.6	  4.5	 19.7	 26.0	0	    0
	    0
	    0
	    0
	    0
	    0
	    0
	    0
	    0
	    0
	    0
	    0
	    0
	    0
 1136	    5	 40.5	 27.0	 13.8	  9.1	 27.9	 84.3	0	    0
	    0
 1138	    3	 31.7	 31.5	 23.0	  4.4	 27.6	  7.6	0	    0
	    0
	    0
	    0
	    0
 1143	    3	 30.5	 31.0	 22.6	  4.3	 89.1	 93.1	0	    0
	    0
	    0
	    0
	    0
	    0
	    0
	    0
	    0
	    0
	    0
	    0
	    0
	    0
	    0
	    0
	    0
	    0
	    0
	    0
	    0
	    0
	    0
	    0
	    0
	    0
	    0
 1170	    3	 30.9	 31.7	 23.3	  4.3	 89.8	 82.2	1	    0
	    0
	    0
	    0
	    0
	    0
	    0
	    0
	    0
	    0
	    0
 1181	    5	 49.8	 28.4	 14.7	 10.5	  0.9	 10.1	0	    0
 1182	    3	 31.8	 31.6	 23.1	  4.4	 48.8	 83.3	1	    0
	    0
 1184	    5	 42.0	 27.4	 14.0	  9.4	 26.5	 80.6	0	    0
	    0
	    0
	    0
	    0
	    0
	    0
	    0
	    0
	    0
	    0
	    0
	    0
	    0
	    0
	    0
	    0
	    0
	    0
	    0
	    0
	    0
	    0
	    0
 1208	    5	 41.4	 27.1	 13.8	  9.3	 38.8	 22.8	0	    0
	    0
	    0
	    0
	    0
	    0
 1214	    3	 33.9	 32.5	 23.8	  4.6	 86.4	 24.6	0	    0
	    0
	    0
	    0
	    0
	    0
	    0
	    0
	    0
	    0
	    0
	    0
	    0
	    0
	    0
	    0
	    0
 1231	    3	 34.1	 32.6	 23.9	  4.6	 26.1	  1.6	0	    0
 1232	    3	 31.5	 31.6	 23.1	  4.4	 84.6	 20.5	0	    0
	    0
	    0
	    0
	    0
	    0
	    0
	    0
	    0
	    0
	    0
	    0
	    0
	    0
	    0
	    0
	    0
	    0
 1250	    3	 36.2	 33.3	 24.5	  4.8	 96.2	 61.8	0	    0
	    0
	    0
	    0
	    0
	    0
	    0
	    0
	    0
	    0
	    0
 1261	    3	 31.7	 31.1	 22.6	  4.5	 80.1	 24.6	0	    0
	    0
 1263	    5	 40.0	 26.7	 13.6	  9.1	 31.6	 96.1	0	    0
	    0
	    0
	    0
	    0
	    0
	    0
	    0
	    0
	    0
	    0
 1274	    5	 44.4	 27.7	 14.2	  9.7	 58.3	 71.6	0	    0
	    0
	    0
	    0
	    0
	    0
	    0
	    0
	    0
	    0
	    0
	    0
	    0
	    0
	    0
	    0
	    0
	    0
	    0
	    0
	    0
	    0
	    0
	    0
	    0
	    0
	    0
 1301	    5	 43.9	 27.6	 14.2	  9.6	 84.8	 28.9	0	    0
	    0
	    0
	    0
	    0
	    0
	    0
	    0
	    0
	    0
	    0
	    0
	    0
	    0
	    0
	    0
	    0
	    0
	    0
	    0
	    0
 1322	    3	 31.3	 30.9	 22.4	  4.4	 77.5	 49.0	0	    0
	    0
	    0
	    0
	    0
	    0
	    0
	    0
	    0
	    0
	    0
	    0
	    0
	    0
	    0
 1337	    3	 33.0	 32.5	 23.9	  4.5	 76.4	 92.7	0	    0
	    0
	    0
 1340	    3	 31.6	 31.6	 23.1	  4.4	  4.6	 57.1	0	    0
	    0
	    0
	    0
	    0
	    0
	    0
	    0
	    0
	    0
	    0
	    0
	    0
	    0
	    0
	    0
	    0
	    0
	    0
	    0
	    0
	    0
	    0
	    0
	    0
	    0
 1366	    3	 31.4	 31.0	 22.5	  4.4	 88.4	 20.3	1	    0
 1367	    3	 31.8	 31.1	 22.6	  4.5	 26.9	 18.6	0	    0
	    0
	    0
	    0
	    0
 1372	    5	 35.8	 26.3	 13.4	  8.4	 64.2	 71.2	0	    0
	    0
	    0
	    0
 1376	    5	 48.3	 28.1	 14.5	 10.3	 79.8	 44.9	0	    0
	    0
	    0
	    0
	    0
	    0
	    0
 1383	    5	 41.0	 27.4	 14.0	  9.2	 97.6	 19.7	0	    0
	    0
 1385	    5	 39.5	 27.2	 13.9	  9.0	 85.8	 12.6	0	    0
	    0
	    0
	    0
	    0
	    0
	    0
	    0
	    0
	    0
	    0
	    0
	    0
	    0
	    0
	    0
 1401	    5	 39.9	 27.2	 13.9	  9.0	 89.5	 85.0	0	    0
	    0
	    0
	    0
	    0
	    0
	    0
	    0
	    0
	    0
	    0
 1412	    5	 34.0	 26.1	 13.3	  8.1	 81.5	 78.2	0	    0
	    0
	    0
	    0
	    0
	    0
	    0
	    0
	    0
	    0
	    0
	    0
 1424	    3	 31.0	 31.0	 22.5	  4.4	 89.4	 41.4	0	    0
	    0
	    0
	    0
	    0
 1429	    3	 32.0	 31.8	 23.2	  4.5	 63.6	 99.4	1	    0
	    0
	    0
	    0
	    0
	    0
	    0
	    0
	    0
	    0
	    0
	    0
	    0
	    0
	    0
	    0
	    0
	    0
	    0
 1448	    5	 36.4	 26.9	 13.7	  8.5	 94.0	 97.7	1	    0
	    0
	    0
	    0
	    0
	    0
	    0
	    0
	    0
	    0
	    0
	    0
	    0
	    0
	    0
	    0
	    0
	    0
	    0
	    0
	    0
	    0
	    0
	    0
	    0
	    0
	    0
	    0
	    0
	    0
	    0
	    0
	    0
	    0
	    0
	    0
	    0
	    0
	    0
	    0
	    0
	    0
	    0
	    0
	    0
 1493	    3	 33.0	 32.3	 23.7	  4.5	  6.2	  9.4	0	    0
 1494	    5	 41.5	 27.3	 13.9	  9.3	 71.6	 43.2	0	    0
	    0
	    0
	    0
	    0
	    0
	    0
	    0
	    0
	    0
	    0
	    0
	    0
	    0
	    0
	    0
 1510	    3	 32.4	 31.8	 23.3	  4.5	 79.5	 52.6	0	    0
	    0
	    0
	    0
	    0
	    0
	    0
 1517	    5	 40.9	 27.1	 13.9	  9.2	 99.8	 99.8	0	    0
	    0
	    0
	    0
	    0
 1522	    5	 40.8	 27.2	 13.9	  9.2	 22.4	 23.3	0	    0
	    0
	    0
	    0
	    0
	    0
	    0
	    0
	    0
	    0
	    0
	    0
	    0
	    0
	    0
 1537	    3	 32.5	 31.9	 23.3	  4.5	 79.8	 94.8	0	    0
	    0
	    0
	    0
	    0
	    0
	    0
	    0
	    0
 1546	    3	 32.2	 31.4	 22.9	  4.5	 45.9	 67.1	0	    0
	    0
	    0
	    0
	    0
	    0
	    0
	    0
	    0
	    0
	    0
	    0
	    0
	    0
 1560	    5	 42.6	 27.5	 14.1	  9.4	 70.3	 84.5	0	    0
	    0
	    0
	    0
	    0
	    0
 1566	    3	 31.5	 32.1	 23.6	  4.4	 90.5	 12.1	0	    0
	    0
	    0
	    0
	    0
	    0
	    0
	    0
 1574	    3	 29.4	 31.0	 22.7	  4.2	 82.0	 90.0	1	    0
	    0
	    0
	    0
	    0
 1579	    3	 32.3	 31.9	 23.3	  4.5	 72.3	 41.1	0	    0
	    0
	    0
	    0
	    0
	    0
	    0
	    0
	    0
	    0
	    0
	    0
	    0
	    0
	    0
	    0
	    0
	    0
	    0
	    0
	    0
	    0
	    0
	    0
	    0
	    0
	    0
	    0
	    0
	    0
	    0
	    0
	    0
	    0
	    0
	    0
	    0
	    0
	    0
	    0
	    0
	    0
	    0
	    0
	    0
	    0
	    0
	    0
	    0
	    0
	    0
	    0
 1631	    5	 36.5	 26.8	 13.6	  8.5	 21.9	 70.1	0	    0
	    0
	    0
	    0
	    0
	    0
	    0
	    0
	    0
	    0
	    0
	    0
	    0
	    0
	    0
	    0
	    0
	    0
	    0
	    0
	    0
	    0
	    0
	    0
	    0
	    0
	    0
	    0
	    0
	    0
	    0
	    0
	    0
	    0
	    0
	    0
 1667	    5	 38.3	 27.0	 13.7	  8.8	 78.2	 82.8	0	    0
	    0
	    0
	    0
	    0
	    0
	    0
	    0
	    0
	    0
	    0
	    0
	    0
	    0
	    0
	    0
	    0
 1684	    3	 30.6	 32.0	 23.6	  4.3	 28.9	 70.2	0	    0
	    0
	    0
	    0
	    0
	    0
	    0
	    0
	    0
	    0
	    0
	    0
	    0
	    0
	    0
	    0
 1700	    5	 35.2	 26.5	 13.5	  8.3	 77.5	  5.0	0	    0
	    0
	    0
	    0
	    0
	    0
 1706	    5	 42.5	 27.6	 14.1	  9.4	 83.1	 93.5	0	    0
	    0
	    0
	    0
	    0
	    0
	    0
 1713	    3	 32.6	 31.6	 23.0	  4.5	 90.7	 74.6	0	    0
	    0
	    0
	    0
	    0
	    0
	    0
 1720	    5	 38.4	 27.0	 13.8	  8.8	 38.1	 18.7	0	    0
	    0
	    0
	    0
	    0
	    0
	    0
	    0
	    0
	    0
	    0
	    0
	    0
	    0
	    0
 1735	    3	 35.0	 32.8	 24.0	  4.7	 77.6	 83.8	0	    0
	    0
	    0
	    0
 1739	    3	 30.7	 31.2	 22.8	  4.3	  2.1	 92.6	0	    0
	    0
	    0
	    0
 1743	    5	 42.7	 27.4	 14.0	  9.5	 72.5	  2.0	0	    0
	    0
	    0
	    0
	    0
	    0
	    0
	    0
	    0
	    0
	    0
	    0
	    0
	    0
	    0
	    0
	    0
	    0
	    0
	    0
 1763	    5	 34.4	 26.4	 13.4	  8.2	 91.3	 99.3	0	    0
	    0
	    0
	    0
 1767	    3	 31.0	 31.6	 23.2	  4.3	 13.8	 76.9	1	    0
	    0
	    0
	    0
	    0
	    0
	    0
	    0
	    0
	    0
	    0
	    0
	    0
	    0
	    0
 1782	    5	 40.6	 27.3	 13.9	  9.1	 78.7	 59.3	0	    0
	    0
	    0
 1785	    5	 40.6	 27.4	 14.0	  9.1	 65.9	  1.1	0	    0
	    0
	    0
	    0
	    0
	    0
	    0
	    0
	    0
	    0
	    0
 1796	    3	 34.5	 32.8	 24.1	  4.7	 13.9	 19.3	0	    0
	    0
	    0
	    0
	    0
	    0
	    0
	    0
	    0
	    0
	    0
 1807	    3	 32.3	 31.8	 23.2	  4.5	 32.0	  8.9	1	    0
	    0
	    0
	    0
	    0
	    0
	    0
	    0
	    0
	    0
	    0
	    0
	    0
	    0
	    0
 1822	    5	 38.3	 26.8	 13.7	  8.8	 11.9	 56.3	0	    0
 1823	    5	 35.8	 26.7	 13.6	  8.4	 18.2	 74.4	0	    0
	    0
	    0
	    0
	    0
	    0
	    0
	    0
	    0
	    0
	    0
	    0
	    0
	    0
	    0
	    0
	    0
	    0
	    0
	    0
	    0
	    0
	    0
	    0
	    0
	    0
	    0
	    0
	    0
	    0
 1853	    5	 42.8	 27.5	 14.1	  9.5	 70.6	 15.2	0	    0
	    0
	    0
 1856	    5	 41.1	 27.3	 14.0	  9.2	 13.5	 22.3	0	    0
	    0
	    0
	    0
	    0
	    0
	    0
	    0
	    0
	    0
	    0
	    0
	    0
	    0
	    0
	    0
	    0
	    0
	    0
	    0
	    0
	    0
	    0
	    0
	    0
	    0
	    0
	    0
	    0
 1885	    5	 42.0	 27.7	 14.2	  9.3	 75.3	  6.2	0	    0
	    0
 1887	    3	 30.4	 31.5	 23.1	  4.3	 92.7	 82.8	0	    0
	    0
	    0
	    0
	    0
	    0
	    0
	    0
 1895	    5	 37.0	 26.6	 13.5	  8.6	 45.2	 97.5	0	    0
	    0
	    0
	    0
	    0
	    0
	    0
	    0
	    0
	    0
	    0
	    0
	    0
	    0
	    0
	    0
	    0
	    0
 1913	    5	 39.9	 27.1	 13.8	  9.0	 95.2	 17.5	0	    0
	    0
	    0
 1916	    3	 32.2	 31.8	 23.3	  4.5	 66.4	 64.0	0	    0
	    0
	    0
	    0
	    0
	    0
	    0
	    0
	    0
	    0
	    0
	    0
 1928	    5	 42.6	 27.2	 13.9	  9.5	 13.6	 62.9	1	    0
	    0
	    0
 1931	    5	 38.2	 27.1	 13.8	  8.7	 63.0	 44.8	0	    0
	    0
	    0
	    0
	    0
	    0
	    0
	    0
	    0
	    0
	    0
	    0
	    0
	    0
	    0
	    0
	    0
	    0
	    0
	    0
	    0
	    0
 1953	    5	 36.7	 26.6	 13.5	  8.6	 29.6	  1.9	0	    0
	    0
	    0
	    0
	    0
	    0
	    0
	    0
	    0
	    0
	    0
	    0
	    0
	    0
	    0
	    0
	    0
	    0
	    0
	    0
	    0
	    0
	    0
	    0
	    0
	    0
	    0
	    0
	    0
	    0
 1983	    5	 41.5	 27.2	 13.9	  9.3	  9.5	  0.4	0	    0
	    0
	    0
	    0
	    0
	    0
	    0
	    0
	    0
	    0
	    0
	    0
	    0
	    0
	    0
	    0
	    0
	    0
	    0
	    0
	    0
 2004	    3	 30.2	 31.8	 23.4	  4.2	  0.3	 70.7	0	    0
	    0
	    0
	    0
	    0
	    0
 2010	    3	 32.3	 32.3	 23.7	  4.5	 11.7	 17.9	0	    0
	    0
	    0
	    0
	    0
	    0
	    0
	    0
	    0
	    0
	    0
 2021	    3	 32.2	 31.8	 23.3	  4.5	 45.1	 59.7	0	    0
	    0
	    0
 2024	    5	 41.8	 27.2	 13.9	  9.4	  3.9	 47.8	0	    0
	    0
	    0
	    0
	    0
	    0
	    0
	    0
	    0
	    0
 2034	    5	 40.5	 27.1	 13.9	  9.1	 86.4	 21.8	0	    0
	    0
	    0
	    0
	    0
	    0
	    0
	    0
	    0
	    0
	    0
	    0
	    0
 2047	    5	 45.0	 28.0	 14.4	  9.8	 89.0	 58.8	0	    0
	    0
	    0
	    0
	    0
	    0
	    0
	    0
	    0
	    0
	    0
	    0
	    0
	    0
	    0
 2062	    5	 39.1	 26.3	 13.4	  9.0	 50.4	  3.2	0	    0
	    0
	    0
	    0
	    0
	    0
	    0
	    0
 2070	    5	 35.0	 26.5	 13.5	  8.3	 78.8	 48.8	0	    0
	    0
	    0
	    0
	    0
	    0
	    0
	    0
	    0
	    0
	    0
	    0
	    0
	    0
 2084	    5	 38.2	 26.5	 13.5	  8.8	 54.1	 29.3	0	    0
	    0
	    0
	    0
	    0
 2089	    5	 38.4	 27.1	 13.8	  8.8	 91.4	 96.7	0	    0
	    0
	    0
	    0
	    0
	    0
	    0
	    0
	    0
	    0
	    0
	    0
	    0
	    0
	    0
	    0
	    0
	    0
	    0
	    0
	    0
	    0
	    0
	    0
	    0
	    0
	    0
 2116	    5	 43.1	 27.8	 14.2	  9.5	 24.3	 35.0	0	    0
	    0
	    0
	    0
	    0
	    0
	    0
	    0
	    0
	    0
	    0
	    0
	    0
	    0
	    0
	    0
	    0
	    0
	    0
	    0
	    0
	    0
	    0
	    0
	    0
	    0
	    0
	    0
	    0
	    0
	    0
	    0
	    0
	    0
	    0
	    0
	    0
	    0
	    0
	    0
	    0
	    0
	    0
	    0
	    0
	    0
	    0
	    0
	    0
	    0
	    0
	    0
	    0
	    0
	    0
	    0
	    0
	    0
	    0
 2175	    3	 30.8	 31.4	 23.0	  4.3	 27.0	 56.0	1	    0
	    0
	    0
	    0
	    0
	    0
	    0
	    0
	    0
	    0
	    0
	    0
	    0
	    0
	    0
	    0
	    0
	    0
	    0
	    0
	    0
	    0
	    0
	    0
	    0
	    0
	    0
	    0
	    0
	    0
	    0
	    0
	    0
	    0
	    0
	    0
	    0
	    0
	    0
	    0
	    0
	    0
	    0
	    0
	    0
	    0
 2221	    5	 37.5	 26.9	 13.7	  8.7	 69.2	 50.4	0	    0
	    0
	    0
	    0
	    0
	    0
	    0
	    0
	    0
	    0
	    0
	    0
	    0
	    0
	    0
	    0
	    0
	    0
	    0
	    0
	    0
	    0
	    0
	    0
	    0
 2246	    3	 31.8	 32.0	 23.4	  4.4	 93.7	 48.1	0	    0
	    0
	    0
	    0
	    0
	    0
 2252	    3	 31.8	 32.2	 23.6	  4.4	  2.2	 70.7	0	    0
	    0
	    0
	    0
 2256	    3	 32.3	 31.6	 23.0	  4.5	  4.4	 18.0	0	    0
 2257	    5	 45.7	 27.8	 14.2	  9.9	 40.1	 65.0	0	    0
	    0
	    0
	    0
	    0
	    0
	    0
	    0
	    0
	    0
	    0
	    0
	    0
	    0
	    0
	    0
	    0
	    0
	    0
	    0
	    0
	    0
	    0
	    0
	    0
	    0
	    0
	    0
	    0
	    0
	    0
	    0
	    0
	    0
	    0
	    0
	    0
	    0
	    0
	    0
	    0
	    0
	    0
	    0
	    0
	    0
	    0
	    0
	    0
	    0
	    0
 2308	    3	 33.4	 32.0	 23.4	  4.6	 47.6	 18.3	0	    0
	    0
	    0
 2311	    3	 34.2	 32.2	 23.5	  4.7	 37.5	 56.0	0	    0
	    0
	    0
	    0
	    0
 2316	    3	 34.5	 32.8	 24.1	  4.7	 26.2	 58.2	0	    0
	    0
	    0
	    0
	    0
	    0
	    0
	    0
	    0
	    0
	    0
	    0
 2328	    5	 41.2	 27.6	 14.1	  9.2	 30.5	 40.4	1	    0
	    0
	    0
	    0
	    0
	    0
	    0
	    0
	    0
	    0
	    0
 2339	    5	 36.6	 26.5	 13.5	  8.6	 39.8	 91.2	0	    0
 2340	    3	 30.4	 31.2	 22.7	  4.3	  9.7	 78.2	1	    0
	    0
	    0
	    0
	    0
	    0
	    0
	    0
	    0
	    0
	    0
	    0
	    0
	    0
	    0
	    0
	    0
 2357	    5	 41.5	 27.5	 14.0	  9.3	 84.9	 33.0	0	    0
	    0
 2359	    5	 40.9	 27.4	 14.0	  9.2	 25.9	 14.8	0	    0
	    0
	    0
	    0
	    0
	    0
	    0
	    0
	    0
	    0
	    0
 2370	    5	 45.4	 27.6	 14.2	  9.9	 87.9	 79.1	0	    0
	    0
	    0
	    0
	    0
	    0
	    0
	    0
	    0
	    0
	    0
	    0
	    0
 2383	    5	 38.3	 26.9	 13.7	  8.8	 90.7	 65.4	0	    0
	    0
	    0
	    0
	    0
	    0
	    0
	    0
 2391	    5	 42.4	 27.3	 13.9	  9.4	 74.2	 33.3	0	    0
	    0
	    0
	    0
	    0
	    0
	    0
	    0
	    0
	    0
	    0
	    0
	    0
	    0
	    0
	    0
	    0
	    0
	    0
	    0
	    0
	    0
	    0
	    0
	    0
	    0
	    0
	    0
	    0
	    0
	    0
	    0
 2423	    3	 32.9	 31.8	 23.2	  4.5	 11.8	 82.0	1	    0
	    0
	    0
	    0
	    0
	    0
	    0
	    0
	    0
	    0
	    0
	    0
 2435	    5	 34.7	 26.3	 13.4	  8.2	 89.9	 30.5	0	    0
	    0
	    0
	    0
	    0
	    0
	    0
	    0
	    0
	    0
	    0
	    0
	    0
	    0
	    0
	    0
 2451	    3	 32.1	 31.9	 23.3	  4.5	 59.6	 90.2	0	    0
	    0
	    0
	    0
	    0
	    0
	    0
	    0
	    0
	    0
	    0
	    0
	    0
	    0
 2465	    5	 46.4	 28.2	 14.5	 10.0	 63.9	 31.0	0	    0
	    0
	    0
	    0
	    0
	    0
	    0
	    0
	    0
	    0
	    0
	    0
	    0
	    0
	    0
	    0
	    0
 2482	    5	 40.0	 27.1	 13.9	  9.0	 52.1	 46.0	0	    0
 2483	    5	 45.0	 28.2	 14.5	  9.7	 90.7	 19.8	0	    0
	    0
	    0
	    0
	    0
	    0
 2489	    5	 46.3	 28.4	 14.6	  9.9	 58.4	 11.1	0	    0
 2490	    3	 30.7	 31.7	 23.2	  4.3	 37.5	  2.1	0	    0
	    0
	    0
	    0
	    0
	    0
	    0
	    0
	    0
	    0
	    0
	    0
	    0
	    0
	    0
	    0
	    0
 2507	    5	 48.0	 28.3	 14.6	 10.2	  3.9	 80.9	1	    0
	    0
	    0
	    0
	    0
	    0
	    0
	    0
	    0
	    0
	    0
	    0
	    0
	    0
 2521	    3	 35.1	 32.8	 24.1	  4.7	 45.5	 55.5	0	    0
	    0
	    0
	    0
	    0
	    0
	    0
	    0
	    0
	    0
	    0
	    0
 2533	    5	 38.7	 26.8	 13.7	  8.9	 90.2	 27.0	0	    0
	    0
	    0
 2536	    3	 32.0	 31.6	 23.1	  4.5	 31.4	 51.8	0	    0
 2537	    3	 33.6	 32.4	 23.7	  4.6	 11.2	 50.7	0	    0
	    0
	    0
	    0
	    0
	    0
	    0
	    0
 2545	    5	 47.4	 28.3	 14.6	 10.1	 28.6	 45.2	0	    0
	    0
	    0
	    0
	    0
	    0
	    0
	    0
	    0
 2554	    5	 29.1	 25.0	 12.7	  7.4	 31.4	 22.3	0	    0
	    0
	    0
	    0
	    0
	    0
	    0
	    0
	    0
	    0
	    0
	    0
	    0
	    0
	    0
	    0
	    0
	    0
	    0
	    0
	    0
	    0
	    0
	    0
	    0
	    0
	    0
	    0
	    0
	    0
	    0
	    0
	    0
	    0
	    0
	    0
	    0
	    0
 2592	    5	 42.8	 27.4	 14.0	  9.5	 58.1	 45.0	0	    0
	    0
	    0
	    0
	    0
	    0
	    0
	    0
	    0
	    0
	    0
	    0
	    0
	    0
	    0
	    0
	    0
	    0
	    0
	    0
	    0
	    0
	    0
	    0
	    0
	    0
	    0
	    0
	    0
 2621	    3	 31.9	 31.9	 23.4	  4.4	  2.5	 52.9	0	    0
 2622	    3	 29.9	 30.6	 22.2	  4.3	 73.9	 27.8	0	    0
	    0
	    0
	    0
	    0
	    0
	    0
	    0
	    0
	    0
	    0
	    0
 2634	    5	 40.8	 27.1	 13.8	  9.2	 56.2	  4.4	0	    0
	    0
	    0
	    0
	    0
	    0
	    0
	    0
	    0
	    0
	    0
	    0
	    0
	    0
	    0
	    0
	    0
	    0
	    0
	    0
	    0
	    0
	    0
	    0
	    0
	    0
	    0
	    0
	    0
	    0
	    0
	    0
	    0
	    0
	    0
	    0
	    0
 2671	    5	 30.6	 25.1	 12.7	  7.6	  1.9	 61.0	0	    0
	    0
	    0
	    0
	    0
	    0
	    0
 2678	    3	 30.9	 31.3	 22.9	  4.3	 21.5	 74.8	1	    0
	    0
	    0
	    0
	    0
	    0
	    0
	    0
	    0
	    0
	    0
	    0
	    0
	    0
	    0
	    0
	    0
	    0
	    0
	    0
	    0
	    0
	    0
	    0
	    0
	    0
	    0
	    0
 2706	    5	 37.0	 26.8	 13.6	  8.6	 56.7	 85.4	0	    0
 2707	    5	 37.1	 26.9	 13.7	  8.6	 89.4	 40.2	0	    0
	    0
	    0
	    0
 2711	    5	 44.7	 27.8	 14.2	  9.7	 74.4	 18.0	0	    0
	    0
	    0
	    0
	    0
	    0
	    0
	    0
	    0
	    0
	    0
	    0
	    0
	    0
	    0
	    0
	    0
	    0
	    0
	    0
	    0
	    0
	    0
	    0
	    0
	    0
	    0
	    0
	    0
 2740	    5	 39.1	 27.2	 13.9	  8.9	 72.1	 50.7	0	    0
	    0
 2742	    3	 32.4	 32.1	 23.5	  4.5	 75.1	 72.3	0	    0
	    0
	    0
	    0
	    0
	    0
	    0
	    0
	    0
	    0
	    0
	    0
	    0
	    0
	    0
	    0
	    0
 2759	    3	 33.8	 32.5	 23.8	  4.6	 28.8	 60.3	0	    0
 2760	    5	 40.6	 27.0	 13.7	  9.2	 56.8	 66.9	0	    0
	    0
	    0
	    0
	    0
 2765	    3	 32.4	 31.5	 23.0	  4.5	 78.8	 26.0	0	    0
	    0
	    0
	    0
	    0
	    0
	    0
	    0
	    0
	    0
	    0
	    0
 2777	    3	 30.3	 30.2	 21.8	  4.3	 62.3	 44.5	0	    0
 2778	    3	 31.3	 31.1	 22.6	  4.4	 22.7	 15.1	1	    0
	    0
	    0
	    0
 2782	    3	 32.2	 31.6	 23.0	  4.5	 32.5	 56.4	0	    0
	    0
 2784	    5	 47.7	 28.1	 14.4	 10.2	 24.3	 86.9	0	    0
	    0
	    0
	    0
	    0
	    0
	    0
	    0
	    0
	    0
 2794	    3	 30.6	 30.8	 22.4	  4.3	 97.4	 98.5	0	    0
	    0
 2796	    3	 35.8	 33.2	 24.4	  4.8	 56.9	 58.8	0	    0
	    0
	    0
	    0
	    0
	    0
	    0
	    0
	    0
	    0
 2806	    5	 41.2	 27.1	 13.8	  9.3	 15.0	 81.8	0	    0
	    0
	    0
	    0
	    0
	    0
	    0
	    0
	    0
	    0
	    0
	    0
	    0
	    0
	    0
	    0
 2822	    3	 31.4	 31.9	 23.3	  4.4	 45.9	 62.3	0	    0
	    0
	    0
	    0
	    0
	    0
	    0
	    0
	    0
 2831	    5	 29.8	 25.6	 13.0	  7.4	 55.0	 48.8	1	    0
	    0
	    0
	    0
	    0
	    0
	    0
	    0
	    0
	    0
	    0
	    0
	    0
	    0
	    0
	    0
	    0
	    0
	    0
	    0
	    0
	    0
 2853	    5	 39.9	 26.5	 13.5	  9.1	 57.4	 77.1	0	    0
	    0
	    0
	    0
	    0
	    0
	    0
	    0
 2861	    5	 47.4	 28.5	 14.7	 10.1	 40.9	 42.4	0	    0
	    0
	    0
	    0
	    0
	    0
	    0
	    0
	    0
 2870	    3	 31.1	 30.5	 22.0	  4.4	 42.3	 89.8	0	    0
	    0
	    0
	    0
	    0
	    0
	    0
	    0
	    0
	    0
	    0
	    0
	    0
	    0
	    0
	    0
 2886	    5	 41.0	 27.4	 14.0	  9.2	  8.9	 72.6	0	    0
	    0
	    0
	    0
	    0
	    0
	    0
	    0
	    0
	    0
 2896	    3	 28.9	 30.9	 22.6	  4.1	 56.7	 89.5	0	    0
	    0
	    0
	    0
	    0
	    0
	    0
 2903	    5	 46.9	 28.1	 14.4	 10.1	 46.8	 12.5	0	    0
	    0
	    0
 2906	    5	 38.0	 27.0	 13.8	  8.7	 19.6	 53.7	0	    0
	    0
	    0
	    0
	    0
	    0
	    0
	    0
	    0
	    0
	    0
	    0
	    0
	    0
	    0
	    0
	    0
	    0
	    0
	    0
	    0
	    0
	    0
 2929	    5	 38.8	 26.9	 13.7	  8.9	 25.3	  6.6	0	    0
	    0
	    0
	    0
	    0
 2934	    5	 41.6	 27.2	 13.9	  9.3	 73.1	 64.7	0	    0
 2935	    3	 35.5	 33.0	 24.2	  4.8	 46.7	 68.3	1	    0
 2936	    5	 34.5	 26.2	 13.3	  8.2	 89.9	 22.6	0	    0
	    0
	    0
	    0
	    0
 2941	    5	 47.5	 28.3	 14.6	 10.1	 43.6	 84.8	0	    0
	    0
	    0
	    0
	    0
	    0
	    0
	    0
	    0
	    0
	    0
	    0
	    0
	    0
	    0
	    0
	    0
	    0
	    0
	    0
	    0
	    0
	    0
	    0
	    0
	    0
	    0
	    0
	    0
 2970	    3	 33.7	 32.6	 23.9	  4.6	 50.0	 43.2	1	    0
	    0
	    0
	    0
	    0
	    0
	    0
	    0
	    0
	    0
	    0
	    0
	    0
	    0
	    0
	    0
	    0
	    0
	    0
	    0
	    0
	    0
	    0
	    0
	    0
	    0
	    0
 2997	    3	 30.2	 31.6	 23.2	  4.2	 31.3	 11.5	1	    0
	    0
	    0
	    0
	    0
	    0
	    0
 3004	    3	 32.3	 32.2	 23.6	  4.5	 79.1	 66.2	0	    0
	    0
	    0
	    0
	    0
	    0
	    0
	    0
	    0
	    0
	    0
	    0
	    0
 3017	    3	 32.2	 32.1	 23.5	  4.5	 15.3	 65.7	0	    0
	    0
	    0
	    0
	    0
 3022	    3	 32.9	 31.8	 23.2	  4.6	 79.3	 14.6	0	    0
	    0
	    0
	    0
	    0
	    0
	    0
	    0
	    0
	    0
 3032	    5	 39.6	 27.3	 13.9	  9.0	 77.1	 52.0	0	    0
	    0
	    0
	    0
	    0
	    0
	    0
	    0
	    0
	    0
	    0
	    0
	    0
	    0
	    0
	    0
	    0
	    0
	    0
	    0
	    0
	    0
	    0
	    0
	    0
	    0
	    0
	    0
	    0
	    0
 3062	    5	 42.9	 27.3	 14.0	  9.5	 94.7	 23.4	0	    0
	    0
	    0
	    0
	    0
	    0
	    0
	    0
	    0
	    0
	    0
	    0
	    0
	    0
	    0
	    0
	    0
	    0
	    0
	    0
	    0
	    0
	    0
 3085	    5	 45.8	 27.9	 14.3	  9.9	  7.5	 35.4	0	    0
	    0
	    0
	    0
	    0
	    0
	    0
	    0
	    0
	    0
	    0
	    0
	    0
	    0
	    0
 3100	    5	 39.6	 27.3	 13.9	  9.0	 76.8	 29.6	0	    0
	    0
	    0
	    0
	    0
 3105	    3	 34.4	 32.8	 24.0	  4.7	 21.8	 82.4	0	    0
	    0
	    0
	    0
	    0
	    0
	    0
 3112	    5	 39.6	 26.9	 13.7	  9.0	 89.7	 62.0	0	    0
	    0
	    0
	    0
	    0
	    0
	    0
	    0
	    0
	    0
	    0
	    0
	    0
	    0
	    0
	    0
	    0
	    0
	    0
	    0
	    0
	    0
	    0
	    0
	    0
	    0
	    0
	    0
	    0
	    0
	    0
 3143	    3	 33.2	 32.0	 23.3	  4.6	 50.7	 25.5	0	    0
	    0
 3145	    3	 31.0	 30.9	 22.5	  4.4	 77.0	 86.6	0	    0
	    0
	    0
	    0
	    0
	    0
	    0
	    0
	    0
	    0
 3155	    3	 35.5	 33.1	 24.3	  4.8	 34.5	 38.3	0	    0
	    0
	    0
	    0
	    0
	    0
	    0
	    0
	    0
	    0
	    0
	    0
	    0
	    0
 3169	    5	 44.4	 27.8	 14.2	  9.7	  5.0	 16.4	0	    0
	    0
	    0
	    0
	    0
	    0
	    0
	    0
	    0
	    0
 3179	    5	 37.8	 26.7	 13.6	  8.7	 17.3	 58.2	0	    0
	    0
	    0
	    0
	    0
	    0
	    0
	    0
 3187	    5	 38.8	 27.0	 13.8	  8.9	 64.2	 44.1	0	    0
	    0
	    0
	    0
	    0
	    0
	    0
	    0
	    0
	    0
	    0
	    0
	    0
 3200	    3	 31.1	 31.8	 23.3	  4.3	 19.9	 96.2	0	    0
	    0
	    0
	    0
	    0
	    0
	    0
	    0
	    0
	    0
	    0
	    0
	    0
	    0
	    0
	    0
	    0
	    0
	    0
	    0
	    0
	    0
 3222	    3	 35.1	 32.9	 24.2	  4.7	 52.2	 15.6	0	    0
	    0
	    0
	    0
	    0
	    0
	    0
	    0
	    0
	    0
	    0
	    0
	    0
	    0
 3236	    5	 31.4	 25.8	 13.1	  7.7	  6.9	 18.6	0	    0
	    0
	    0
	    0
	    0
	    0
	    0
	    0
	    0
	    0
	    0
	    0
	    0
	    0
	    0
	    0
	    0
	    0
	    0
	    0
 3256	    3	 35.6	 33.2	 24.4	  4.8	 72.2	 58.0	0	    0
 3257	    3	 31.3	 31.2	 22.7	  4.4	 26.6	 11.1	0	    0
	    0
	    0
	    0
	    0
	    0
	    0
	    0
	    0
	    0
	    0
	    0
	    0
	    0
 3271	    5	 41.6	 27.4	 14.0	  9.3	 57.6	 99.6	0	    0
	    0
	    0
	    0
	    0
	    0
	    0
	    0
	    0
	    0
	    0
	    0
	    0
	    0
	    0
	    0
	    0
	    0
	    0
	    0
	    0
	    0
 3293	    3	 35.9	 32.9	 24.1	  4.8	 13.3	 96.9	0	    0
	    0
	    0
	    0
	    0
	    0
	    0
	    0
 3301	    3	 32.2	 31.4	 22.8	  4.5	 23.0	 57.9	0	    0
	    0
	    0
	    0
	    0
	    0
	    0
	    0
	    0
	    0
	    0
 3312	    5	 46.8	 28.0	 14.4	 10.1	  6.9	 27.6	0	    0
	    0
	    0
	    0
	    0
 3317	    5	 38.9	 26.9	 13.7	  8.9	 11.3	 33.7	0	    0
	    0
 3319	    3	 34.1	 32.8	 24.1	  4.6	 40.6	 78.1	0	    0
	    0
 3321	    5	 46.5	 28.3	 14.5	 10.0	  9.1	 90.6	0	    0
	    0
	    0
	    0
	    0
	    0
	    0
	    0
	    0
	    0
	    0
	    0
	    0
	    0
	    0
	    0
	    0
	    0
	    0
	    0
	    0
	    0
	    0
	    0
	    0
	    0
 3347	    3	 31.0	 31.3	 22.8	  4.4	 75.5	 71.9	1	    0
	    0
	    0
	    0
	    0
	    0
	    0
	    0
	    0
	    0
	    0
	    0
	    0
	    0
	    0
	    0
	    0
	    0
	    0
 3366	    3	 32.6	 32.0	 23.3	  4.5	 78.1	 33.9	0	    0
	    0
	    0
	    0
 3370	    5	 43.0	 27.7	 14.2	  9.5	 56.9	 23.6	0	    0
	    0
	    0
	    0
 3374	    5	 46.7	 27.8	 14.3	 10.1	 36.0	 92.8	0	    0
	    0
	    0
	    0
	    0
	    0
	    0
	    0
 3382	    5	 44.1	 27.7	 14.2	  9.7	 98.9	 33.9	0	    0
	    0
	    0
	    0
	    0
	    0
	    0
	    0
	    0
	    0
	    0
	    0
	    0
	    0
	    0
	    0
	    0
	    0
	    0
	    0
	    0
	    0
	    0
	    0
	    0
 3407	    5	 41.8	 27.2	 13.9	  9.4	 54.9	 15.3	0	    0
	    0
	    0
	    0
	    0
	    0
	    0
	    0
	    0
	    0
	    0
	    0
	    0
	    0
	    0
	    0
	    0
	    0
	    0
	    0
	    0
	    0
	    0
	    0
	    0
	    0
	    0
 3434	    3	 31.5	 31.5	 23.0	  4.4	 85.1	 64.7	0	    0
	    0
	    0
	    0
	    0
	    0
	    0
	    0
	    0
	    0
	    0
	    0
	    0
	    0
	    0
	    0
	    0
	    0
	    0
	    0
	    0
	    0
	    0
	    0
	    0
	    0
	    0
	    0
	    0
	    0
	    0
	    0
	    0
	    0
	    0
	    0
	    0
	    0
	    0
 3473	    5	 37.0	 26.3	 13.4	  8.6	 15.7	 18.5	0	    0
	    0
 3475	    3	 31.9	 31.8	 23.3	  4.4	 18.2	 20.9	0	    0
	    0
	    0
	    0
	    0
	    0
	    0
	    0
	    0
	    0
	    0
	    0
	    0
	    0
	    0
	    0
	    0
	    0
	    0
	    0
	    0
	    0
	    0
	    0
	    0
	    0
	    0
	    0
	    0
	    0
	    0
	    0
	    0
	    0
	    0
	    0
 3511	    5	 41.3	 27.1	 13.9	  9.3	 51.3	 64.2	0	    0
	    0
	    0
	    0
	    0
	    0
	    0
	    0
	    0
	    0
	    0
	    0
	    0
 3524	    3	 31.0	 31.4	 22.9	  4.4	 82.8	 74.1	0	    0
	    0
	    0
	    0
	    0
	    0
	    0
	    0
	    0
	    0
	    0
	    0
	    0
	    0
	    0
	    0
	    0
	    0
	    0
	    0
	    0
	    0
	    0
	    0
	    0
	    0
	    0
	    0
	    0
	    0
	    0
	    0
	    0
	    0
	    0
	    0
	    0
	    0
	    0
	    0
	    0
	    0
	    0
	    0
	    0
	    0
 3570	    3	 31.1	 30.8	 22.3	  4.4	 74.7	 71.5	1	    0
	    0
	    0
	    0
	    0
	    0
	    0
	    0
	    0
	    0
	    0
	    0
	    0
	    0
	    0
	    0
	    0
	    0
	    0
	    0
	    0
	    0
	    0
	    0
	    0
	    0
	    0
	    0
	    0
	    0
	    0
	    0
	    0
	    0
	    0
	    0
	    0
 3607	    5	 41.7	 27.4	 14.0	  9.3	 55.5	 37.9	0	    0
	    0
	    0
	    0
	    0
	    0
 3613	    5	 38.8	 27.0	 13.8	  8.9	 85.6	 91.1	0	    0
	    0
	    0
	    0
	    0
	    0
	    0
	    0
	    0
	    0
	    0
	    0
	    0
	    0
	    0
	    0
	    0
 3630	    5	 44.7	 27.9	 14.3	  9.7	 35.3	 61.3	0	    0
	    0
	    0
	    0
	    0
	    0
	    0
 3637	    5	 35.6	 26.3	 13.4	  8.4	 21.0	 17.1	0	    0
	    0
	    0
	    0
	    0
	    0
	    0
	    0
	    0
	    0
	    0
	    0
	    0
	    0
	    0
	    0
	    0
	    0
	    0
	    0
	    0
	    0
	    0
	    0
	    0
	    0
	    0
	    0
	    0
	    0
	    0
	    0
	    0
	    0
	    0
	    0
	    0
	    0
 3675	    3	 31.2	 31.9	 23.4	  4.3	 16.1	  6.8	0	    0
	    0
	    0
	    0
	    0
	    0
	    0
	    0
	    0
	    0
	    0
	    0
	    0
	    0
	    0
	    0
	    0
	    0
	    0
	    0
	    0
	    0
	    0
	    0
	    0
	    0
	    0
	    0
	    0
	    0
 3705	    5	 44.6	 28.0	 14.4	  9.7	 37.2	 51.7	0	    0
	    0
	    0
	    0
	    0
	    0
	    0
	    0
	    0
	    0
	    0
	    0
	    0
	    0
	    0
	    0
	    0
	    0
	    0
	    0
	    0
	    0
	    0
	    0
	    0
	    0
 3731	    5	 44.2	 27.8	 14.2	  9.7	 59.4	 36.7	0	    0
	    0
	    0
	    0
	    0
	    0
	    0
	    0
 3739	    5	 47.8	 28.2	 14.5	 10.2	  8.3	 65.5	0	    0
	    0
	    0
	    0
 3743	    3	 34.2	 32.6	 23.9	  4.7	  8.5	 46.9	0	    0
	    0
	    0
	    0
	    0
	    0
	    0
	    0
	    0
	    0
	    0
	    0
	    0
	    0
	    0
	    0
	    0
	    0
	    0
	    0
	    0
	    0
	    0
	    0
	    0
	    0
 3769	    5	 38.5	 27.0	 13.8	  8.8	 23.3	 68.0	0	    0
	    0
	    0
	    0
	    0
	    0
	    0
	    0
	    0
	    0
	    0
 3780	    3	 36.0	 33.1	 24.3	  4.8	 82.9	 54.7	0	    0
	    0
	    0
	    0
	    0
	    0
	    0
	    0
	    0
	    0
	    0
	    0
	    0
	    0
	    0
	    0
	    0
	    0
	    0
	    0
	    0
	    0
	    0
 3803	    5	 37.3	 26.9	 13.7	  8.6	 32.5	  0.4	0	    0
	    0
	    0
 3806	    5	 44.0	 27.6	 14.1	  9.7	 49.8	 27.8	0	    0
	    0
	    0
	    0
	    0
	    0
	    0
	    0
 3814	    3	 35.9	 33.1	 24.3	  4.8	 54.0	 34.6	0	    0
	    0
	    0
	    0
	    0
	    0
	    0
	    0
	    0
	    0
	    0
	    0
	    0
	    0
	    0
	    0
	    0
	    0
	    0
	    0
	    0
	    0
	    0
	    0
	    0
	    0
	    0
	    0
	    0
	    0
	    0
	    0
	    0
	    0
	    0
	    0
	    0
	    0
	    0
	    0
	    0
	    0
	    0
	    0
	    0
 3859	    5	 42.0	 27.3	 13.9	  9.4	 81.4	 69.6	0	    0
	    0
	    0
	    0
	    0
	    0
	    0
	    0
	    0
	    0
	    0
	    0
	    0
	    0
	    0
	    0
	    0
	    0
	    0
	    0
 3879	    5	 44.8	 28.0	 14.4	  9.7	 86.7	 43.4	0	    0
	    0
	    0
	    0
	    0
	    0
	    0
	    0
	    0
	    0
 3889	    5	 37.2	 27.0	 13.8	  8.6	 17.3	 88.9	0	    0
	    0
	    0
	    0
	    0
	    0
	    0
	    0
	    0
	    0
	    0
	    0
	    0
	    0
	    0
	    0
	    0
	    0
	    0
	    0
	    0
	    0
	    0
	    0
	    0
	    0
	    0
	    0
	    0
	    0
	    0
	    0
	    0
	    0
	    0
 3924	    5	 40.9	 27.4	 14.0	  9.2	 91.8	 33.7	0	    0
	    0
	    0
	    0
	    0
	    0
	    0
	    0
	    0
	    0
 3934	    3	 32.9	 32.5	 23.8	  4.5	 49.5	  1.8	0	    0
	    0
	    0
	    0
	    0
	    0
	    0
	    0
	    0
	    0
	    0
	    0
	    0
	    0
	    0
	    0
	    0
	    0
	    0
	    0
	    0
	    0
	    0
	    0
 3958	    5	 46.2	 28.2	 14.5	  9.9	 73.9	 80.4	0	    0
	    0
	    0
	    0
	    0
	    0
	    0
	    0
 3966	    5	 42.9	 27.6	 14.1	  9.5	 86.0	  9.2	0	    0
	    0
	    0
	    0
	    0
	    0
	    0
 3973	    5	 41.5	 27.1	 13.9	  9.3	 94.4	 72.7	0	    0
	    0
	    0
	    0
	    0
	    0
	    0
	    0
	    0
 3982	    3	 32.7	 32.5	 23.9	  4.5	  2.0	  2.5	0	    0
	    0
	    0
 3985	    3	 30.9	 30.9	 22.5	  4.4	 89.2	 41.9	1	    0
	    0
	    0
	    0
	    0
	    0
	    0
	    0
	    0
	    0
	    0
	    0
	    0
	    0
 3999	    5	 43.6	 27.6	 14.2	  9.6	 23.7	 72.9	0	    0
	    0
	    0
	    0
	    0
	    0
	    0
	    0
	    0
	    0
	    0
	    0
	    0
	    0
	    0
	    0
	    0
	    0
	    0
 4018	    5	 32.5	 26.1	 13.3	  7.9	 18.5	 50.7	0	    0
	    0
	    0
	    0
	    0
	    0
	    0
	    0
	    0
	    0
	    0
	    0
	    0
	    0
	    0
	    0
	    0
	    0
	    0
	    0
	    0
	    0
	    0
	    0
	    0
	    0
	    0
	    0
	    0
	    0
	    0
	    0
 4050	    5	 46.9	 28.0	 14.4	 10.1	 46.8	 33.0	0	    0
	    0
	    0
	    0
	    0
	    0
	    0
	    0
	    0
	    0
	    0
	    0
	    0
	    0
	    0
	    0
	    0
	    0
	    0
	    0
	    0
	    0
	    0
	    0
	    0
	    0
	    0
	    0
	    0
	    0
	    0
	    0
	    0
	    0
	    0
	    0
	    0
	    0
	    0
	    0
	    0
 4091	    5	 45.7	 28.1	 14.4	  9.9	 31.5	 81.3	0	    0
	    0
	    0
	    0
	    0
	    0
	    0
	    0
	    0
	    0
	    0
	    0
	    0
	    0
	    0
	    0
	    0
	    0
 4109	    3	 30.8	 31.9	 23.4	  4.3	 31.8	 64.8	0	    0
	    0
	    0
	    0
	    0
	    0
	    0
	    0
	    0
	    0
	    0
	    0
	    0
	    0
	    0
	    0
 4125	    5	 45.4	 28.1	 14.4	  9.8	  1.0	 32.1	1	    0
 4126	    5	 40.4	 27.5	 14.0	  9.1	 19.0	 76.6	0	    0
	    0
	    0
	    0
	    0
	    0
	    0
	    0
	    0
	    0
	    0
	    0
	    0
	    0
	    0
	    0
	    0
	    0
	    0
 4145	    3	 33.5	 32.5	 23.8	  4.6	  9.0	 40.8	0	    0
	    0
	    0
	    0
	    0
	    0
	    0
 4152	    3	 34.2	 32.5	 23.8	  4.7	 36.5	 59.0	0	    0
	    0
	    0
	    0
	    0
	    0
	    0
	    0
	    0
	    0
	    0
	    0
	    0
	    0
	    0
	    0
	    0
	    0
	    0
	    0
	    0
	    0
	    0
	    0
	    0
	    0
	    0
	    0
	    0
	    0
	    0
	    0
 4184	    5	 42.7	 27.4	 14.0	  9.5	 13.2	 71.9	0	    0
	    0
	    0
	    0
 4188	    5	 44.0	 27.4	 14.0	  9.7	 91.5	 90.4	0	    0
	    0
	    0
	    0
	    0
	    0
	    0
	    0
	    0
	    0
	    0
	    0
	    0
	    0
	    0
	    0
	    0
	    0
	    0
	    0
	    0
	    0
	    0
	    0
	    0
	    0
	    0
	    0
	    0
	    0
	    0
	    0
	    0
	    0
	    0
	    0
	    0
	    0
	    0
	    0
	    0
	    0
	    0
	    0
	    0
	    0
	    0
	    0
	    0
	    0
	    0
	    0
	    0
	    0
	    0
	    0
	    0
	    0
	    0
	    0
	    0
	    0
 4250	    3	 35.9	 33.3	 24.5	  4.8	 77.2	 34.4	0	    0
	    0
 4252	    3	 34.4	 32.7	 24.0	  4.7	 49.6	 87.2	0	    0
	    0
	    0
	    0
	    0
	    0
	    0
	    0
	    0
	    0
 4262	    5	 41.3	 27.6	 14.1	  9.2	 46.9	 75.3	0	    0
	    0
	    0
 4265	    3	 33.7	 32.6	 23.9	  4.6	 76.5	  8.8	0	    0
	    0
	    0
	    0
	    0
	    0
	    0
	    0
	    0
	    0
	    0
	    0
	    0
	    0
	    0
	    0
	    0
	    0
	    0
	    0
	    0
	    0
	    0
	    0
	    0
	    0
	    0
	    0
	    0
	    0
	    0
	    0
 4297	    5	 41.1	 27.3	 13.9	  9.2	 12.3	 47.0	0	    0
	    0
	    0
	    0
	    0
	    0
	    0
 4304	    3	 31.8	 31.6	 23.1	  4.4	  3.7	 32.1	0	    0
	    0
	    0
	    0
	    0
	    0
	    0
	    0
	    0
 4313	    5	 43.0	 27.6	 14.1	  9.5	 43.2	 76.3	0	    0
	    0
	    0
	    0
	    0
	    0
	    0
	    0
	    0
	    0
	    0
 4324	    5	 42.2	 26.8	 13.7	  9.5	 99.6	 66.5	0	    0
	    0
	    0
	    0
	    0
	    0
	    0
	    0
 4332	    5	 35.0	 26.5	 13.5	  8.3	 14.6	 32.9	0	    0
 4333	    5	 41.4	 27.7	 14.2	  9.2	 64.3	 50.4	0	    0
	    0
	    0
	    0
	    0
	    0
	    0
	    0
	    0
	    0
	    0
 4344	    5	 31.1	 25.8	 13.1	  7.6	 96.5	 47.1	0	    0
	    0
	    0
	    0
	    0
	    0
	    0
	    0
	    0
 4353	    3	 30.7	 31.3	 22.9	  4.3	 42.9	 52.6	0	    0
	    0
	    0
	    0
	    0
	    0
	    0
	    0
	    0
	    0
	    0
	    0
	    0
	    0
	    0
 4368	    5	 36.2	 26.4	 13.4	  8.5	 19.7	 47.7	0	    0
	    0
	    0
	    0
	    0
	    0
	    0
	    0
	    0
	    0
	    0
	    0
	    0
	    0
	    0
	    0
	    0
	    0
	    0
	    0
	    0
	    0
	    0
	    0
	    0
	    0
	    0
	    0
	    0
	    0
	    0
	    0
	    0
 4401	    5	 37.3	 27.0	 13.8	  8.6	 43.7	 99.7	0	    0
	    0
	    0
	    0
	    0
	    0
	    0
	    0
	    0
	    0
	    0
	    0
	    0
	    0
	    0
	    0
	    0
	    0
 4419	    5	 38.0	 26.9	 13.7	  8.7	 21.9	 12.3	0	    0
	    0
	    0
	    0
	    0
	    0
	    0
 4426	    5	 41.4	 27.3	 14.0	  9.3	 29.6	 52.2	0	    0
	    0
 4428	    5	 40.0	 27.3	 14.0	  9.0	 96.0	 48.2	0	    0
	    0
	    0
	    0
	    0
	    0
	    0
	    0
	    0
	    0
	    0
	    0
	    0
	    0
	    0
	    0
	    0
	    0
	    0
	    0
	    0
	    0
	    0
	    0
	    0
	    0
	    0
	    0
 4456	    5	 40.0	 27.3	 13.9	  9.0	 97.1	  5.5	0	    0
	    0
	    0
	    0
	    0
	    0
	    0
	    0
	    0
	    0
	    0
	    0
	    0
	    0
	    0
	    0
 4472	    5	 39.7	 26.7	 13.6	  9.1	 17.4	 43.0	0	    0
	    0
	    0
	    0
	    0
	    0
	    0
	    0
	    0
	    0
	    0
	    0
	    0
	    0
	    0
	    0
	    0
	    0
	    0
 4491	    3	 34.9	 32.8	 24.1	  4.7	 22.3	 95.3	0	    0
 4492	    5	 42.8	 27.1	 13.9	  9.5	 32.7	  7.6	0	    0
 4493	    3	 33.8	 32.5	 23.8	  4.6	 93.7	 61.8	0	    0
	    0
	    0
	    0
	    0
	    0
	    0
	    0
	    0
	    0
	    0
	    0
	    0
	    0
	    0
	    0
	    0
	    0
	    0
	    0
	    0
	    0
	    0
	    0
	    0
	    0
	    0
	    0
	    0
	    0
	    0
	    0
	    0
	    0
	    0
 4528	    3	 32.2	 31.1	 22.5	  4.5	 59.5	 70.0	0	    0
	    0
	    0
	    0
	    0
	    0
	    0
	    0
	    0
	    0
	    0
 4539	    5	 45.0	 27.5	 14.1	  9.8	 68.9	 10.9	1	    0
	    0
	    0
	    0
	    0
	    0
 4545	    3	 36.1	 33.2	 24.4	  4.8	 55.6	 62.0	0	    0
	    0
	    0
	    0
	    0
	    0
	    0
	    0
	    0
	    0
	    0
	    0
	    0
	    0
	    0
	    0
 4561	    3	 32.8	 32.4	 23.8	  4.5	 22.9	 48.2	0	    0
	    0
	    0
 4564	    3	 35.5	 33.1	 24.3	  4.8	 13.0	  4.0	0	    0
	    0
 4566	    3	 35.9	 33.0	 24.2	  4.8	 98.3	 82.8	0	    0
	    0
	    0
 4569	    5	 39.6	 27.4	 14.0	  8.9	 17.3	 50.3	0	    0
	    0
 4571	    5	 35.5	 26.6	 13.6	  8.3	 99.3	 52.9	0	    0
	    0
	    0
	    0
	    0
	    0
	    0
	    0
	    0
	    0
	    0
	    0
	    0
 4584	    5	 40.1	 26.9	 13.7	  9.1	 46.8	 42.8	0	    0
	    0
	    0
	    0
	    0
	    0
	    0
	    0
	    0
	    0
	    0
	    0
	    0
	    0
	    0
	    0
	    0
	    0
	    0
	    0
	    0
	    0
	    0
	    0
	    0
	    0
	    0
	    0
	    0
	    0
	    0
	    0
	    0
	    0
	    0
	    0
	    0
	    0
	    0
	    0
	    0
 4625	    5	 35.2	 26.1	 13.3	  8.4	 32.2	 38.4	0	    0
 4626	    5	 44.8	 28.0	 14.4	  9.7	 97.4	  1.7	0	    0
	    0
	    0
	    0
	    0
	    0
	    0
	    0
	    0
	    0
	    0
	    0
	    0
	    0
	    0
 4641	    3	 33.5	 32.1	 23.4	  4.6	 26.7	 98.9	0	    0
	    0
	    0
	    0
	    0
	    0
	    0
	    0
	    0
	    0
	    0
	    0
	    0
	    0
	    0
	    0
	    0
 4658	    5	 43.6	 27.6	 14.1	  9.6	 28.5	 27.7	0	    0
	    0
	    0
	    0
	    0
	    0
	    0
	    0
	    0
	    0
 4668	    5	 45.6	 27.9	 14.3	  9.9	 47.5	 57.2	0	    0
 4669	    5	 38.5	 27.0	 13.8	  8.8	 82.8	 13.4	0	    0
	    0
	    0
	    0
	    0
	    0
	    0
	    0
	    0
	    0
	    0
	    0
	    0
	    0
	    0
 4684	    3	 32.8	 32.3	 23.7	  4.5	 74.7	 58.1	0	    0
	    0
	    0
	    0
	    0
	    0
	    0
	    0
	    0
	    0
 4694	    3	 32.6	 32.0	 23.4	  4.5	 55.2	 53.3	0	    0
	    0
	    0
 4697	    5	 33.8	 26.1	 13.3	  8.1	 98.9	 55.6	0	    0
	    0
	    0
 4700	    3	 31.7	 31.9	 23.3	  4.4	  5.6	  0.2	1	    0
	    0
	    0
	    0
 4704	    3	 31.5	 31.6	 23.1	  4.4	 89.5	 70.3	0	    0
	    0
	    0
	    0
 4708	    5	 36.9	 26.8	 13.6	  8.6	 38.2	 35.0	0	    0
	    0
	    0
	    0
	    0
	    0
	    0
	    0
 4716	    3	 29.9	 31.7	 23.3	  4.2	 60.7	 51.8	1	    0
	    0
	    0
	    0
	    0
	    0
	    0
	    0
	    0
	    0
	    0
	    0
	    0
	    0
	    0
	    0
	    0
	    0
	    0
	    0
	    0
	    0
	    0
	    0
	    0
	    0
	    0
	    0
	    0
	    0
	    0
	    0
	    0
	    0
	    0
	    0
	    0
	    0
	    0
	    0
	    0
	    0
 4758	    5	 44.4	 28.0	 14.4	  9.7	 49.6	 51.4	0	    0
	    0
	    0
	    0
	    0
	    0
	    0
	    0
	    0
	    0
	    0
	    0
	    0
	    0
	    0
	    0
 4774	    5	 39.9	 27.4	 14.0	  9.0	 70.6	 61.8	0	    0
 4775	    3	 35.4	 33.0	 24.3	  4.8	 15.9	 56.0	0	    0
	    0
	    0
	    0
	    0
	    0
	    0
	    0
	    0
	    0
	    0
	    0
	    0
	    0
	    0
	    0
	    0
	    0
	    0
	    0
	    0
 4796	    5	 41.5	 27.6	 14.1	  9.2	 71.6	 87.4	0	    0
	    0
	    0
	    0
	    0
	    0
	    0
	    0
	    0
	    0
	    0
	    0
	    0
	    0
	    0
	    0
	    0
	    0
 4814	    3	 29.5	 30.9	 22.6	  4.2	 16.7	 68.9	1	    0
	    0
	    0
	    0
	    0
	    0
	    0
	    0
	    0
	    0
	    0
	    0
 4826	    3	 32.7	 32.3	 23.7	  4.5	 99.4	 13.9	0	    0
	    0
	    0
	    0
	    0
	    0
	    0
	    0
	    0
	    0
	    0
	    0
	    0
	    0
	    0
	    0
 4842	    3	 32.5	 31.8	 23.2	  4.5	 36.5	 35.1	0	    0
	    0
	    0
	    0
	    0
	    0
	    0
	    0
	    0
	    0
	    0
	    0
	    0
	    0
	    0
	    0
	    0
	    0
	    0
	    0
 4862	    5	 45.5	 27.9	 14.3	  9.9	 52.4	 85.0	0	    0
	    0
	    0
	    0
	    0
	    0
	    0
	    0
	    0
	    0
	    0
	    0
	    0
	    0
	    0
 4877	    5	 40.8	 27.0	 13.8	  9.2	 34.0	 85.5	0	    0
	    0
	    0
	    0
	    0
	    0
	    0
	    0
	    0
	    0
	    0
	    0
	    0
	    0
	    0
	    0
	    0
	    0
	    0
	    0
	    0
	    0
	    0
	    0
	    0
	    0
	    0
	    0
	    0
	    0
	    0
	    0
	    0
	    0
	    0
	    0
	    0
	    0
	    0
	    0
	    0
	    0
	    0
	    0
	    0
	    0
	    0
 4924	    3	 33.7	 32.6	 23.9	  4.6	 42.5	 16.7	0	    0
	    0
	    0
	    0
 4928	    3	 35.1	 32.9	 24.2	  4.7	 82.7	 67.4	0	    0
	    0
	    0
	    0
	    0
	    0
 4934	    3	 28.2	 30.4	 22.2	  4.1	 81.5	 60.7	0	    0
	    0
	    0
	    0
	    0
	    0
	    0
	    0
	    0
	    0
	    0
	    0
	    0
	    0
	    0
	    0
	    0
 4951	    5	 45.7	 27.9	 14.3	  9.9	 83.3	 38.2	0	    0
	    0
	    0
	    0
 4955	    5	 44.9	 27.9	 14.3	  9.8	 10.2	 86.6	0	    0
	    0
	    0
	    0
	    0
	    0
 4961	    5	 46.4	 28.0	 14.4	 10.0	 19.8	 65.5	0	    0
	    0
	    0
	    0
	    0
	    0
 4967	    5	 31.8	 25.7	 13.0	  7.8	 91.8	 72.3	0	    0
	    0
 4969	    5	 37.5	 26.9	 13.7	  8.7	 96.6	 55.1	0	    0
	    0
	    0
	    0
	    0
	    0
	    0
	    0
	    0
	    0
	    0
 4980	    5	 43.6	 27.8	 14.2	  9.6	 48.1	 69.2	0	    0
	    0
	    0
	    0
 4984	    5	 39.5	 27.1	 13.8	  9.0	 15.1	 53.8	0	    0
	    0
	    0
	    0
	    0
	    0
	    0
 4991	    3	 30.5	 31.8	 23.3	  4.3	  1.8	 90.3	0	    0
	    0
	    0
	    0
	    0
	    0
	    0
	    0
	    0
	    0
