Nr	Art	BHD	h	kra	kd	x	y	kenn	mort
	    0
	    0
	    0
	    0
    5	    3	 20.1	 22.7	 15.8	  3.4	 70.7	 22.9	0	    0
	    0
	    0
    8	    5	 26.3	 18.8	  9.3	  7.7	 78.5	 24.1	0	    0
    9	    5	 30.1	 19.0	  9.4	  8.4	 38.1	 82.3	0	    0
   10	    5	 31.1	 19.2	  9.6	  8.6	 78.8	 78.6	0	    0
	    0
	    0
   13	    5	 28.8	 19.0	  9.4	  8.2	 52.3	 74.5	0	    0
	    0
	    0
	    0
	    0
	    0
   19	    3	 20.6	 23.4	 16.3	  3.4	 56.7	 22.0	0	    0
   20	    3	 21.8	 23.7	 16.5	  3.6	 17.7	 66.2	0	    0
	    0
	    0
	    0
	    0
	    0
	    0
   27	    3	 25.3	 24.8	 16.9	  4.0	 49.5	 18.3	0	    0
	    0
	    0
	    0
	    0
	    0
   33	    5	 26.3	 18.5	  9.2	  7.7	 82.6	 24.4	0	    0
   34	    3	 26.9	 25.2	 17.2	  4.2	 61.5	 96.5	0	    0
   35	    3	 22.2	 23.7	 16.4	  3.6	 66.6	 73.1	0	    0
	    0
	    0
	    0
	    0
	    0
	    0
	    0
	    0
   44	    3	 26.5	 25.0	 17.0	  4.1	 86.6	 38.5	0	    0
	    0
	    0
	    0
	    0
	    0
   50	    5	 26.5	 18.4	  9.1	  7.8	 30.7	 22.8	0	    0
	    0
	    0
	    0
	    0
	    0
	    0
   57	    5	 21.7	 17.2	  8.5	  6.9	 59.2	 23.3	0	    0
	    0
   59	    3	 18.5	 22.4	 15.9	  3.2	 10.9	  7.3	0	    0
	    0
	    0
	    0
	    0
	    0
	    0
	    0
	    0
	    0
	    0
	    0
	    0
	    0
	    0
   74	    3	 28.7	 25.6	 17.4	  4.4	 80.9	 55.1	0	    0
	    0
   76	    5	 28.4	 18.9	  9.4	  8.1	  9.3	 12.0	0	    0
	    0
	    0
	    0
	    0
	    0
	    0
	    0
	    0
	    0
	    0
	    0
   88	    3	 23.6	 24.3	 16.7	  3.8	 45.6	  9.1	0	    0
	    0
	    0
	    0
	    0
	    0
   94	    5	 30.7	 19.1	  9.5	  8.5	 27.9	 95.9	1	    0
	    0
	    0
	    0
	    0
	    0
	    0
	    0
	    0
  103	    3	 21.1	 22.8	 15.7	  3.5	 10.7	 89.7	0	    0
	    0
	    0
	    0
	    0
	    0
	    0
	    0
  111	    3	 22.2	 23.9	 16.6	  3.6	 69.6	 47.9	0	    0
	    0
  113	    3	 20.0	 23.4	 16.6	  3.4	 16.0	 60.5	0	    0
	    0
	    0
	    0
	    0
	    0
	    0
	    0
	    0
	    0
	    0
	    0
	    0
	    0
	    0
	    0
	    0
	    0
	    0
	    0
	    0
	    0
	    0
	    0
	    0
	    0
  139	    3	 25.1	 24.5	 16.7	  4.0	 41.2	 89.8	0	    0
	    0
	    0
	    0
	    0
  144	    5	 30.1	 19.2	  9.5	  8.4	 67.9	 48.7	0	    0
  145	    5	 30.3	 19.0	  9.4	  8.5	 89.1	  3.3	0	    0
	    0
	    0
	    0
	    0
	    0
	    0
  152	    5	 29.0	 19.1	  9.5	  8.2	 78.9	 74.1	0	    0
	    0
	    0
	    0
	    0
	    0
	    0
	    0
  160	    3	 24.1	 23.8	 16.2	  3.9	 33.4	 90.5	0	    0
  161	    3	 25.9	 24.9	 17.0	  4.1	 12.1	 23.5	1	    0
	    0
	    0
	    0
	    0
  166	    3	 23.2	 23.9	 16.4	  3.8	 38.1	 25.2	0	    0
	    0
	    0
	    0
	    0
  171	    3	 23.4	 23.5	 16.0	  3.8	  0.7	 40.5	0	    0
	    0
	    0
	    0
	    0
	    0
	    0
	    0
	    0
  180	    3	 24.0	 23.8	 16.2	  3.9	 62.2	 37.9	0	    0
	    0
	    0
	    0
  184	    5	 30.9	 19.2	  9.5	  8.6	 62.3	  4.7	0	    0
	    0
	    0
	    0
  188	    3	 26.1	 25.1	 17.1	  4.1	 55.0	 86.2	0	    0
	    0
	    0
	    0
	    0
	    0
  194	    5	 24.3	 18.0	  8.9	  7.3	 41.4	 80.5	0	    0
	    0
	    0
	    0
	    0
	    0
	    0
  201	    5	 30.3	 19.4	  9.6	  8.4	 92.9	 37.0	0	    0
	    0
	    0
	    0
	    0
	    0
	    0
  208	    3	 22.6	 23.5	 16.1	  3.7	 57.3	 34.0	1	    0
	    0
	    0
	    0
	    0
  213	    3	 21.9	 23.7	 16.4	  3.6	 16.7	 22.2	0	    0
	    0
	    0
	    0
  217	    3	 22.4	 23.9	 16.6	  3.7	  9.9	 37.5	1	    0
	    0
	    0
	    0
	    0
	    0
	    0
	    0
	    0
  226	    3	 27.6	 25.4	 17.3	  4.3	 65.5	 26.3	0	    0
	    0
	    0
	    0
	    0
	    0
	    0
	    0
	    0
	    0
	    0
	    0
	    0
	    0
	    0
	    0
	    0
	    0
	    0
  245	    5	 28.0	 18.9	  9.4	  8.0	  0.8	 93.8	0	    0
	    0
	    0
	    0
	    0
	    0
	    0
	    0
	    0
	    0
	    0
	    0
	    0
	    0
	    0
	    0
	    0
	    0
	    0
	    0
	    0
	    0
	    0
	    0
	    0
	    0
	    0
	    0
  273	    3	 22.7	 23.9	 16.4	  3.7	 59.6	 21.0	0	    0
	    0
  275	    5	 29.7	 19.0	  9.4	  8.3	  2.0	 58.8	0	    0
	    0
	    0
	    0
	    0
	    0
	    0
  282	    3	 20.8	 22.6	 15.6	  3.5	 26.8	 58.7	0	    0
	    0
	    0
	    0
	    0
  287	    3	 26.7	 25.1	 17.1	  4.2	 60.5	 82.3	0	    0
	    0
  289	    3	 22.9	 23.8	 16.4	  3.7	 73.8	 16.3	0	    0
	    0
	    0
	    0
	    0
	    0
	    0
  296	    5	 30.2	 19.4	  9.6	  8.4	 20.0	  9.2	0	    0
	    0
	    0
	    0
	    0
	    0
	    0
	    0
	    0
	    0
  306	    5	 28.0	 18.8	  9.3	  8.0	 67.7	 94.9	0	    0
  307	    3	 21.5	 23.4	 16.2	  3.6	 11.8	 40.1	1	    0
	    0
	    0
	    0
	    0
	    0
  313	    3	 23.3	 23.5	 15.9	  3.8	 30.2	  5.3	0	    0
	    0
	    0
	    0
	    0
	    0
	    0
	    0
	    0
	    0
	    0
	    0
	    0
	    0
	    0
	    0
	    0
  330	    3	 22.8	 24.0	 16.5	  3.7	 32.3	 15.7	0	    0
	    0
	    0
	    0
	    0
	    0
	    0
	    0
  338	    3	 26.9	 25.2	 17.2	  4.2	  9.3	 13.1	0	    0
	    0
	    0
	    0
	    0
	    0
  344	    3	 21.8	 23.7	 16.4	  3.6	 89.0	 95.4	0	    0
  345	    3	 21.7	 22.8	 15.6	  3.6	 71.4	 68.2	0	    0
	    0
	    0
  348	    5	 28.0	 18.6	  9.2	  8.0	 98.7	 92.1	0	    0
  349	    5	 27.1	 18.6	  9.2	  7.9	 45.3	 26.5	0	    0
  350	    5	 28.7	 18.9	  9.4	  8.2	 84.8	 60.3	0	    0
	    0
  352	    5	 27.3	 18.9	  9.4	  7.9	 52.0	 49.0	0	    0
	    0
	    0
	    0
	    0
	    0
	    0
	    0
  360	    5	 33.7	 19.9	  9.9	  9.0	 19.2	 14.7	0	    0
	    0
  362	    3	 20.8	 22.4	 15.3	  3.5	 98.4	 59.0	0	    0
	    0
	    0
	    0
	    0
	    0
	    0
	    0
	    0
	    0
	    0
	    0
	    0
	    0
	    0
	    0
	    0
  379	    3	 24.8	 24.6	 16.9	  3.9	 28.0	 93.0	1	    0
	    0
  381	    5	 26.6	 18.4	  9.1	  7.8	 39.3	 88.3	0	    0
	    0
	    0
  384	    5	 25.6	 18.2	  9.0	  7.6	 33.6	 44.6	0	    0
  385	    3	 21.4	 23.5	 16.3	  3.5	 61.3	 78.9	0	    0
	    0
	    0
	    0
	    0
	    0
	    0
	    0
	    0
	    0
	    0
	    0
  397	    5	 25.5	 17.6	  8.7	  7.7	 31.5	 84.9	0	    0
	    0
  399	    3	 21.4	 23.3	 16.1	  3.6	 52.8	 38.9	0	    0
  400	    5	 25.2	 17.9	  8.9	  7.6	 28.1	 16.6	0	    0
	    0
	    0
	    0
  404	    3	 23.6	 24.0	 16.4	  3.8	 32.8	 96.6	0	    0
	    0
  406	    3	 22.5	 23.5	 16.1	  3.7	 67.1	 66.5	0	    0
	    0
	    0
	    0
	    0
	    0
  412	    3	 20.9	 22.3	 15.2	  3.5	 53.8	 20.1	0	    0
	    0
	    0
	    0
	    0
  417	    3	 24.7	 24.6	 16.8	  3.9	 89.1	 34.9	0	    0
	    0
  419	    5	 28.7	 18.5	  9.2	  8.2	 26.0	 31.6	0	    0
	    0
	    0
	    0
  423	    5	 27.3	 19.0	  9.4	  7.8	 63.4	 64.2	0	    0
	    0
	    0
	    0
	    0
  428	    5	 26.9	 18.7	  9.3	  7.8	 80.4	 54.4	0	    0
	    0
	    0
  431	    5	 28.5	 18.6	  9.2	  8.2	  2.6	 36.9	0	    0
	    0
	    0
	    0
	    0
	    0
	    0
	    0
	    0
	    0
	    0
	    0
	    0
	    0
	    0
	    0
	    0
	    0
	    0
  450	    3	 26.0	 24.8	 16.8	  4.1	 25.3	 32.5	0	    0
	    0
	    0
	    0
	    0
	    0
	    0
	    0
	    0
	    0
	    0
	    0
	    0
	    0
	    0
  465	    3	 21.1	 22.8	 15.7	  3.5	 99.2	 62.5	1	    0
	    0
	    0
	    0
	    0
	    0
	    0
	    0
  473	    3	 22.5	 23.7	 16.4	  3.7	 35.4	 19.1	0	    0
	    0
	    0
	    0
	    0
	    0
	    0
	    0
	    0
	    0
	    0
	    0
	    0
	    0
	    0
	    0
	    0
	    0
	    0
	    0
	    0
	    0
	    0
	    0
	    0
	    0
	    0
	    0
	    0
	    0
	    0
	    0
	    0
	    0
  507	    3	 22.5	 23.9	 16.5	  3.7	 96.8	 25.4	1	    0
	    0
	    0
	    0
  511	    5	 26.5	 18.3	  9.1	  7.8	 87.2	 32.2	0	    0
	    0
  513	    3	 23.4	 24.0	 16.5	  3.8	 58.9	  4.6	1	    0
	    0
	    0
	    0
	    0
	    0
	    0
	    0
  521	    5	 23.7	 18.2	  9.0	  7.2	 60.4	 12.2	0	    0
	    0
	    0
	    0
	    0
  526	    3	 21.9	 23.4	 16.2	  3.6	 50.3	 93.1	1	    0
	    0
  528	    3	 20.2	 23.2	 16.2	  3.4	 17.8	 31.9	0	    0
	    0
  530	    5	 27.0	 18.8	  9.3	  7.8	 66.6	 90.5	0	    0
	    0
	    0
	    0
	    0
	    0
	    0
  537	    5	 30.8	 19.4	  9.6	  8.5	 44.4	 92.5	0	    0
  538	    3	 22.6	 24.0	 16.6	  3.7	 74.3	 78.4	0	    0
	    0
	    0
  541	    3	 21.7	 22.8	 15.5	  3.6	 49.8	 74.3	0	    0
	    0
	    0
	    0
  545	    3	 20.1	 22.4	 15.5	  3.4	 26.4	  5.1	0	    0
	    0
	    0
	    0
	    0
	    0
	    0
	    0
	    0
	    0
	    0
	    0
	    0
	    0
	    0
	    0
	    0
  562	    5	 29.1	 19.0	  9.4	  8.2	 15.7	 26.0	0	    0
	    0
	    0
	    0
	    0
	    0
	    0
  569	    3	 22.4	 23.7	 16.4	  3.7	 72.8	 60.1	0	    0
	    0
	    0
	    0
	    0
	    0
	    0
	    0
	    0
	    0
  579	    5	 28.1	 18.9	  9.4	  8.0	 91.1	 51.7	0	    0
	    0
	    0
	    0
	    0
  584	    3	 26.5	 25.1	 17.1	  4.1	 39.4	 26.5	0	    0
	    0
	    0
  587	    5	 29.3	 19.1	  9.5	  8.3	 80.3	 56.3	0	    0
	    0
	    0
	    0
	    0
	    0
  593	    5	 26.7	 18.7	  9.3	  7.8	 60.9	 94.5	0	    0
	    0
	    0
	    0
	    0
	    0
	    0
	    0
	    0
  602	    3	 22.7	 24.0	 16.6	  3.7	 52.8	 71.2	0	    0
  603	    3	 20.0	 23.1	 16.2	  3.4	 55.9	 84.7	1	    0
	    0
  605	    5	 26.8	 18.2	  9.0	  7.8	 27.6	 39.5	0	    0
	    0
	    0
	    0
	    0
	    0
  611	    3	 22.0	 23.7	 16.4	  3.6	 99.3	 68.1	0	    0
	    0
	    0
	    0
	    0
	    0
	    0
	    0
	    0
	    0
	    0
	    0
  623	    5	 26.0	 18.4	  9.1	  7.6	 57.1	 48.6	0	    0
	    0
  625	    5	 24.9	 17.9	  8.9	  7.5	 77.9	 87.7	0	    0
	    0
	    0
	    0
	    0
	    0
	    0
	    0
	    0
  634	    3	 20.4	 22.2	 15.2	  3.5	 46.1	 97.8	0	    0
	    0
	    0
	    0
	    0
	    0
	    0
	    0
	    0
  643	    5	 24.2	 18.1	  9.0	  7.3	 89.5	 34.2	0	    0
	    0
	    0
  646	    5	 28.1	 18.6	  9.2	  8.1	 74.4	 43.9	1	    0
	    0
	    0
  649	    5	 27.5	 19.0	  9.4	  7.9	 62.8	 49.7	0	    0
	    0
	    0
  652	    5	 30.0	 19.1	  9.5	  8.4	 80.7	 22.5	0	    0
  653	    3	 20.7	 23.0	 15.9	  3.5	 47.4	 90.2	0	    0
	    0
	    0
	    0
	    0
  658	    5	 27.8	 19.0	  9.4	  8.0	 20.2	 58.3	0	    0
	    0
	    0
	    0
	    0
  663	    5	 28.7	 19.0	  9.5	  8.1	 34.4	 47.5	0	    0
	    0
	    0
	    0
	    0
	    0
  669	    3	 24.9	 24.6	 16.8	  4.0	 16.2	 29.5	0	    0
	    0
	    0
	    0
	    0
	    0
	    0
	    0
	    0
	    0
  679	    3	 24.7	 24.7	 16.9	  3.9	 31.2	 83.1	0	    0
	    0
	    0
	    0
	    0
  684	    5	 30.8	 19.4	  9.6	  8.5	 57.7	 82.6	0	    0
  685	    5	 29.1	 19.1	  9.5	  8.2	 16.7	 75.0	0	    0
	    0
	    0
	    0
	    0
	    0
	    0
	    0
	    0
	    0
	    0
	    0
	    0
	    0
	    0
	    0
	    0
	    0
	    0
	    0
	    0
	    0
	    0
	    0
	    0
	    0
	    0
	    0
  713	    5	 27.8	 18.7	  9.3	  8.0	 93.8	 15.7	0	    0
	    0
  715	    5	 26.4	 18.2	  9.0	  7.8	 47.7	 59.7	1	    0
  716	    3	 20.9	 23.2	 16.1	  3.5	 27.9	 86.2	0	    0
	    0
	    0
	    0
	    0
	    0
	    0
	    0
	    0
	    0
	    0
	    0
	    0
	    0
  730	    3	 21.0	 23.3	 16.2	  3.5	 70.9	 62.9	1	    0
	    0
	    0
	    0
	    0
	    0
	    0
	    0
	    0
	    0
	    0
	    0
	    0
  743	    3	 22.6	 23.9	 16.5	  3.7	 92.3	 30.4	0	    0
	    0
	    0
	    0
  747	    3	 26.0	 24.9	 17.0	  4.1	 90.4	 22.4	0	    0
	    0
	    0
	    0
  751	    3	 21.3	 23.4	 16.2	  3.5	  6.2	 10.2	0	    0
	    0
	    0
	    0
	    0
  756	    3	 23.9	 23.9	 16.3	  3.9	 58.7	 73.5	0	    0
  757	    5	 29.6	 19.0	  9.5	  8.3	 52.8	 32.5	0	    0
	    0
  759	    5	 29.2	 19.1	  9.5	  8.2	 48.2	 85.7	0	    0
	    0
	    0
	    0
	    0
  764	    5	 24.5	 18.1	  9.0	  7.4	 59.7	 86.1	0	    0
	    0
	    0
  767	    5	 29.2	 18.9	  9.4	  8.3	 97.8	 81.3	0	    0
	    0
	    0
	    0
	    0
  772	    3	 23.2	 23.6	 16.1	  3.8	 81.5	 85.5	0	    0
	    0
	    0
	    0
	    0
	    0
  778	    3	 26.2	 25.0	 17.1	  4.1	 11.7	 70.3	0	    0
	    0
	    0
	    0
	    0
  783	    3	 21.5	 21.2	 14.0	  3.7	 48.7	 78.1	0	    0
	    0
	    0
	    0
	    0
	    0
	    0
  790	    5	 26.9	 18.5	  9.2	  7.8	 52.4	 96.1	0	    0
	    0
  792	    3	 21.8	 23.6	 16.4	  3.6	 20.9	 90.1	0	    0
	    0
	    0
	    0
  796	    3	 22.6	 23.9	 16.5	  3.7	 73.7	 43.7	0	    0
	    0
	    0
	    0
	    0
	    0
	    0
  803	    3	 20.8	 22.9	 15.8	  3.5	 84.0	 79.4	0	    0
	    0
	    0
	    0
	    0
	    0
	    0
	    0
	    0
	    0
	    0
	    0
	    0
	    0
	    0
	    0
	    0
	    0
	    0
	    0
	    0
	    0
	    0
  826	    5	 28.2	 19.1	  9.5	  8.0	 21.9	  8.0	0	    0
	    0
	    0
	    0
	    0
	    0
	    0
	    0
	    0
	    0
	    0
	    0
	    0
	    0
	    0
	    0
	    0
	    0
	    0
	    0
	    0
	    0
	    0
	    0
	    0
	    0
	    0
  853	    5	 25.8	 18.3	  9.0	  7.6	 90.5	 70.1	0	    0
	    0
	    0
	    0
	    0
	    0
	    0
	    0
  861	    5	 32.2	 19.3	  9.6	  8.8	 14.3	 93.3	0	    0
	    0
	    0
	    0
  865	    3	 21.7	 23.8	 16.5	  3.6	 33.5	 43.2	0	    0
	    0
	    0
	    0
	    0
	    0
	    0
	    0
	    0
	    0
	    0
	    0
	    0
	    0
	    0
	    0
	    0
	    0
	    0
	    0
	    0
	    0
  887	    3	 22.8	 23.8	 16.3	  3.7	 33.7	 48.8	0	    0
	    0
	    0
	    0
	    0
	    0
	    0
	    0
	    0
	    0
	    0
	    0
  899	    3	 25.0	 24.3	 16.5	  4.0	 42.8	 47.1	0	    0
	    0
	    0
	    0
  903	    3	 22.1	 23.7	 16.3	  3.6	 18.0	 85.5	1	    0
	    0
	    0
	    0
  907	    3	 21.3	 23.2	 16.0	  3.5	 42.5	 51.4	0	    0
	    0
	    0
	    0
	    0
	    0
	    0
	    0
  915	    3	 21.5	 23.6	 16.3	  3.6	 76.4	 99.2	0	    0
	    0
	    0
  918	    3	 21.6	 23.3	 16.1	  3.6	 58.4	 45.8	0	    0
	    0
  920	    3	 24.3	 24.1	 16.4	  3.9	 44.8	 71.9	0	    0
	    0
	    0
	    0
	    0
	    0
	    0
	    0
	    0
	    0
	    0
	    0
	    0
	    0
  934	    5	 28.1	 18.9	  9.4	  8.0	 88.4	 66.9	0	    0
  935	    5	 30.7	 19.4	  9.7	  8.5	 84.8	 50.7	0	    0
	    0
	    0
	    0
	    0
	    0
	    0
	    0
	    0
	    0
  945	    3	 24.0	 24.2	 16.6	  3.9	 21.3	 52.4	0	    0
	    0
	    0
	    0
	    0
	    0
  951	    5	 24.8	 18.1	  9.0	  7.4	 26.0	 51.0	0	    0
	    0
	    0
	    0
	    0
	    0
	    0
	    0
	    0
	    0
	    0
	    0
	    0
	    0
	    0
	    0
  967	    5	 25.5	 18.5	  9.2	  7.5	 95.8	 30.6	0	    0
	    0
  969	    5	 27.0	 18.8	  9.3	  7.8	 26.3	 50.1	0	    0
	    0
  971	    3	 22.5	 23.7	 16.3	  3.7	 39.6	 72.4	0	    0
	    0
	    0
	    0
	    0
	    0
	    0
	    0
	    0
	    0
	    0
  982	    3	 21.9	 23.7	 16.5	  3.6	 86.8	 60.4	1	    0
	    0
  984	    3	 25.1	 24.7	 16.9	  4.0	 30.3	 24.4	1	    0
	    0
	    0
	    0
	    0
	    0
	    0
	    0
	    0
	    0
	    0
  995	    3	 21.4	 23.0	 15.8	  3.6	 60.8	 61.2	0	    0
	    0
	    0
	    0
	    0
	    0
	    0
	    0
	    0
	    0
	    0
	    0
 1007	    5	 28.4	 19.1	  9.5	  8.1	 94.0	 53.5	0	    0
	    0
	    0
	    0
 1011	    3	 21.9	 23.6	 16.3	  3.6	 31.7	 78.9	0	    0
	    0
	    0
	    0
	    0
	    0
	    0
	    0
	    0
	    0
	    0
	    0
	    0
	    0
	    0
	    0
	    0
	    0
	    0
	    0
	    0
	    0
	    0
	    0
	    0
	    0
	    0
	    0
	    0
	    0
 1041	    3	 25.7	 24.9	 17.0	  4.1	 97.2	  7.1	1	    0
	    0
	    0
	    0
	    0
	    0
	    0
	    0
	    0
	    0
	    0
	    0
	    0
	    0
	    0
	    0
	    0
	    0
	    0
	    0
	    0
	    0
	    0
	    0
	    0
	    0
	    0
	    0
	    0
	    0
 1071	    5	 25.9	 18.3	  9.1	  7.6	 23.7	  3.4	0	    0
	    0
	    0
	    0
	    0
	    0
	    0
	    0
	    0
 1080	    3	 22.3	 23.4	 16.0	  3.7	 93.8	 57.2	0	    0
	    0
	    0
	    0
	    0
	    0
 1086	    3	 23.6	 24.2	 16.6	  3.8	  5.6	 59.6	0	    0
	    0
	    0
	    0
	    0
 1091	    5	 29.2	 18.9	  9.4	  8.3	 41.2	 35.3	0	    0
	    0
	    0
	    0
	    0
	    0
	    0
	    0
	    0
 1100	    5	 29.3	 18.8	  9.3	  8.3	 13.0	 30.1	0	    0
	    0
 1102	    3	 21.9	 22.5	 15.2	  3.7	 91.1	 28.1	0	    0
 1103	    3	 19.9	 23.0	 16.1	  3.4	  3.1	 70.3	1	    0
	    0
 1105	    3	 23.7	 23.7	 16.1	  3.8	 70.7	 31.9	0	    0
	    0
	    0
	    0
	    0
	    0
	    0
	    0
	    0
	    0
 1115	    3	 22.8	 24.1	 16.6	  3.7	 64.5	 60.3	0	    0
	    0
	    0
	    0
	    0
	    0
	    0
 1122	    3	 23.0	 24.0	 16.5	  3.7	 19.7	 26.0	0	    0
	    0
	    0
	    0
 1126	    3	 22.1	 23.7	 16.4	  3.6	 44.3	 81.4	0	    0
	    0
	    0
	    0
	    0
	    0
	    0
	    0
 1134	    3	 23.6	 23.9	 16.3	  3.8	  1.4	 68.0	1	    0
 1135	    3	 19.8	 22.1	 15.2	  3.4	 56.9	 93.2	0	    0
 1136	    5	 29.2	 18.8	  9.3	  8.3	 27.9	 84.3	0	    0
	    0
 1138	    3	 21.6	 23.4	 16.1	  3.6	 27.6	  7.6	0	    0
	    0
	    0
 1141	    3	 22.2	 23.4	 16.0	  3.7	 19.0	 85.5	1	    0
	    0
 1143	    3	 19.6	 22.6	 15.8	  3.3	 89.1	 93.1	0	    0
	    0
	    0
	    0
 1147	    3	 21.6	 23.5	 16.3	  3.6	 62.1	 65.7	0	    0
	    0
	    0
	    0
	    0
	    0
	    0
	    0
	    0
	    0
 1157	    5	 30.5	 19.1	  9.5	  8.5	 87.8	 93.1	0	    0
 1158	    5	 24.9	 17.8	  8.8	  7.5	 65.9	 67.2	0	    0
	    0
	    0
	    0
	    0
	    0
	    0
	    0
	    0
	    0
	    0
	    0
 1170	    3	 23.3	 24.1	 16.6	  3.8	 89.8	 82.2	0	    0
	    0
	    0
	    0
	    0
	    0
	    0
	    0
	    0
	    0
	    0
 1181	    5	 32.1	 19.5	  9.7	  8.8	  0.9	 10.1	0	    0
 1182	    3	 22.8	 23.7	 16.2	  3.7	 48.8	 83.3	0	    0
	    0
 1184	    5	 29.9	 19.2	  9.5	  8.4	 26.5	 80.6	0	    0
	    0
	    0
	    0
	    0
	    0
	    0
	    0
	    0
	    0
	    0
	    0
	    0
 1197	    3	 21.5	 23.2	 15.9	  3.6	 98.0	 32.5	0	    0
	    0
	    0
	    0
	    0
	    0
	    0
	    0
	    0
 1206	    3	 20.7	 23.1	 16.1	  3.5	  7.7	 22.4	0	    0
	    0
 1208	    5	 28.2	 18.7	  9.3	  8.1	 38.8	 22.8	0	    0
	    0
	    0
	    0
	    0
	    0
 1214	    3	 25.5	 24.7	 16.8	  4.0	 86.4	 24.6	0	    0
	    0
	    0
	    0
	    0
	    0
	    0
	    0
	    0
	    0
	    0
	    0
	    0
	    0
	    0
	    0
	    0
 1231	    3	 23.7	 24.2	 16.6	  3.8	 26.1	  1.6	0	    0
 1232	    3	 23.5	 24.1	 16.5	  3.8	 84.6	 20.5	0	    0
	    0
	    0
	    0
	    0
	    0
	    0
	    0
	    0
	    0
	    0
	    0
 1244	    3	 22.7	 23.7	 16.3	  3.7	  5.0	 52.0	0	    0
	    0
	    0
	    0
 1248	    3	 22.7	 23.6	 16.1	  3.7	 91.7	 12.9	0	    0
 1249	    3	 26.7	 24.1	 16.1	  4.2	 89.3	 99.3	0	    0
 1250	    3	 27.1	 25.3	 17.3	  4.2	 96.2	 61.8	0	    0
 1251	    3	 23.4	 24.2	 16.7	  3.8	 40.7	 58.8	1	    0
	    0
	    0
	    0
	    0
	    0
	    0
	    0
	    0
	    0
 1261	    3	 24.2	 24.3	 16.6	  3.9	 80.1	 24.6	0	    0
	    0
 1263	    5	 27.8	 18.3	  9.1	  8.1	 31.6	 96.1	0	    0
	    0
	    0
	    0
	    0
	    0
	    0
	    0
	    0
 1272	    3	 21.4	 23.5	 16.3	  3.5	 10.0	 31.7	0	    0
	    0
 1274	    5	 27.5	 18.6	  9.2	  7.9	 58.3	 71.6	0	    0
	    0
 1276	    3	 21.6	 23.3	 16.1	  3.6	 77.0	 98.6	0	    0
	    0
	    0
	    0
 1280	    5	 24.2	 18.4	  9.1	  7.2	 73.2	 83.4	0	    0
	    0
 1282	    3	 20.8	 22.9	 15.8	  3.5	 73.1	 97.3	0	    0
	    0
	    0
	    0
	    0
	    0
	    0
	    0
	    0
	    0
	    0
	    0
	    0
	    0
	    0
	    0
	    0
	    0
	    0
 1301	    5	 28.9	 18.8	  9.3	  8.2	 84.8	 28.9	0	    0
	    0
	    0
	    0
	    0
	    0
	    0
	    0
	    0
	    0
	    0
 1312	    3	 22.5	 23.2	 15.8	  3.7	 56.6	 17.6	0	    0
	    0
	    0
	    0
	    0
	    0
 1318	    3	 21.8	 23.3	 16.1	  3.6	 60.3	 16.0	0	    0
	    0
	    0
	    0
 1322	    3	 22.6	 23.6	 16.2	  3.7	 77.5	 49.0	0	    0
 1323	    3	 23.6	 24.1	 16.6	  3.8	 71.8	 26.7	0	    0
	    0
 1325	    3	 24.1	 24.4	 16.8	  3.9	 35.4	 73.3	1	    0
	    0
	    0
	    0
	    0
	    0
	    0
	    0
	    0
	    0
	    0
	    0
 1337	    3	 23.9	 24.4	 16.8	  3.8	 76.4	 92.7	0	    0
	    0
	    0
 1340	    3	 22.5	 23.6	 16.2	  3.7	  4.6	 57.1	0	    0
	    0
	    0
	    0
	    0
	    0
	    0
 1347	    3	 18.8	 22.7	 16.1	  3.2	 43.4	 49.9	1	    0
	    0
	    0
	    0
	    0
	    0
 1353	    5	 25.6	 18.4	  9.1	  7.6	 41.5	 84.1	1	    0
	    0
 1355	    3	 22.6	 23.1	 15.7	  3.7	 78.3	 87.3	0	    0
	    0
	    0
	    0
	    0
	    0
	    0
	    0
	    0
	    0
 1365	    3	 25.8	 24.8	 16.9	  4.1	 52.9	 31.0	0	    0
 1366	    3	 22.8	 23.8	 16.4	  3.7	 88.4	 20.3	0	    0
 1367	    3	 23.4	 23.4	 15.9	  3.8	 26.9	 18.6	0	    0
	    0
	    0
 1370	    3	 26.9	 25.2	 17.1	  4.2	 10.8	 85.2	0	    0
	    0
 1372	    5	 23.1	 17.6	  8.7	  7.1	 64.2	 71.2	0	    0
	    0
	    0
 1375	    5	 28.7	 19.3	  9.6	  8.1	 47.2	 51.6	0	    0
 1376	    5	 33.6	 19.5	  9.7	  9.1	 79.8	 44.9	0	    0
	    0
	    0
	    0
	    0
	    0
	    0
 1383	    5	 28.9	 19.2	  9.5	  8.2	 97.6	 19.7	0	    0
	    0
 1385	    5	 29.0	 19.2	  9.5	  8.2	 85.8	 12.6	0	    0
	    0
	    0
	    0
	    0
	    0
	    0
	    0
	    0
 1394	    3	 21.5	 23.5	 16.3	  3.6	  3.7	 56.3	0	    0
	    0
	    0
	    0
	    0
	    0
	    0
 1401	    5	 26.5	 18.7	  9.3	  7.7	 89.5	 85.0	0	    0
	    0
	    0
	    0
	    0
	    0
	    0
 1408	    3	 21.7	 22.9	 15.7	  3.6	 74.2	  1.6	0	    0
	    0
	    0
	    0
 1412	    5	 25.0	 18.3	  9.1	  7.4	 81.5	 78.2	0	    0
	    0
	    0
	    0
	    0
 1417	    3	 22.7	 23.9	 16.5	  3.7	 61.9	 51.4	0	    0
	    0
	    0
	    0
	    0
	    0
	    0
 1424	    3	 22.0	 23.6	 16.3	  3.6	 89.4	 41.4	0	    0
	    0
	    0
	    0
	    0
 1429	    3	 22.2	 23.3	 16.0	  3.7	 63.6	 99.4	0	    0
	    0
	    0
	    0
	    0
	    0
 1435	    5	 28.6	 18.7	  9.3	  8.2	 25.5	 20.2	0	    0
	    0
	    0
	    0
	    0
	    0
	    0
	    0
	    0
	    0
	    0
	    0
	    0
 1448	    5	 27.7	 19.1	  9.5	  7.9	 94.0	 97.7	0	    0
	    0
	    0
	    0
	    0
	    0
	    0
 1455	    5	 28.0	 18.5	  9.2	  8.1	 34.4	 50.6	0	    0
	    0
	    0
	    0
	    0
	    0
	    0
	    0
	    0
	    0
	    0
	    0
	    0
	    0
	    0
	    0
	    0
	    0
	    0
	    0
	    0
	    0
	    0
	    0
	    0
	    0
	    0
	    0
	    0
	    0
	    0
	    0
	    0
	    0
 1489	    3	 21.3	 23.2	 16.0	  3.5	 73.2	 91.0	1	    0
	    0
	    0
	    0
 1493	    3	 23.8	 24.2	 16.6	  3.8	  6.2	  9.4	0	    0
 1494	    5	 28.2	 19.0	  9.4	  8.0	 71.6	 43.2	0	    0
	    0
	    0
	    0
 1498	    3	 21.8	 23.6	 16.3	  3.6	 55.4	 40.5	0	    0
	    0
	    0
 1501	    3	 21.1	 23.6	 16.4	  3.5	 45.1	 65.7	0	    0
 1502	    3	 20.2	 22.8	 15.9	  3.4	 81.4	 46.2	0	    0
	    0
	    0
	    0
	    0
	    0
	    0
	    0
 1510	    3	 24.2	 24.4	 16.7	  3.9	 79.5	 52.6	0	    0
	    0
	    0
	    0
	    0
 1515	    3	 22.2	 23.5	 16.1	  3.7	 76.5	 67.6	0	    0
	    0
 1517	    5	 27.8	 18.8	  9.3	  8.0	 99.8	 99.8	0	    0
	    0
	    0
	    0
	    0
 1522	    5	 27.4	 18.6	  9.3	  7.9	 22.4	 23.3	0	    0
 1523	    5	 25.8	 18.6	  9.3	  7.6	 65.0	 97.1	1	    0
	    0
	    0
	    0
	    0
	    0
	    0
	    0
	    0
	    0
	    0
	    0
	    0
 1536	    3	 20.4	 22.8	 15.8	  3.4	 71.8	  5.0	1	    0
 1537	    3	 23.4	 23.7	 16.2	  3.8	 79.8	 94.8	0	    0
	    0
	    0
	    0
	    0
	    0
	    0
 1544	    3	 25.1	 24.7	 16.9	  4.0	 59.0	 48.9	1	    0
	    0
 1546	    3	 22.3	 23.2	 15.8	  3.7	 45.9	 67.1	0	    0
	    0
	    0
	    0
	    0
	    0
	    0
	    0
	    0
	    0
	    0
	    0
	    0
	    0
 1560	    5	 31.0	 19.3	  9.6	  8.6	 70.3	 84.5	0	    0
	    0
	    0
	    0
	    0
	    0
 1566	    3	 22.7	 24.0	 16.5	  3.7	 90.5	 12.1	0	    0
	    0
	    0
	    0
	    0
	    0
	    0
	    0
 1574	    3	 20.4	 23.1	 16.2	  3.4	 82.0	 90.0	0	    0
	    0
	    0
	    0
	    0
 1579	    3	 23.5	 24.1	 16.5	  3.8	 72.3	 41.1	0	    0
	    0
	    0
	    0
	    0
	    0
 1585	    3	 21.3	 23.4	 16.2	  3.5	 15.6	 51.7	0	    0
 1586	    5	 26.3	 18.2	  9.0	  7.7	 21.3	 94.8	1	    0
	    0
	    0
	    0
	    0
 1591	    5	 29.3	 19.0	  9.4	  8.3	 38.5	  5.3	0	    0
	    0
 1593	    3	 21.6	 23.0	 15.8	  3.6	 69.8	 76.3	1	    0
	    0
	    0
 1596	    5	 28.1	 18.7	  9.3	  8.1	 93.8	 83.5	0	    0
 1597	    3	 21.2	 23.0	 15.9	  3.5	 32.8	 50.5	0	    0
	    0
	    0
	    0
	    0
	    0
	    0
	    0
	    0
	    0
	    0
	    0
	    0
	    0
	    0
 1612	    3	 22.7	 24.0	 16.6	  3.7	 26.2	 44.9	0	    0
	    0
	    0
	    0
	    0
 1617	    3	 22.5	 23.9	 16.5	  3.7	  6.9	 43.8	0	    0
	    0
	    0
	    0
	    0
	    0
	    0
	    0
	    0
	    0
	    0
	    0
	    0
 1630	    3	 22.9	 23.8	 16.3	  3.7	 14.7	 80.9	0	    0
 1631	    5	 26.4	 18.6	  9.2	  7.7	 21.9	 70.1	0	    0
	    0
	    0
	    0
	    0
	    0
	    0
	    0
	    0
	    0
	    0
	    0
 1643	    3	 20.4	 23.1	 16.2	  3.4	 91.7	 58.1	0	    0
	    0
	    0
	    0
	    0
	    0
	    0
	    0
	    0
	    0
	    0
	    0
	    0
	    0
	    0
	    0
	    0
	    0
	    0
	    0
	    0
	    0
	    0
	    0
 1667	    5	 25.7	 18.3	  9.0	  7.6	 78.2	 82.8	0	    0
	    0
	    0
	    0
	    0
	    0
	    0
	    0
 1675	    5	 30.6	 19.6	  9.7	  8.4	 51.8	 79.3	0	    0
	    0
	    0
	    0
	    0
	    0
	    0
	    0
	    0
 1684	    3	 22.3	 24.0	 16.6	  3.6	 28.9	 70.2	0	    0
	    0
	    0
	    0
	    0
	    0
	    0
	    0
	    0
	    0
	    0
	    0
	    0
	    0
	    0
	    0
 1700	    5	 26.7	 18.8	  9.3	  7.7	 77.5	  5.0	0	    0
	    0
	    0
 1703	    5	 27.4	 18.8	  9.3	  7.9	 40.0	 19.6	0	    0
	    0
	    0
 1706	    5	 26.6	 18.6	  9.2	  7.7	 83.1	 93.5	0	    0
	    0
	    0
	    0
	    0
	    0
	    0
 1713	    3	 23.6	 23.3	 15.7	  3.9	 90.7	 74.6	0	    0
	    0
	    0
	    0
	    0
	    0
	    0
 1720	    5	 26.8	 18.7	  9.3	  7.8	 38.1	 18.7	0	    0
	    0
 1722	    3	 21.8	 23.7	 16.4	  3.6	 68.1	 89.3	0	    0
	    0
	    0
	    0
	    0
	    0
	    0
	    0
	    0
	    0
	    0
 1733	    3	 22.9	 23.8	 16.4	  3.7	 24.5	 21.2	0	    0
	    0
 1735	    3	 25.7	 24.8	 16.9	  4.1	 77.6	 83.8	0	    0
	    0
	    0
	    0
 1739	    3	 21.4	 23.6	 16.4	  3.5	  2.1	 92.6	0	    0
	    0
	    0
	    0
 1743	    5	 27.6	 18.7	  9.3	  8.0	 72.5	  2.0	0	    0
	    0
	    0
	    0
	    0
	    0
	    0
	    0
	    0
	    0
	    0
	    0
	    0
	    0
	    0
	    0
	    0
	    0
	    0
	    0
 1763	    5	 26.3	 18.6	  9.3	  7.7	 91.3	 99.3	0	    0
	    0
	    0
	    0
 1767	    3	 20.6	 23.2	 16.2	  3.5	 13.8	 76.9	0	    0
	    0
	    0
	    0
	    0
	    0
	    0
	    0
	    0
	    0
	    0
	    0
	    0
	    0
	    0
 1782	    5	 27.4	 18.7	  9.3	  7.9	 78.7	 59.3	0	    0
	    0
	    0
 1785	    5	 25.1	 18.8	  9.4	  7.4	 65.9	  1.1	0	    0
	    0
	    0
	    0
 1789	    5	 27.1	 18.9	  9.4	  7.8	 70.9	 75.7	0	    0
	    0
	    0
	    0
	    0
	    0
	    0
 1796	    3	 25.9	 25.0	 17.1	  4.1	 13.9	 19.3	0	    0
	    0
	    0
	    0
	    0
	    0
	    0
	    0
	    0
	    0
	    0
 1807	    3	 23.4	 24.1	 16.6	  3.8	 32.0	  8.9	0	    0
	    0
	    0
	    0
	    0
	    0
 1813	    3	 23.3	 24.1	 16.6	  3.8	 58.9	 21.5	0	    0
	    0
	    0
	    0
	    0
	    0
	    0
	    0
	    0
 1822	    5	 27.0	 18.6	  9.2	  7.8	 11.9	 56.3	0	    0
 1823	    5	 26.3	 18.5	  9.2	  7.7	 18.2	 74.4	0	    0
	    0
	    0
	    0
 1827	    5	 22.3	 17.7	  8.8	  6.9	 77.0	  4.0	0	    0
	    0
	    0
	    0
 1831	    5	 31.4	 19.4	  9.7	  8.6	 42.7	  8.1	0	    0
	    0
	    0
	    0
	    0
	    0
	    0
	    0
	    0
	    0
	    0
	    0
	    0
	    0
 1845	    3	 21.8	 23.1	 15.8	  3.6	 40.4	 29.2	0	    0
	    0
	    0
	    0
	    0
	    0
	    0
	    0
 1853	    5	 27.1	 18.7	  9.3	  7.8	 70.6	 15.2	0	    0
	    0
	    0
 1856	    5	 26.4	 18.4	  9.1	  7.7	 13.5	 22.3	0	    0
	    0
	    0
	    0
 1860	    3	 23.2	 23.5	 15.9	  3.8	 39.5	 83.8	0	    0
	    0
	    0
	    0
	    0
	    0
	    0
	    0
	    0
	    0
	    0
	    0
 1872	    3	 21.3	 23.6	 16.5	  3.5	 62.3	 34.7	0	    0
	    0
	    0
 1875	    3	 21.7	 23.6	 16.4	  3.6	 96.3	 38.7	0	    0
 1876	    3	 23.4	 24.2	 16.6	  3.8	 74.9	 11.3	0	    0
	    0
	    0
	    0
	    0
 1881	    5	 25.8	 18.1	  9.0	  7.7	 59.1	 61.9	0	    0
	    0
	    0
	    0
 1885	    5	 29.8	 19.4	  9.7	  8.3	 75.3	  6.2	0	    0
	    0
 1887	    3	 20.6	 23.2	 16.2	  3.4	 92.7	 82.8	0	    0
	    0
	    0
	    0
	    0
 1892	    3	 22.2	 23.6	 16.3	  3.7	 94.7	 27.4	0	    0
	    0
	    0
 1895	    5	 26.2	 18.5	  9.2	  7.7	 45.2	 97.5	0	    0
	    0
	    0
	    0
	    0
	    0
	    0
	    0
	    0
 1904	    3	 24.9	 24.5	 16.8	  4.0	 91.7	 14.8	1	    0
	    0
	    0
	    0
	    0
	    0
	    0
	    0
	    0
 1913	    5	 28.9	 18.9	  9.4	  8.2	 95.2	 17.5	0	    0
	    0
	    0
 1916	    3	 22.4	 23.6	 16.3	  3.7	 66.4	 64.0	0	    0
	    0
	    0
	    0
	    0
	    0
	    0
	    0
	    0
	    0
	    0
	    0
 1928	    5	 27.8	 18.4	  9.1	  8.0	 13.6	 62.9	0	    0
	    0
	    0
 1931	    5	 26.8	 18.9	  9.4	  7.8	 63.0	 44.8	0	    0
	    0
	    0
 1934	    3	 22.1	 23.0	 15.6	  3.7	 48.5	 71.6	0	    0
	    0
	    0
	    0
 1938	    3	 21.6	 23.6	 16.4	  3.6	 79.0	 39.4	0	    0
	    0
	    0
	    0
	    0
	    0
	    0
	    0
	    0
	    0
	    0
	    0
	    0
	    0
	    0
 1953	    5	 24.3	 17.9	  8.9	  7.3	 29.6	  1.9	0	    0
	    0
	    0
	    0
	    0
	    0
	    0
	    0
	    0
	    0
	    0
	    0
	    0
	    0
	    0
 1968	    3	 21.3	 23.3	 16.2	  3.5	 71.4	 83.9	0	    0
	    0
	    0
	    0
	    0
	    0
	    0
	    0
	    0
	    0
	    0
	    0
 1980	    3	 22.0	 23.1	 15.8	  3.6	 87.1	 17.0	0	    0
	    0
	    0
 1983	    5	 28.0	 18.9	  9.4	  8.0	  9.5	  0.4	0	    0
	    0
	    0
	    0
	    0
	    0
	    0
	    0
	    0
	    0
	    0
	    0
	    0
	    0
	    0
	    0
	    0
	    0
	    0
 2002	    5	 28.1	 18.8	  9.3	  8.0	 48.2	  7.1	1	    0
	    0
 2004	    3	 21.2	 23.6	 16.4	  3.5	  0.3	 70.7	0	    0
	    0
	    0
	    0
	    0
 2009	    3	 23.5	 23.8	 16.2	  3.8	 39.0	 13.1	1	    0
 2010	    3	 22.9	 24.0	 16.6	  3.7	 11.7	 17.9	0	    0
	    0
 2012	    3	 21.6	 23.1	 15.9	  3.6	 21.9	  3.7	0	    0
	    0
	    0
	    0
	    0
	    0
	    0
	    0
	    0
 2021	    3	 22.6	 23.7	 16.3	  3.7	 45.1	 59.7	0	    0
	    0
	    0
 2024	    5	 27.4	 18.6	  9.2	  7.9	  3.9	 47.8	0	    0
	    0
	    0
	    0
	    0
 2029	    3	 20.5	 22.5	 15.4	  3.5	 16.2	 14.6	1	    0
	    0
	    0
	    0
 2033	    3	 22.5	 23.3	 15.9	  3.7	 89.0	 27.4	0	    0
 2034	    5	 28.0	 18.7	  9.3	  8.0	 86.4	 21.8	0	    0
	    0
	    0
	    0
	    0
	    0
	    0
	    0
	    0
	    0
	    0
	    0
	    0
 2047	    5	 30.6	 19.3	  9.6	  8.5	 89.0	 58.8	0	    0
	    0
	    0
	    0
	    0
 2052	    5	 28.1	 19.0	  9.4	  8.0	 80.6	 34.3	0	    0
 2053	    5	 27.0	 18.6	  9.2	  7.8	  0.5	 99.1	0	    0
	    0
	    0
	    0
	    0
	    0
	    0
	    0
	    0
 2062	    5	 24.1	 17.4	  8.6	  7.4	 50.4	  3.2	0	    0
	    0
	    0
	    0
 2066	    3	 22.0	 23.9	 16.6	  3.6	  0.5	 42.8	0	    0
	    0
	    0
	    0
 2070	    5	 26.6	 18.7	  9.3	  7.7	 78.8	 48.8	0	    0
	    0
	    0
	    0
	    0
	    0
	    0
	    0
	    0
	    0
	    0
	    0
	    0
	    0
 2084	    5	 25.9	 18.0	  8.9	  7.7	 54.1	 29.3	0	    0
 2085	    3	 22.6	 23.7	 16.3	  3.7	 70.5	 53.4	0	    0
	    0
	    0
	    0
 2089	    5	 28.4	 19.0	  9.5	  8.1	 91.4	 96.7	0	    0
	    0
	    0
 2092	    3	 24.2	 23.7	 16.1	  3.9	 25.5	 37.9	0	    0
	    0
	    0
	    0
	    0
	    0
	    0
	    0
 2100	    3	 22.8	 24.0	 16.6	  3.7	 85.0	 74.8	1	    0
	    0
	    0
	    0
	    0
	    0
	    0
	    0
	    0
	    0
	    0
	    0
	    0
	    0
	    0
	    0
 2116	    5	 27.4	 18.8	  9.3	  7.9	 24.3	 35.0	0	    0
	    0
	    0
	    0
	    0
	    0
	    0
 2123	    3	 26.2	 24.9	 16.9	  4.1	 53.3	 93.4	0	    0
	    0
	    0
	    0
	    0
	    0
	    0
	    0
	    0
	    0
	    0
	    0
	    0
	    0
 2137	    3	 22.1	 23.2	 15.8	  3.7	  0.6	 37.3	0	    0
	    0
	    0
	    0
	    0
	    0
	    0
	    0
	    0
	    0
 2147	    5	 28.1	 18.9	  9.4	  8.0	 69.2	 19.0	1	    0
	    0
	    0
	    0
	    0
	    0
	    0
	    0
	    0
 2156	    3	 22.0	 23.8	 16.5	  3.6	 43.6	 29.8	1	    0
	    0
	    0
	    0
	    0
	    0
	    0
	    0
	    0
	    0
	    0
	    0
 2168	    3	 21.7	 22.8	 15.5	  3.6	 65.9	 57.9	0	    0
	    0
	    0
	    0
	    0
	    0
	    0
 2175	    3	 22.4	 23.4	 16.0	  3.7	 27.0	 56.0	0	    0
	    0
	    0
	    0
	    0
	    0
	    0
	    0
	    0
	    0
	    0
	    0
	    0
	    0
	    0
	    0
	    0
	    0
	    0
	    0
	    0
	    0
	    0
	    0
	    0
	    0
	    0
 2202	    5	 26.0	 18.4	  9.1	  7.7	 97.1	 24.2	0	    0
	    0
	    0
	    0
	    0
	    0
	    0
	    0
 2210	    3	 22.3	 23.4	 16.1	  3.7	 19.1	  2.3	0	    0
	    0
	    0
	    0
	    0
	    0
 2216	    3	 21.5	 23.5	 16.3	  3.6	 77.5	 93.7	0	    0
	    0
 2218	    5	 29.2	 18.4	  9.1	  8.4	 36.2	 56.2	0	    0
	    0
	    0
 2221	    5	 29.2	 19.3	  9.6	  8.2	 69.2	 50.4	0	    0
	    0
	    0
	    0
	    0
	    0
	    0
	    0
	    0
	    0
	    0
	    0
	    0
	    0
	    0
	    0
	    0
	    0
	    0
	    0
	    0
 2242	    5	 30.4	 19.3	  9.6	  8.5	 29.0	 99.3	0	    0
 2243	    3	 19.7	 23.2	 16.4	  3.3	 54.8	  9.1	1	    0
	    0
 2245	    5	 27.8	 18.4	  9.1	  8.0	 10.2	 69.8	0	    0
 2246	    3	 23.0	 24.0	 16.5	  3.7	 93.7	 48.1	0	    0
	    0
	    0
	    0
	    0
	    0
 2252	    3	 22.1	 23.8	 16.5	  3.6	  2.2	 70.7	0	    0
	    0
	    0
	    0
 2256	    3	 23.9	 24.2	 16.6	  3.9	  4.4	 18.0	0	    0
 2257	    5	 31.3	 19.4	  9.7	  8.6	 40.1	 65.0	0	    0
	    0
	    0
	    0
	    0
	    0
	    0
	    0
	    0
	    0
 2267	    3	 21.3	 23.6	 16.4	  3.5	  8.4	 57.4	0	    0
	    0
	    0
 2270	    3	 22.3	 23.2	 15.8	  3.7	 53.6	 73.3	0	    0
	    0
	    0
	    0
 2274	    3	 19.9	 23.1	 16.3	  3.4	 39.3	 33.5	1	    0
	    0
	    0
	    0
	    0
	    0
 2280	    3	 22.3	 23.2	 15.8	  3.7	 22.4	 64.0	0	    0
	    0
	    0
	    0
 2284	    3	 20.2	 23.2	 16.3	  3.4	 13.1	 52.2	0	    0
	    0
	    0
	    0
	    0
	    0
	    0
 2291	    5	 28.8	 18.9	  9.4	  8.2	 99.8	 46.0	0	    0
	    0
	    0
	    0
 2295	    3	 20.9	 23.1	 16.0	  3.5	 99.3	 93.7	0	    0
	    0
	    0
	    0
	    0
	    0
	    0
 2302	    3	 22.7	 23.4	 16.0	  3.7	 90.6	 89.0	0	    0
	    0
	    0
	    0
	    0
	    0
 2308	    3	 22.3	 23.2	 15.9	  3.7	 47.6	 18.3	0	    0
	    0
	    0
 2311	    3	 23.7	 23.7	 16.1	  3.9	 37.5	 56.0	0	    0
	    0
	    0
	    0
	    0
 2316	    3	 26.6	 25.1	 17.1	  4.2	 26.2	 58.2	0	    0
	    0
	    0
	    0
	    0
	    0
	    0
	    0
	    0
	    0
	    0
	    0
 2328	    5	 30.3	 19.5	  9.7	  8.4	 30.5	 40.4	0	    0
 2329	    3	 21.1	 23.0	 15.9	  3.5	 65.8	 90.3	0	    0
	    0
	    0
	    0
	    0
	    0
	    0
	    0
	    0
	    0
 2339	    5	 27.2	 18.6	  9.2	  7.9	 39.8	 91.2	0	    0
 2340	    3	 19.2	 22.3	 15.6	  3.3	  9.7	 78.2	0	    0
	    0
	    0
	    0
	    0
	    0
	    0
	    0
	    0
	    0
	    0
	    0
	    0
	    0
	    0
	    0
	    0
 2357	    5	 30.4	 19.3	  9.6	  8.4	 84.9	 33.0	0	    0
	    0
 2359	    5	 28.2	 19.0	  9.4	  8.0	 25.9	 14.8	0	    0
	    0
	    0
	    0
 2363	    3	 21.3	 23.7	 16.5	  3.5	 80.6	 80.2	0	    0
	    0
	    0
	    0
	    0
	    0
	    0
 2370	    5	 28.3	 18.5	  9.2	  8.1	 87.9	 79.1	0	    0
	    0
	    0
	    0
	    0
	    0
	    0
	    0
 2378	    3	 21.7	 23.7	 16.4	  3.6	 43.6	 60.4	0	    0
	    0
	    0
	    0
	    0
 2383	    5	 27.2	 18.6	  9.2	  7.9	 90.7	 65.4	0	    0
	    0
	    0
	    0
	    0
	    0
	    0
	    0
 2391	    5	 26.8	 18.4	  9.1	  7.8	 74.2	 33.3	0	    0
	    0
	    0
	    0
	    0
	    0
	    0
	    0
	    0
	    0
	    0
 2402	    5	 28.6	 18.9	  9.4	  8.1	 78.0	 32.4	0	    0
	    0
	    0
	    0
	    0
	    0
	    0
	    0
	    0
	    0
	    0
	    0
	    0
	    0
	    0
	    0
	    0
 2419	    3	 22.2	 23.6	 16.3	  3.7	 84.0	 46.5	0	    0
 2420	    5	 25.4	 18.4	  9.1	  7.5	 33.7	 41.4	0	    0
	    0
	    0
 2423	    3	 22.2	 23.3	 15.9	  3.7	 11.8	 82.0	0	    0
	    0
	    0
	    0
	    0
	    0
	    0
	    0
	    0
	    0
	    0
 2434	    3	 25.2	 24.8	 17.0	  4.0	  1.7	 23.8	0	    0
 2435	    5	 26.9	 18.6	  9.2	  7.8	 89.9	 30.5	0	    0
	    0
	    0
 2438	    3	 20.6	 22.8	 15.8	  3.5	 74.8	 67.6	0	    0
	    0
	    0
	    0
	    0
	    0
	    0
	    0
	    0
	    0
	    0
	    0
	    0
 2451	    3	 21.9	 23.4	 16.1	  3.6	 59.6	 90.2	0	    0
	    0
	    0
	    0
	    0
	    0
 2457	    3	 23.0	 23.7	 16.2	  3.8	 63.4	 10.0	0	    0
	    0
	    0
	    0
 2461	    3	 19.9	 22.6	 15.7	  3.4	 35.5	  8.1	1	    0
	    0
	    0
	    0
 2465	    5	 31.9	 19.7	  9.8	  8.7	 63.9	 31.0	0	    0
	    0
	    0
	    0
	    0
	    0
	    0
	    0
	    0
	    0
	    0
	    0
	    0
	    0
	    0
	    0
	    0
 2482	    5	 26.8	 18.6	  9.2	  7.8	 52.1	 46.0	0	    0
 2483	    5	 29.7	 19.3	  9.6	  8.3	 90.7	 19.8	0	    0
	    0
	    0
	    0
	    0
	    0
 2489	    5	 31.4	 19.7	  9.8	  8.6	 58.4	 11.1	0	    0
 2490	    3	 21.5	 23.3	 16.1	  3.6	 37.5	  2.1	0	    0
	    0
	    0
	    0
	    0
	    0
	    0
	    0
	    0
	    0
	    0
	    0
	    0
 2503	    3	 19.1	 22.1	 15.4	  3.3	 99.7	 98.5	1	    0
	    0
	    0
	    0
 2507	    5	 31.1	 19.5	  9.7	  8.6	  3.9	 80.9	0	    0
	    0
	    0
	    0
	    0
	    0
	    0
	    0
	    0
	    0
	    0
	    0
	    0
	    0
 2521	    3	 26.1	 24.9	 17.0	  4.1	 45.5	 55.5	0	    0
	    0
	    0
 2524	    3	 23.4	 24.1	 16.6	  3.8	 48.2	 97.2	0	    0
	    0
	    0
	    0
 2528	    3	 22.5	 23.7	 16.3	  3.7	 41.4	 96.3	0	    0
	    0
	    0
	    0
	    0
 2533	    5	 27.3	 18.7	  9.3	  7.9	 90.2	 27.0	0	    0
	    0
	    0
 2536	    3	 22.7	 23.8	 16.4	  3.7	 31.4	 51.8	0	    0
 2537	    3	 22.9	 23.8	 16.3	  3.7	 11.2	 50.7	0	    0
	    0
	    0
	    0
	    0
	    0
	    0
	    0
 2545	    5	 31.8	 19.8	  9.8	  8.7	 28.6	 45.2	0	    0
	    0
	    0
	    0
	    0
	    0
	    0
	    0
	    0
 2554	    5	 22.3	 17.5	  8.7	  6.9	 31.4	 22.3	0	    0
	    0
	    0
	    0
	    0
	    0
	    0
	    0
	    0
	    0
	    0
	    0
	    0
 2567	    3	 22.0	 23.2	 15.9	  3.6	 25.2	 26.4	0	    0
	    0
	    0
	    0
	    0
	    0
	    0
	    0
	    0
	    0
	    0
	    0
	    0
	    0
 2581	    3	 19.5	 22.3	 15.5	  3.3	 31.1	 44.3	0	    0
	    0
	    0
	    0
	    0
	    0
	    0
	    0
	    0
	    0
	    0
 2592	    5	 28.2	 18.6	  9.2	  8.1	 58.1	 45.0	0	    0
	    0
 2594	    3	 22.1	 23.4	 16.0	  3.7	 93.6	 33.2	1	    0
	    0
 2596	    3	 22.2	 23.7	 16.3	  3.7	 38.7	 69.0	0	    0
 2597	    5	 27.9	 18.8	  9.3	  8.0	 32.6	 75.1	0	    0
	    0
	    0
	    0
 2601	    3	 21.0	 23.2	 16.1	  3.5	 24.7	 71.8	0	    0
	    0
	    0
	    0
	    0
	    0
	    0
	    0
	    0
	    0
	    0
	    0
	    0
	    0
	    0
	    0
	    0
	    0
	    0
	    0
 2621	    3	 21.2	 23.3	 16.1	  3.5	  2.5	 52.9	0	    0
 2622	    3	 19.6	 22.4	 15.6	  3.4	 73.9	 27.8	0	    0
	    0
	    0
	    0
	    0
	    0
	    0
 2629	    3	 21.0	 23.4	 16.3	  3.5	 39.5	 89.9	0	    0
	    0
	    0
	    0
	    0
 2634	    5	 27.3	 18.6	  9.2	  7.9	 56.2	  4.4	0	    0
 2635	    3	 26.2	 25.0	 17.1	  4.1	 96.0	 71.5	0	    0
	    0
 2637	    5	 27.8	 18.3	  9.1	  8.1	 92.5	 59.1	0	    0
 2638	    3	 23.9	 23.7	 16.1	  3.9	 93.0	  6.5	1	    0
	    0
	    0
	    0
	    0
	    0
	    0
	    0
	    0
	    0
	    0
	    0
	    0
	    0
	    0
 2653	    3	 20.6	 23.4	 16.4	  3.4	  2.6	 63.0	0	    0
	    0
	    0
	    0
	    0
 2658	    3	 20.5	 23.0	 16.0	  3.4	 54.2	 21.8	0	    0
	    0
	    0
	    0
	    0
	    0
	    0
	    0
	    0
	    0
	    0
	    0
	    0
 2671	    5	 20.8	 16.7	  8.3	  6.7	  1.9	 61.0	0	    0
	    0
	    0
	    0
 2675	    3	 20.5	 22.9	 15.9	  3.4	 57.6	 42.3	0	    0
	    0
	    0
 2678	    3	 21.6	 23.6	 16.4	  3.6	 21.5	 74.8	0	    0
 2679	    3	 21.9	 23.2	 15.9	  3.6	 17.1	 78.1	0	    0
	    0
	    0
	    0
	    0
	    0
	    0
	    0
	    0
	    0
	    0
	    0
	    0
 2692	    3	 19.9	 22.4	 15.5	  3.4	 82.1	 20.5	1	    0
	    0
	    0
 2695	    3	 21.1	 23.5	 16.3	  3.5	 72.7	 98.9	1	    0
	    0
	    0
	    0
	    0
 2700	    5	 26.2	 18.4	  9.1	  7.7	 22.7	 53.2	0	    0
 2701	    3	 22.4	 23.6	 16.2	  3.7	 34.6	 90.9	0	    0
	    0
 2703	    5	 26.9	 18.6	  9.2	  7.8	 58.0	 95.2	0	    0
	    0
	    0
 2706	    5	 26.7	 18.7	  9.3	  7.8	 56.7	 85.4	0	    0
 2707	    5	 24.1	 18.3	  9.1	  7.2	 89.4	 40.2	0	    0
	    0
	    0
	    0
 2711	    5	 29.0	 19.0	  9.4	  8.2	 74.4	 18.0	0	    0
	    0
	    0
	    0
	    0
	    0
	    0
	    0
	    0
	    0
	    0
	    0
	    0
 2724	    5	 27.3	 18.4	  9.1	  7.9	 77.2	 46.3	0	    0
	    0
	    0
	    0
	    0
	    0
	    0
	    0
	    0
 2733	    5	 25.6	 18.4	  9.1	  7.6	 30.5	 70.6	0	    0
	    0
	    0
	    0
	    0
	    0
	    0
 2740	    5	 28.0	 18.9	  9.4	  8.0	 72.1	 50.7	0	    0
	    0
 2742	    3	 22.8	 23.9	 16.4	  3.7	 75.1	 72.3	0	    0
	    0
	    0
	    0
 2746	    3	 23.0	 24.0	 16.5	  3.7	 82.8	 73.3	0	    0
 2747	    3	 22.5	 23.8	 16.4	  3.7	 91.9	 59.9	0	    0
	    0
	    0
	    0
	    0
	    0
	    0
	    0
	    0
	    0
	    0
	    0
 2759	    3	 24.0	 24.2	 16.6	  3.9	 28.8	 60.3	0	    0
 2760	    5	 26.3	 18.3	  9.1	  7.7	 56.8	 66.9	0	    0
	    0
	    0
 2763	    5	 25.4	 18.2	  9.0	  7.5	 32.0	 27.2	0	    0
	    0
 2765	    3	 22.6	 23.7	 16.3	  3.7	 78.8	 26.0	0	    0
	    0
	    0
	    0
	    0
	    0
	    0
	    0
	    0
	    0
	    0
	    0
 2777	    3	 21.7	 23.5	 16.2	  3.6	 62.3	 44.5	0	    0
 2778	    3	 22.4	 23.8	 16.4	  3.7	 22.7	 15.1	0	    0
	    0
 2780	    3	 21.3	 23.5	 16.3	  3.5	 45.6	 39.6	0	    0
	    0
 2782	    3	 22.3	 23.1	 15.7	  3.7	 32.5	 56.4	0	    0
	    0
 2784	    5	 31.4	 19.2	  9.6	  8.7	 24.3	 86.9	0	    0
	    0
	    0
 2787	    3	 22.5	 23.9	 16.5	  3.7	 66.9	 61.6	0	    0
	    0
	    0
	    0
	    0
	    0
	    0
 2794	    3	 21.4	 23.4	 16.3	  3.5	 97.4	 98.5	0	    0
	    0
 2796	    3	 27.0	 25.2	 17.1	  4.2	 56.9	 58.8	0	    0
	    0
	    0
	    0
	    0
	    0
	    0
	    0
	    0
 2805	    3	 19.9	 23.2	 16.3	  3.4	 78.2	 98.4	0	    0
 2806	    5	 25.7	 18.1	  9.0	  7.6	 15.0	 81.8	0	    0
	    0
	    0
 2809	    3	 22.4	 23.9	 16.5	  3.7	 69.3	 93.7	0	    0
	    0
	    0
	    0
	    0
	    0
	    0
	    0
	    0
	    0
	    0
	    0
	    0
 2822	    3	 21.4	 23.4	 16.3	  3.5	 45.9	 62.3	0	    0
 2823	    5	 25.2	 18.6	  9.2	  7.4	 63.3	 96.0	0	    0
	    0
	    0
	    0
	    0
	    0
	    0
 2830	    3	 20.9	 23.1	 16.0	  3.5	 96.7	  3.6	1	    0
 2831	    5	 21.6	 17.8	  8.8	  6.7	 55.0	 48.8	0	    0
	    0
	    0
	    0
 2835	    3	 21.7	 23.3	 16.1	  3.6	  2.3	 76.3	0	    0
	    0
	    0
	    0
	    0
	    0
 2841	    5	 26.3	 18.6	  9.3	  7.7	 47.2	 80.7	0	    0
	    0
	    0
	    0
	    0
	    0
 2847	    3	 22.4	 23.2	 15.8	  3.7	 11.0	 79.2	0	    0
	    0
	    0
	    0
	    0
	    0
 2853	    5	 27.5	 18.2	  9.0	  8.0	 57.4	 77.1	0	    0
	    0
	    0
	    0
	    0
	    0
	    0
	    0
 2861	    5	 30.7	 19.5	  9.7	  8.5	 40.9	 42.4	0	    0
	    0
	    0
	    0
	    0
	    0
	    0
	    0
	    0
 2870	    3	 22.3	 23.0	 15.7	  3.7	 42.3	 89.8	0	    0
	    0
	    0
	    0
	    0
	    0
	    0
	    0
	    0
	    0
	    0
	    0
 2882	    3	 23.2	 23.3	 15.8	  3.8	 70.6	 58.9	0	    0
 2883	    3	 22.7	 23.9	 16.4	  3.7	 59.0	 18.3	0	    0
	    0
	    0
 2886	    5	 28.0	 19.0	  9.5	  8.0	  8.9	 72.6	0	    0
	    0
	    0
	    0
	    0
	    0
	    0
	    0
	    0
	    0
 2896	    3	 19.6	 22.7	 16.0	  3.3	 56.7	 89.5	0	    0
	    0
 2898	    5	 28.2	 18.5	  9.2	  8.1	 34.6	 29.2	0	    0
	    0
	    0
 2901	    3	 24.1	 24.4	 16.7	  3.9	 54.1	 12.6	1	    0
	    0
 2903	    5	 31.8	 19.5	  9.7	  8.7	 46.8	 12.5	0	    0
	    0
 2905	    3	 19.3	 21.9	 15.2	  3.3	 96.5	 23.5	1	    0
 2906	    5	 27.8	 18.8	  9.3	  8.0	 19.6	 53.7	0	    0
	    0
	    0
	    0
	    0
	    0
	    0
	    0
	    0
 2915	    5	 28.4	 18.9	  9.4	  8.1	 10.3	 58.7	0	    0
	    0
	    0
	    0
	    0
	    0
	    0
 2922	    3	 25.0	 24.7	 16.9	  4.0	  9.5	 63.7	0	    0
	    0
	    0
	    0
	    0
	    0
	    0
 2929	    5	 26.9	 18.5	  9.2	  7.8	 25.3	  6.6	0	    0
	    0
	    0
	    0
	    0
 2934	    5	 28.8	 18.7	  9.3	  8.2	 73.1	 64.7	0	    0
 2935	    3	 26.7	 25.1	 17.1	  4.2	 46.7	 68.3	0	    0
 2936	    5	 26.4	 18.5	  9.2	  7.7	 89.9	 22.6	0	    0
	    0
	    0
	    0
	    0
 2941	    5	 30.9	 19.5	  9.7	  8.5	 43.6	 84.8	0	    0
	    0
	    0
	    0
	    0
	    0
	    0
	    0
	    0
	    0
	    0
	    0
	    0
	    0
	    0
	    0
	    0
	    0
	    0
	    0
	    0
	    0
	    0
	    0
	    0
	    0
	    0
	    0
	    0
 2970	    3	 24.7	 24.5	 16.8	  3.9	 50.0	 43.2	0	    0
	    0
	    0
	    0
 2974	    5	 30.4	 19.5	  9.7	  8.4	 14.3	 88.8	0	    0
	    0
 2976	    5	 31.4	 19.5	  9.7	  8.6	 84.1	 81.9	0	    0
 2977	    3	 25.5	 24.8	 17.0	  4.0	 54.4	 10.6	1	    0
	    0
	    0
	    0
	    0
	    0
	    0
	    0
	    0
	    0
	    0
	    0
	    0
	    0
	    0
	    0
 2993	    5	 25.6	 18.1	  9.0	  7.6	 54.0	 39.8	0	    0
	    0
	    0
	    0
 2997	    3	 22.1	 23.8	 16.4	  3.6	 31.3	 11.5	0	    0
	    0
	    0
	    0
	    0
	    0
	    0
 3004	    3	 21.7	 23.7	 16.5	  3.6	 79.1	 66.2	0	    0
	    0
 3006	    3	 21.4	 23.2	 16.0	  3.6	 95.9	 31.8	0	    0
	    0
	    0
	    0
	    0
	    0
	    0
 3013	    3	 23.3	 23.8	 16.3	  3.8	 17.3	 79.9	0	    0
	    0
	    0
	    0
 3017	    3	 21.7	 23.6	 16.4	  3.6	 15.3	 65.7	0	    0
	    0
	    0
	    0
 3021	    3	 21.2	 22.8	 15.6	  3.6	 48.6	  6.0	0	    0
 3022	    3	 22.5	 23.2	 15.8	  3.7	 79.3	 14.6	0	    0
	    0
	    0
 3025	    5	 28.6	 19.2	  9.5	  8.1	 50.5	 38.6	0	    0
	    0
	    0
	    0
	    0
	    0
	    0
 3032	    5	 26.6	 18.7	  9.3	  7.7	 77.1	 52.0	0	    0
	    0
	    0
	    0
	    0
	    0
	    0
	    0
	    0
	    0
	    0
	    0
	    0
	    0
	    0
	    0
	    0
	    0
	    0
	    0
	    0
	    0
	    0
	    0
	    0
	    0
	    0
	    0
	    0
	    0
 3062	    5	 29.6	 18.7	  9.3	  8.4	 94.7	 23.4	0	    0
	    0
	    0
	    0
 3066	    3	 21.8	 23.6	 16.4	  3.6	 32.4	 55.1	1	    0
	    0
	    0
	    0
	    0
 3071	    3	 23.3	 24.3	 16.7	  3.8	 84.3	  5.2	0	    0
	    0
	    0
	    0
	    0
	    0
	    0
	    0
	    0
	    0
 3081	    3	 21.7	 22.8	 15.5	  3.6	 57.6	 91.9	1	    0
	    0
	    0
	    0
 3085	    5	 31.1	 19.4	  9.6	  8.6	  7.5	 35.4	0	    0
	    0
	    0
	    0
	    0
	    0
	    0
	    0
	    0
 3094	    3	 20.9	 22.8	 15.7	  3.5	 17.1	 67.8	0	    0
	    0
	    0
	    0
	    0
	    0
 3100	    5	 27.0	 19.0	  9.5	  7.8	 76.8	 29.6	0	    0
	    0
	    0
	    0
	    0
 3105	    3	 25.1	 24.6	 16.8	  4.0	 21.8	 82.4	0	    0
	    0
	    0
	    0
	    0
	    0
	    0
 3112	    5	 28.0	 18.6	  9.2	  8.1	 89.7	 62.0	0	    0
	    0
	    0
	    0
	    0
	    0
	    0
	    0
	    0
	    0
	    0
	    0
 3124	    5	 26.4	 18.7	  9.3	  7.7	 95.9	 35.3	0	    0
	    0
	    0
	    0
	    0
	    0
 3130	    3	 23.0	 23.8	 16.4	  3.7	 20.1	  6.4	1	    0
	    0
	    0
	    0
	    0
	    0
 3136	    5	 24.4	 18.1	  9.0	  7.3	 12.8	 83.0	0	    0
	    0
	    0
	    0
	    0
	    0
	    0
 3143	    3	 23.7	 23.8	 16.2	  3.8	 50.7	 25.5	0	    0
	    0
 3145	    3	 20.9	 23.0	 16.0	  3.5	 77.0	 86.6	0	    0
 3146	    3	 21.4	 23.2	 16.0	  3.6	 56.6	 87.2	1	    0
	    0
	    0
	    0
	    0
	    0
 3152	    5	 22.2	 17.5	  8.7	  6.9	 72.6	 62.1	0	    0
	    0
	    0
 3155	    3	 25.6	 24.8	 17.0	  4.0	 34.5	 38.3	0	    0
	    0
	    0
	    0
	    0
	    0
	    0
	    0
	    0
	    0
	    0
	    0
	    0
	    0
 3169	    5	 30.7	 19.3	  9.6	  8.5	  5.0	 16.4	0	    0
	    0
	    0
	    0
	    0
	    0
 3175	    3	 21.1	 22.6	 15.5	  3.5	 85.3	 80.7	0	    0
	    0
	    0
	    0
 3179	    5	 25.9	 18.4	  9.1	  7.6	 17.3	 58.2	0	    0
	    0
 3181	    5	 30.4	 19.1	  9.5	  8.5	 21.9	 27.1	0	    0
	    0
	    0
	    0
	    0
	    0
 3187	    5	 26.5	 18.4	  9.1	  7.8	 64.2	 44.1	0	    0
 3188	    3	 22.1	 23.9	 16.5	  3.6	 60.7	 28.4	0	    0
	    0
	    0
	    0
	    0
	    0
	    0
	    0
	    0
 3197	    5	 26.1	 18.6	  9.2	  7.7	 28.9	 37.1	0	    0
	    0
	    0
 3200	    3	 20.6	 23.3	 16.2	  3.4	 19.9	 96.2	0	    0
	    0
	    0
	    0
	    0
	    0
	    0
	    0
	    0
	    0
 3210	    3	 21.3	 23.1	 16.0	  3.5	 49.7	 50.0	1	    0
	    0
	    0
	    0
	    0
	    0
	    0
	    0
	    0
	    0
	    0
	    0
 3222	    3	 24.7	 24.6	 16.8	  3.9	 52.2	 15.6	0	    0
	    0
	    0
	    0
	    0
	    0
	    0
	    0
	    0
	    0
	    0
	    0
	    0
	    0
 3236	    5	 22.6	 17.8	  8.8	  7.0	  6.9	 18.6	0	    0
	    0
	    0
	    0
	    0
	    0
	    0
	    0
	    0
	    0
	    0
	    0
	    0
	    0
	    0
	    0
	    0
	    0
	    0
	    0
 3256	    3	 28.3	 25.6	 17.4	  4.3	 72.2	 58.0	0	    0
 3257	    3	 21.0	 22.9	 15.8	  3.5	 26.6	 11.1	0	    0
	    0
	    0
 3260	    3	 20.3	 22.5	 15.6	  3.4	 86.1	 85.4	0	    0
	    0
	    0
	    0
	    0
	    0
	    0
	    0
	    0
	    0
	    0
 3271	    5	 28.2	 19.0	  9.4	  8.0	 57.6	 99.6	0	    0
	    0
	    0
	    0
	    0
	    0
	    0
	    0
	    0
	    0
	    0
	    0
	    0
	    0
	    0
	    0
	    0
	    0
	    0
	    0
	    0
	    0
 3293	    3	 26.9	 24.8	 16.8	  4.2	 13.3	 96.9	0	    0
	    0
	    0
	    0
	    0
	    0
	    0
	    0
 3301	    3	 22.5	 23.3	 15.9	  3.7	 23.0	 57.9	0	    0
	    0
	    0
	    0
	    0
	    0
	    0
	    0
	    0
	    0
	    0
 3312	    5	 31.7	 19.5	  9.7	  8.7	  6.9	 27.6	0	    0
	    0
	    0
	    0
	    0
 3317	    5	 27.8	 18.6	  9.2	  8.0	 11.3	 33.7	0	    0
	    0
 3319	    3	 24.7	 24.7	 17.0	  3.9	 40.6	 78.1	0	    0
	    0
 3321	    5	 29.9	 19.3	  9.6	  8.3	  9.1	 90.6	0	    0
	    0
	    0
	    0
	    0
	    0
	    0
 3328	    3	 25.6	 24.7	 16.8	  4.0	 89.5	 47.3	1	    0
	    0
	    0
	    0
	    0
	    0
	    0
	    0
	    0
	    0
	    0
	    0
	    0
	    0
	    0
	    0
	    0
	    0
 3346	    3	 27.4	 25.3	 17.3	  4.2	  9.7	 29.2	0	    0
 3347	    3	 21.0	 23.0	 15.9	  3.5	 75.5	 71.9	0	    0
 3348	    3	 22.4	 23.2	 15.8	  3.7	 43.9	 42.9	0	    0
	    0
	    0
	    0
	    0
	    0
	    0
	    0
	    0
	    0
	    0
	    0
	    0
	    0
	    0
	    0
	    0
	    0
 3366	    3	 22.5	 23.7	 16.3	  3.7	 78.1	 33.9	0	    0
	    0
	    0
	    0
 3370	    5	 29.0	 19.1	  9.5	  8.2	 56.9	 23.6	0	    0
 3371	    3	 23.0	 23.9	 16.4	  3.7	 98.5	 44.5	0	    0
	    0
	    0
 3374	    5	 32.7	 19.4	  9.7	  8.9	 36.0	 92.8	0	    0
	    0
	    0
	    0
	    0
	    0
	    0
	    0
 3382	    5	 30.8	 19.3	  9.6	  8.5	 98.9	 33.9	0	    0
	    0
	    0
	    0
	    0
	    0
	    0
	    0
	    0
	    0
	    0
	    0
	    0
	    0
	    0
	    0
	    0
	    0
	    0
	    0
 3402	    3	 22.3	 23.3	 15.9	  3.7	 26.4	 76.7	0	    0
	    0
 3404	    3	 24.9	 24.6	 16.8	  4.0	 69.2	 34.2	1	    0
	    0
	    0
 3407	    5	 28.3	 18.8	  9.3	  8.1	 54.9	 15.3	0	    0
	    0
	    0
	    0
	    0
	    0
	    0
	    0
	    0
	    0
	    0
	    0
	    0
	    0
	    0
	    0
	    0
	    0
	    0
	    0
	    0
 3428	    5	 25.9	 18.5	  9.2	  7.6	 35.6	 42.2	0	    0
	    0
	    0
	    0
	    0
	    0
 3434	    3	 23.5	 23.5	 16.0	  3.8	 85.1	 64.7	0	    0
	    0
 3436	    5	 28.7	 18.6	  9.2	  8.2	 63.4	 77.7	0	    0
	    0
	    0
	    0
	    0
	    0
	    0
	    0
 3444	    3	 22.1	 23.8	 16.5	  3.6	 91.2	 93.7	0	    0
	    0
	    0
	    0
	    0
	    0
	    0
	    0
	    0
	    0
	    0
	    0
 3456	    3	 21.8	 23.2	 16.0	  3.6	 81.0	 66.7	0	    0
	    0
	    0
	    0
	    0
	    0
	    0
 3463	    5	 26.3	 18.6	  9.2	  7.7	 41.4	 68.9	0	    0
	    0
	    0
	    0
	    0
	    0
	    0
	    0
	    0
	    0
 3473	    5	 24.7	 17.9	  8.8	  7.4	 15.7	 18.5	0	    0
	    0
 3475	    3	 22.3	 23.6	 16.2	  3.7	 18.2	 20.9	0	    0
	    0
	    0
	    0
	    0
	    0
	    0
	    0
	    0
	    0
	    0
	    0
	    0
	    0
	    0
 3490	    3	 22.8	 24.0	 16.5	  3.7	 41.1	 39.6	0	    0
 3491	    5	 25.4	 18.3	  9.1	  7.5	 17.7	 94.9	0	    0
	    0
	    0
	    0
	    0
	    0
	    0
	    0
 3499	    5	 29.5	 19.1	  9.5	  8.3	 43.2	 40.9	0	    0
	    0
	    0
	    0
	    0
 3504	    3	 22.5	 23.8	 16.4	  3.7	 97.7	 55.8	0	    0
	    0
 3506	    3	 26.7	 25.2	 17.2	  4.2	 81.2	 71.1	0	    0
	    0
	    0
	    0
	    0
 3511	    5	 24.7	 17.9	  8.9	  7.4	 51.3	 64.2	0	    0
 3512	    3	 22.7	 24.0	 16.6	  3.7	 48.4	 47.4	0	    0
	    0
 3514	    3	 21.1	 22.3	 15.2	  3.6	 12.3	 37.0	0	    0
	    0
	    0
	    0
	    0
	    0
	    0
	    0
	    0
 3523	    5	 27.4	 18.6	  9.2	  7.9	 97.1	 97.2	0	    0
 3524	    3	 22.0	 23.3	 15.9	  3.6	 82.8	 74.1	0	    0
	    0
	    0
 3527	    5	 31.2	 19.4	  9.7	  8.6	 97.4	 41.8	0	    0
	    0
	    0
	    0
	    0
	    0
	    0
	    0
	    0
	    0
	    0
	    0
	    0
	    0
	    0
	    0
	    0
	    0
	    0
 3546	    3	 20.8	 23.1	 16.0	  3.5	 91.6	 50.4	0	    0
	    0
	    0
	    0
	    0
	    0
	    0
	    0
	    0
 3555	    3	 19.2	 22.5	 15.8	  3.3	 20.4	 38.9	0	    0
	    0
	    0
	    0
	    0
	    0
	    0
	    0
	    0
	    0
	    0
	    0
	    0
	    0
 3569	    3	 21.2	 23.5	 16.3	  3.5	 12.6	 44.7	0	    0
 3570	    3	 22.2	 22.5	 15.2	  3.7	 74.7	 71.5	0	    0
	    0
	    0
	    0
	    0
	    0
	    0
	    0
	    0
	    0
	    0
	    0
	    0
	    0
	    0
	    0
 3586	    5	 26.1	 18.0	  8.9	  7.7	 70.4	 92.8	1	    0
	    0
	    0
	    0
	    0
	    0
	    0
	    0
	    0
	    0
	    0
	    0
	    0
	    0
	    0
	    0
	    0
	    0
	    0
	    0
	    0
 3607	    5	 28.2	 18.8	  9.3	  8.1	 55.5	 37.9	0	    0
	    0
	    0
	    0
	    0
	    0
 3613	    5	 28.0	 18.9	  9.4	  8.0	 85.6	 91.1	0	    0
	    0
	    0
	    0
	    0
 3618	    3	 20.6	 23.1	 16.0	  3.5	 46.4	 14.4	0	    0
	    0
	    0
	    0
	    0
	    0
	    0
	    0
	    0
 3627	    3	 22.0	 23.5	 16.2	  3.6	 10.7	 87.9	0	    0
	    0
	    0
 3630	    5	 27.5	 18.8	  9.3	  7.9	 35.3	 61.3	0	    0
	    0
	    0
	    0
	    0
	    0
	    0
 3637	    5	 25.6	 18.0	  8.9	  7.6	 21.0	 17.1	0	    0
	    0
	    0
	    0
	    0
	    0
	    0
 3644	    3	 24.0	 24.2	 16.5	  3.9	 26.6	 88.3	0	    0
	    0
	    0
	    0
	    0
	    0
	    0
	    0
	    0
 3653	    3	 24.1	 24.3	 16.6	  3.9	 56.6	 64.8	0	    0
	    0
	    0
	    0
	    0
	    0
	    0
	    0
	    0
	    0
	    0
	    0
	    0
	    0
	    0
	    0
	    0
 3670	    5	 28.3	 19.1	  9.5	  8.0	 63.9	 89.8	0	    0
	    0
	    0
	    0
	    0
 3675	    3	 23.0	 24.0	 16.5	  3.7	 16.1	  6.8	0	    0
	    0
	    0
	    0
	    0
	    0
	    0
	    0
	    0
	    0
	    0
	    0
 3687	    3	 23.9	 24.3	 16.6	  3.9	 11.3	 68.3	0	    0
	    0
 3689	    3	 20.6	 23.3	 16.3	  3.4	 98.7	 78.5	0	    0
 3690	    3	 22.0	 23.5	 16.2	  3.6	  6.1	 85.5	0	    0
	    0
	    0
	    0
	    0
	    0
	    0
	    0
 3698	    3	 23.2	 23.5	 15.9	  3.8	 19.1	 22.4	0	    0
	    0
	    0
	    0
	    0
	    0
	    0
 3705	    5	 30.5	 19.4	  9.7	  8.4	 37.2	 51.7	0	    0
	    0
	    0
	    0
	    0
	    0
 3711	    3	 23.8	 23.6	 16.0	  3.9	 28.8	 65.4	0	    0
	    0
	    0
	    0
	    0
 3716	    3	 21.1	 22.8	 15.6	  3.5	 95.2	 69.8	0	    0
	    0
	    0
	    0
	    0
	    0
	    0
	    0
	    0
 3725	    5	 27.4	 18.9	  9.4	  7.9	 39.8	 53.2	0	    0
	    0
	    0
	    0
 3729	    3	 18.5	 22.4	 15.9	  3.2	  2.5	 95.1	0	    0
	    0
 3731	    5	 30.5	 19.3	  9.6	  8.5	 59.4	 36.7	0	    0
	    0
 3733	    3	 22.1	 23.8	 16.5	  3.6	  4.1	 65.8	0	    0
	    0
	    0
	    0
	    0
	    0
 3739	    5	 30.5	 19.2	  9.5	  8.5	  8.3	 65.5	0	    0
	    0
 3741	    3	 23.8	 24.1	 16.5	  3.8	 43.4	 23.6	0	    0
	    0
 3743	    3	 23.6	 24.1	 16.5	  3.8	  8.5	 46.9	0	    0
	    0
	    0
 3746	    3	 23.1	 24.1	 16.6	  3.7	 53.6	 72.1	0	    0
	    0
	    0
	    0
	    0
	    0
	    0
	    0
 3754	    3	 20.4	 22.5	 15.5	  3.5	 88.3	 82.0	1	    0
	    0
	    0
	    0
 3758	    3	 23.2	 24.2	 16.7	  3.8	 39.0	 99.5	1	    0
	    0
 3760	    3	 27.3	 25.4	 17.3	  4.2	 62.9	 89.1	0	    0
	    0
	    0
	    0
	    0
	    0
	    0
	    0
	    0
 3769	    5	 27.0	 18.6	  9.2	  7.8	 23.3	 68.0	0	    0
	    0
	    0
	    0
	    0
	    0
	    0
	    0
	    0
	    0
	    0
 3780	    3	 26.2	 25.0	 17.0	  4.1	 82.9	 54.7	0	    0
 3781	    3	 22.0	 23.0	 15.7	  3.7	 57.8	 36.1	0	    0
 3782	    3	 19.0	 22.7	 16.1	  3.3	 18.9	 61.8	0	    0
	    0
	    0
	    0
	    0
	    0
	    0
	    0
	    0
 3791	    5	 24.7	 18.3	  9.1	  7.4	 73.7	 49.0	0	    0
	    0
	    0
	    0
	    0
	    0
 3797	    3	 23.2	 24.1	 16.5	  3.8	 17.4	 37.6	0	    0
	    0
	    0
	    0
	    0
	    0
 3803	    5	 24.6	 18.2	  9.0	  7.4	 32.5	  0.4	0	    0
 3804	    3	 24.8	 24.5	 16.8	  3.9	 91.9	  2.1	0	    0
	    0
 3806	    5	 28.7	 18.8	  9.3	  8.2	 49.8	 27.8	0	    0
	    0
	    0
 3809	    3	 21.5	 23.6	 16.3	  3.6	 20.2	 67.6	1	    0
	    0
	    0
	    0
	    0
 3814	    3	 26.2	 24.9	 17.0	  4.1	 54.0	 34.6	0	    0
	    0
	    0
	    0
	    0
	    0
	    0
	    0
 3822	    5	 27.4	 19.0	  9.4	  7.8	 64.3	 85.5	1	    0
	    0
	    0
	    0
	    0
	    0
	    0
	    0
	    0
	    0
	    0
	    0
	    0
	    0
	    0
	    0
	    0
	    0
	    0
	    0
	    0
	    0
	    0
	    0
	    0
	    0
	    0
	    0
	    0
	    0
	    0
	    0
	    0
	    0
	    0
	    0
	    0
 3859	    5	 27.1	 18.5	  9.2	  7.9	 81.4	 69.6	0	    0
	    0
	    0
	    0
	    0
	    0
	    0
	    0
	    0
 3868	    3	 23.4	 23.5	 16.0	  3.8	 53.2	 53.5	0	    0
	    0
	    0
	    0
	    0
 3873	    3	 25.5	 24.6	 16.7	  4.0	 76.1	 44.8	0	    0
	    0
	    0
	    0
	    0
	    0
 3879	    5	 29.1	 19.2	  9.6	  8.2	 86.7	 43.4	0	    0
	    0
	    0
	    0
	    0
	    0
	    0
	    0
	    0
	    0
 3889	    5	 26.3	 18.8	  9.3	  7.6	 17.3	 88.9	0	    0
	    0
	    0
	    0
	    0
	    0
	    0
	    0
	    0
	    0
	    0
	    0
	    0
	    0
	    0
	    0
	    0
	    0
	    0
	    0
	    0
	    0
	    0
	    0
	    0
	    0
	    0
	    0
	    0
	    0
	    0
	    0
	    0
	    0
	    0
 3924	    5	 29.3	 19.1	  9.5	  8.2	 91.8	 33.7	0	    0
	    0
	    0
	    0
	    0
	    0
	    0
 3931	    3	 22.9	 23.6	 16.1	  3.7	 61.3	 29.3	0	    0
	    0
	    0
 3934	    3	 23.2	 24.2	 16.7	  3.7	 49.5	  1.8	0	    0
	    0
	    0
	    0
	    0
	    0
	    0
	    0
	    0
	    0
	    0
	    0
	    0
	    0
 3948	    5	 28.4	 19.3	  9.6	  8.0	 46.4	 47.5	0	    0
	    0
 3950	    3	 23.6	 24.2	 16.7	  3.8	 61.0	 84.1	0	    0
	    0
	    0
	    0
	    0
	    0
	    0
	    0
 3958	    5	 30.9	 19.4	  9.7	  8.5	 73.9	 80.4	0	    0
	    0
	    0
	    0
	    0
	    0
 3964	    3	 22.4	 23.9	 16.5	  3.7	 34.6	 17.1	0	    0
	    0
 3966	    5	 28.0	 18.8	  9.3	  8.0	 86.0	  9.2	0	    0
	    0
	    0
	    0
	    0
	    0
	    0
 3973	    5	 27.4	 18.3	  9.1	  8.0	 94.4	 72.7	0	    0
	    0
 3975	    3	 20.2	 22.8	 15.9	  3.4	  2.6	 67.4	1	    0
	    0
	    0
	    0
	    0
	    0
 3981	    3	 22.9	 23.8	 16.3	  3.7	 75.1	 35.7	1	    0
 3982	    3	 23.5	 24.3	 16.8	  3.8	  2.0	  2.5	0	    0
	    0
 3984	    3	 23.4	 24.3	 16.7	  3.8	 54.6	  5.7	0	    0
 3985	    3	 20.7	 23.4	 16.3	  3.5	 89.2	 41.9	0	    0
	    0
	    0
	    0
 3989	    5	 28.4	 18.9	  9.4	  8.1	 37.5	  6.8	1	    0
	    0
	    0
	    0
	    0
	    0
	    0
	    0
	    0
	    0
 3999	    5	 28.8	 18.8	  9.3	  8.2	 23.7	 72.9	0	    0
	    0
	    0
	    0
	    0
	    0
	    0
	    0
	    0
	    0
	    0
	    0
	    0
	    0
	    0
	    0
	    0
	    0
	    0
 4018	    5	 24.3	 18.1	  9.0	  7.3	 18.5	 50.7	0	    0
	    0
	    0
	    0
	    0
	    0
	    0
	    0
	    0
	    0
	    0
	    0
	    0
	    0
	    0
	    0
 4034	    3	 24.7	 24.4	 16.6	  4.0	 54.7	 28.2	0	    0
	    0
	    0
	    0
	    0
 4039	    3	 24.4	 24.5	 16.8	  3.9	 70.1	 52.9	0	    0
	    0
	    0
	    0
	    0
	    0
	    0
	    0
	    0
	    0
	    0
 4050	    5	 29.8	 19.1	  9.5	  8.4	 46.8	 33.0	0	    0
	    0
	    0
	    0
	    0
	    0
	    0
	    0
	    0
	    0
	    0
	    0
	    0
	    0
	    0
	    0
	    0
	    0
 4068	    3	 22.1	 23.6	 16.3	  3.6	 11.5	 13.9	0	    0
	    0
	    0
	    0
	    0
	    0
 4074	    3	 22.1	 23.0	 15.6	  3.7	 94.7	 32.1	0	    0
	    0
	    0
	    0
	    0
	    0
	    0
	    0
	    0
	    0
	    0
	    0
	    0
 4087	    3	 21.5	 23.6	 16.3	  3.6	 18.6	 19.6	0	    0
	    0
	    0
	    0
 4091	    5	 29.9	 19.2	  9.5	  8.4	 31.5	 81.3	0	    0
	    0
	    0
	    0
	    0
 4096	    3	 20.8	 23.0	 15.9	  3.5	  2.0	 99.2	1	    0
	    0
	    0
	    0
	    0
	    0
	    0
	    0
	    0
	    0
	    0
	    0
	    0
 4109	    3	 20.8	 23.5	 16.4	  3.5	 31.8	 64.8	0	    0
	    0
	    0
	    0
	    0
	    0
	    0
	    0
	    0
	    0
	    0
	    0
	    0
 4122	    3	 22.1	 23.8	 16.5	  3.6	 67.4	 35.2	0	    0
	    0
	    0
 4125	    5	 31.2	 19.7	  9.8	  8.5	  1.0	 32.1	0	    0
 4126	    5	 29.4	 19.1	  9.5	  8.3	 19.0	 76.6	0	    0
	    0
	    0
	    0
	    0
	    0
	    0
	    0
	    0
	    0
	    0
	    0
	    0
	    0
	    0
	    0
 4142	    5	 27.1	 18.6	  9.2	  7.9	 80.9	  2.9	0	    0
	    0
	    0
 4145	    3	 24.0	 24.2	 16.5	  3.9	  9.0	 40.8	0	    0
	    0
	    0
 4148	    3	 21.7	 23.4	 16.1	  3.6	 95.1	 54.4	0	    0
	    0
	    0
	    0
 4152	    3	 24.2	 24.2	 16.6	  3.9	 36.5	 59.0	0	    0
	    0
	    0
	    0
	    0
	    0
	    0
	    0
	    0
	    0
	    0
	    0
 4164	    5	 26.5	 18.3	  9.1	  7.8	 82.6	 99.8	1	    0
	    0
	    0
	    0
	    0
	    0
	    0
 4171	    3	 22.4	 23.8	 16.4	  3.7	  5.6	 50.5	1	    0
	    0
	    0
 4174	    3	 21.6	 23.3	 16.1	  3.6	 11.9	 31.3	0	    0
	    0
	    0
	    0
	    0
	    0
	    0
	    0
	    0
 4183	    5	 26.3	 18.4	  9.1	  7.7	 79.5	 28.1	1	    0
 4184	    5	 28.4	 18.8	  9.3	  8.1	 13.2	 71.9	0	    0
	    0
	    0
 4187	    3	 21.8	 23.6	 16.4	  3.6	 10.1	 27.9	0	    0
 4188	    5	 29.0	 18.8	  9.4	  8.2	 91.5	 90.4	0	    0
	    0
 4190	    5	 26.9	 18.6	  9.2	  7.8	 88.7	 83.5	0	    0
	    0
	    0
	    0
	    0
 4195	    3	 20.4	 22.8	 15.8	  3.4	 48.2	 75.3	1	    0
	    0
	    0
	    0
	    0
	    0
	    0
	    0
	    0
	    0
	    0
	    0
	    0
	    0
	    0
	    0
	    0
	    0
	    0
	    0
	    0
	    0
	    0
	    0
	    0
	    0
	    0
	    0
	    0
	    0
 4225	    3	 22.2	 23.6	 16.2	  3.7	 14.7	 23.5	0	    0
 4226	    5	 25.3	 18.4	  9.1	  7.5	 40.3	 39.5	0	    0
 4227	    3	 21.8	 23.7	 16.4	  3.6	 91.7	 89.6	0	    0
	    0
	    0
 4230	    3	 20.6	 23.1	 16.1	  3.4	 63.6	 81.0	0	    0
	    0
	    0
	    0
	    0
	    0
	    0
	    0
	    0
	    0
	    0
	    0
	    0
	    0
	    0
	    0
	    0
	    0
	    0
	    0
 4250	    3	 26.7	 25.2	 17.2	  4.2	 77.2	 34.4	0	    0
	    0
 4252	    3	 24.7	 24.5	 16.8	  3.9	 49.6	 87.2	0	    0
	    0
	    0
 4255	    3	 20.0	 23.2	 16.4	  3.4	 91.3	 81.2	0	    0
	    0
	    0
	    0
	    0
	    0
	    0
 4262	    5	 29.3	 19.3	  9.6	  8.2	 46.9	 75.3	0	    0
 4263	    3	 21.8	 23.5	 16.2	  3.6	 35.0	 79.2	0	    0
	    0
 4265	    3	 25.2	 24.8	 17.0	  4.0	 76.5	  8.8	0	    0
 4266	    3	 23.0	 24.2	 16.8	  3.7	 92.4	 73.4	0	    0
 4267	    3	 19.1	 22.4	 15.7	  3.3	 91.2	 75.3	0	    0
	    0
	    0
	    0
	    0
	    0
 4273	    3	 19.9	 22.9	 16.0	  3.4	 95.5	 29.8	0	    0
	    0
 4275	    3	 22.3	 23.5	 16.2	  3.7	 95.4	 27.2	0	    0
	    0
	    0
	    0
	    0
	    0
	    0
	    0
	    0
	    0
 4285	    3	 21.2	 23.5	 16.4	  3.5	 73.4	 74.9	0	    0
	    0
	    0
 4288	    3	 26.8	 25.3	 17.3	  4.2	 67.8	 46.7	0	    0
	    0
	    0
	    0
	    0
	    0
	    0
	    0
	    0
 4297	    5	 25.9	 18.5	  9.2	  7.6	 12.3	 47.0	0	    0
	    0
	    0
 4300	    3	 21.5	 23.2	 16.0	  3.6	 65.9	 37.5	0	    0
	    0
	    0
	    0
 4304	    3	 22.6	 23.9	 16.5	  3.7	  3.7	 32.1	0	    0
	    0
	    0
	    0
	    0
	    0
	    0
	    0
	    0
 4313	    5	 31.9	 19.7	  9.8	  8.7	 43.2	 76.3	0	    0
	    0
	    0
	    0
	    0
	    0
	    0
	    0
	    0
	    0
	    0
 4324	    5	 27.4	 18.2	  9.0	  8.0	 99.6	 66.5	0	    0
	    0
	    0
	    0
 4328	    5	 28.9	 18.8	  9.3	  8.2	 32.6	 24.5	0	    0
	    0
	    0
	    0
 4332	    5	 23.7	 18.1	  9.0	  7.2	 14.6	 32.9	0	    0
 4333	    5	 28.2	 19.2	  9.6	  8.0	 64.3	 50.4	0	    0
 4334	    3	 20.6	 23.2	 16.2	  3.4	 12.2	  0.9	1	    0
	    0
	    0
	    0
	    0
	    0
	    0
	    0
	    0
	    0
 4344	    5	 21.8	 17.6	  8.8	  6.8	 96.5	 47.1	0	    0
	    0
	    0
	    0
 4348	    3	 22.5	 23.8	 16.4	  3.7	 60.7	  9.6	0	    0
	    0
	    0
	    0
	    0
 4353	    3	 21.6	 23.0	 15.8	  3.6	 42.9	 52.6	0	    0
	    0
	    0
	    0
	    0
 4358	    3	 20.6	 23.2	 16.2	  3.5	 22.6	 20.9	0	    0
	    0
	    0
	    0
	    0
	    0
	    0
	    0
	    0
	    0
 4368	    5	 27.0	 18.3	  9.1	  7.9	 19.7	 47.7	0	    0
	    0
	    0
	    0
	    0
 4373	    5	 28.8	 18.8	  9.3	  8.2	 81.5	 83.9	1	    0
	    0
	    0
	    0
	    0
	    0
	    0
 4380	    5	 29.6	 19.0	  9.4	  8.3	 84.8	 88.3	0	    0
	    0
	    0
	    0
	    0
	    0
	    0
	    0
	    0
	    0
	    0
	    0
	    0
	    0
	    0
 4395	    3	 23.5	 23.9	 16.4	  3.8	 61.6	 71.5	0	    0
	    0
	    0
	    0
	    0
	    0
 4401	    5	 26.1	 18.6	  9.2	  7.6	 43.7	 99.7	0	    0
 4402	    3	 23.9	 24.2	 16.6	  3.8	  1.0	  5.0	0	    0
	    0
	    0
	    0
	    0
 4407	    3	 25.4	 24.8	 17.0	  4.0	 22.3	 78.3	0	    0
	    0
	    0
	    0
 4411	    3	 27.0	 25.3	 17.3	  4.2	 65.7	 13.2	0	    0
	    0
	    0
	    0
	    0
	    0
	    0
	    0
 4419	    5	 28.1	 18.9	  9.4	  8.0	 21.9	 12.3	0	    0
	    0
	    0
	    0
	    0
	    0
 4425	    3	 21.7	 23.5	 16.3	  3.6	 13.5	 33.7	0	    0
 4426	    5	 27.5	 18.7	  9.3	  7.9	 29.6	 52.2	0	    0
	    0
 4428	    5	 27.9	 18.8	  9.4	  8.0	 96.0	 48.2	0	    0
	    0
	    0
	    0
	    0
	    0
	    0
	    0
	    0
	    0
 4438	    5	 28.8	 18.8	  9.3	  8.2	 44.9	 17.3	1	    0
	    0
	    0
	    0
 4442	    3	 21.9	 23.2	 15.9	  3.6	 42.3	 12.0	1	    0
	    0
	    0
	    0
	    0
	    0
 4448	    5	 27.0	 18.5	  9.2	  7.8	 83.0	 40.9	0	    0
	    0
	    0
	    0
	    0
	    0
	    0
	    0
 4456	    5	 26.8	 18.8	  9.3	  7.8	 97.1	  5.5	0	    0
 4457	    3	 20.7	 22.7	 15.7	  3.5	 32.4	 27.3	1	    0
	    0
	    0
	    0
 4461	    3	 22.1	 23.7	 16.4	  3.6	 33.9	 46.4	0	    0
	    0
	    0
	    0
	    0
	    0
	    0
	    0
	    0
	    0
	    0
 4472	    5	 24.0	 17.8	  8.8	  7.3	 17.4	 43.0	0	    0
	    0
 4474	    3	 23.6	 24.1	 16.6	  3.8	 14.4	 97.6	0	    0
	    0
 4476	    3	 20.6	 22.6	 15.5	  3.5	 93.5	 70.4	1	    0
	    0
	    0
	    0
 4480	    3	 22.8	 23.9	 16.4	  3.7	  0.9	 29.4	0	    0
	    0
	    0
	    0
	    0
	    0
	    0
	    0
	    0
	    0
	    0
 4491	    3	 27.3	 25.1	 17.1	  4.2	 22.3	 95.3	0	    0
 4492	    5	 27.3	 18.3	  9.1	  8.0	 32.7	  7.6	0	    0
 4493	    3	 23.9	 24.2	 16.6	  3.8	 93.7	 61.8	0	    0
	    0
 4495	    3	 21.1	 23.2	 16.1	  3.5	 45.2	 60.1	0	    0
	    0
	    0
	    0
	    0
	    0
	    0
	    0
	    0
 4504	    3	 23.7	 23.6	 16.0	  3.9	 27.8	 73.7	0	    0
	    0
	    0
	    0
	    0
	    0
	    0
 4511	    5	 28.9	 19.2	  9.5	  8.1	 62.7	 61.8	0	    0
	    0
	    0
	    0
	    0
	    0
	    0
	    0
	    0
	    0
	    0
	    0
 4523	    3	 24.0	 23.7	 16.0	  3.9	 28.0	  4.8	1	    0
	    0
 4525	    3	 22.6	 24.0	 16.6	  3.7	 81.2	 16.3	0	    0
	    0
 4527	    3	 26.0	 25.0	 17.0	  4.1	 17.1	 91.7	0	    0
 4528	    3	 22.6	 23.2	 15.8	  3.7	 59.5	 70.0	0	    0
	    0
	    0
 4531	    3	 21.7	 23.4	 16.2	  3.6	 72.8	 82.7	0	    0
	    0
	    0
	    0
	    0
	    0
	    0
	    0
 4539	    5	 28.9	 18.6	  9.2	  8.3	 68.9	 10.9	0	    0
	    0
	    0
	    0
	    0
	    0
 4545	    3	 28.3	 25.5	 17.4	  4.4	 55.6	 62.0	0	    0
	    0
	    0
	    0
	    0
	    0
	    0
	    0
	    0
	    0
	    0
	    0
	    0
	    0
	    0
	    0
 4561	    3	 22.4	 24.0	 16.6	  3.7	 22.9	 48.2	0	    0
	    0
	    0
 4564	    3	 25.7	 24.8	 16.9	  4.1	 13.0	  4.0	0	    0
	    0
 4566	    3	 26.5	 25.1	 17.1	  4.1	 98.3	 82.8	0	    0
	    0
	    0
 4569	    5	 29.6	 19.3	  9.6	  8.3	 17.3	 50.3	0	    0
 4570	    3	 21.0	 22.8	 15.6	  3.5	 14.9	 46.4	0	    0
 4571	    5	 27.6	 18.9	  9.4	  7.9	 99.3	 52.9	0	    0
	    0
	    0
	    0
 4575	    3	 23.6	 24.1	 16.5	  3.8	 36.7	 65.3	1	    0
	    0
	    0
	    0
	    0
	    0
	    0
	    0
	    0
 4584	    5	 25.2	 18.1	  9.0	  7.5	 46.8	 42.8	0	    0
 4585	    3	 21.7	 23.5	 16.3	  3.6	 48.7	 50.7	0	    0
	    0
	    0
 4588	    3	 21.6	 23.0	 15.7	  3.6	 80.7	 59.7	0	    0
	    0
	    0
	    0
	    0
	    0
	    0
	    0
	    0
	    0
 4598	    3	 21.3	 23.5	 16.4	  3.5	  5.1	 39.3	0	    0
	    0
	    0
	    0
	    0
	    0
	    0
	    0
	    0
	    0
	    0
	    0
 4610	    5	 26.0	 18.7	  9.3	  7.6	  8.7	 18.2	0	    0
	    0
 4612	    5	 30.7	 19.1	  9.5	  8.5	 50.8	 66.3	0	    0
	    0
	    0
	    0
	    0
	    0
	    0
	    0
	    0
	    0
	    0
 4623	    3	 22.9	 24.0	 16.6	  3.7	 34.5	  1.2	0	    0
	    0
 4625	    5	 25.9	 18.1	  9.0	  7.7	 32.2	 38.4	0	    0
 4626	    5	 30.0	 19.4	  9.6	  8.4	 97.4	  1.7	0	    0
	    0
	    0
	    0
	    0
	    0
	    0
	    0
	    0
	    0
 4636	    5	 27.6	 18.7	  9.3	  7.9	 63.9	 68.6	0	    0
	    0
	    0
	    0
	    0
 4641	    3	 23.3	 23.9	 16.4	  3.8	 26.7	 98.9	0	    0
	    0
	    0
	    0
	    0
	    0
	    0
	    0
	    0
	    0
 4651	    5	 31.5	 19.7	  9.8	  8.6	 17.0	  4.4	0	    0
	    0
 4653	    3	 25.5	 24.6	 16.8	  4.0	 98.6	 17.8	0	    0
 4654	    5	 26.8	 18.7	  9.3	  7.8	 67.8	 58.9	0	    0
	    0
	    0
	    0
 4658	    5	 28.6	 19.0	  9.4	  8.1	 28.5	 27.7	0	    0
	    0
	    0
	    0
	    0
	    0
	    0
	    0
	    0
	    0
 4668	    5	 30.8	 19.4	  9.6	  8.5	 47.5	 57.2	0	    0
 4669	    5	 26.3	 18.5	  9.2	  7.7	 82.8	 13.4	0	    0
	    0
	    0
	    0
	    0
	    0
	    0
	    0
	    0
 4678	    3	 21.8	 23.9	 16.7	  3.6	  8.0	 77.0	0	    0
	    0
	    0
	    0
	    0
	    0
 4684	    3	 24.1	 24.2	 16.6	  3.9	 74.7	 58.1	0	    0
	    0
 4686	    3	 23.4	 23.7	 16.1	  3.8	  6.7	 21.8	0	    0
	    0
 4688	    3	 25.1	 24.7	 16.9	  4.0	 21.9	 72.4	0	    0
	    0
	    0
	    0
 4692	    3	 20.6	 22.9	 15.9	  3.5	 50.6	  4.9	0	    0
	    0
 4694	    3	 22.6	 23.5	 16.1	  3.7	 55.2	 53.3	0	    0
	    0
	    0
 4697	    5	 25.2	 18.2	  9.0	  7.5	 98.9	 55.6	0	    0
	    0
	    0
 4700	    3	 20.1	 23.2	 16.3	  3.4	  5.6	  0.2	0	    0
	    0
	    0
	    0
 4704	    3	 22.9	 23.8	 16.3	  3.7	 89.5	 70.3	0	    0
	    0
	    0
	    0
 4708	    5	 24.3	 18.3	  9.1	  7.3	 38.2	 35.0	0	    0
	    0
	    0
	    0
 4712	    3	 22.9	 23.4	 15.9	  3.8	 51.9	 57.1	0	    0
	    0
	    0
	    0
 4716	    3	 20.8	 23.6	 16.6	  3.5	 60.7	 51.8	0	    0
	    0
	    0
	    0
 4720	    5	 29.2	 19.5	  9.7	  8.2	 65.7	 70.8	0	    0
	    0
	    0
	    0
	    0
	    0
	    0
	    0
 4728	    3	 25.5	 24.8	 17.0	  4.0	 44.1	  6.7	1	    0
	    0
	    0
	    0
	    0
	    0
	    0
	    0
	    0
	    0
	    0
	    0
	    0
	    0
	    0
	    0
 4744	    5	 25.9	 18.4	  9.1	  7.6	 32.8	 32.8	0	    0
	    0
	    0
 4747	    3	 24.8	 24.6	 16.8	  4.0	 31.2	 29.4	0	    0
	    0
	    0
	    0
	    0
	    0
 4753	    3	 20.9	 22.8	 15.7	  3.5	  2.8	 83.8	0	    0
	    0
	    0
	    0
	    0
 4758	    5	 29.9	 19.5	  9.7	  8.3	 49.6	 51.4	0	    0
 4759	    3	 22.9	 23.6	 16.1	  3.7	  9.6	 94.5	0	    0
	    0
	    0
	    0
	    0
	    0
	    0
	    0
 4767	    5	 27.2	 18.9	  9.4	  7.8	 46.9	 78.8	0	    0
	    0
	    0
	    0
	    0
	    0
	    0
 4774	    5	 27.7	 19.0	  9.4	  7.9	 70.6	 61.8	0	    0
 4775	    3	 25.3	 24.8	 17.0	  4.0	 15.9	 56.0	0	    0
	    0
	    0
	    0
	    0
	    0
	    0
	    0
	    0
	    0
	    0
	    0
 4787	    5	 26.2	 18.2	  9.0	  7.7	 88.4	 71.8	0	    0
	    0
	    0
	    0
	    0
	    0
	    0
	    0
	    0
 4796	    5	 28.0	 19.0	  9.4	  8.0	 71.6	 87.4	0	    0
	    0
	    0
	    0
	    0
	    0
	    0
	    0
	    0
	    0
	    0
	    0
	    0
	    0
	    0
	    0
	    0
	    0
 4814	    3	 20.9	 22.8	 15.7	  3.5	 16.7	 68.9	0	    0
	    0
	    0
	    0
	    0
	    0
	    0
	    0
	    0
	    0
	    0
	    0
 4826	    3	 23.3	 24.0	 16.4	  3.8	 99.4	 13.9	0	    0
	    0
 4828	    3	 23.1	 24.0	 16.5	  3.7	 38.2	 21.3	1	    0
	    0
	    0
	    0
	    0
	    0
	    0
	    0
	    0
	    0
	    0
	    0
 4840	    3	 21.8	 23.5	 16.2	  3.6	 38.0	 45.9	0	    0
	    0
 4842	    3	 23.5	 24.0	 16.4	  3.8	 36.5	 35.1	0	    0
	    0
	    0
	    0
	    0
 4847	    3	 22.0	 23.6	 16.3	  3.6	 83.7	 59.6	0	    0
	    0
	    0
	    0
	    0
	    0
	    0
	    0
	    0
	    0
	    0
	    0
	    0
	    0
	    0
 4862	    5	 31.2	 19.3	  9.6	  8.6	 52.4	 85.0	0	    0
	    0
	    0
	    0
	    0
	    0
	    0
	    0
	    0
 4871	    3	 22.0	 23.7	 16.4	  3.6	 55.7	 96.0	0	    0
	    0
	    0
	    0
	    0
	    0
 4877	    5	 28.5	 18.6	  9.2	  8.2	 34.0	 85.5	0	    0
	    0
	    0
	    0
	    0
	    0
 4883	    3	 21.4	 22.5	 15.3	  3.6	 99.5	 44.5	0	    0
	    0
	    0
	    0
	    0
	    0
 4889	    3	 22.3	 23.2	 15.8	  3.7	 41.8	 31.9	0	    0
	    0
	    0
	    0
	    0
 4894	    3	 22.2	 23.0	 15.7	  3.7	 13.0	 34.4	0	    0
	    0
 4896	    3	 22.7	 23.9	 16.5	  3.7	 69.2	 16.8	0	    0
	    0
	    0
	    0
 4900	    3	 21.8	 23.8	 16.6	  3.6	 95.1	 78.2	0	    0
	    0
	    0
 4903	    5	 27.3	 18.7	  9.3	  7.9	 39.4	 86.3	0	    0
	    0
	    0
	    0
	    0
	    0
	    0
	    0
	    0
	    0
	    0
	    0
	    0
	    0
	    0
	    0
	    0
 4920	    3	 22.0	 23.3	 16.0	  3.6	 42.9	 51.5	0	    0
	    0
	    0
	    0
 4924	    3	 23.6	 24.2	 16.6	  3.8	 42.5	 16.7	0	    0
	    0
	    0
	    0
 4928	    3	 26.7	 25.1	 17.1	  4.2	 82.7	 67.4	0	    0
	    0
	    0
	    0
	    0
	    0
 4934	    3	 18.9	 22.8	 16.2	  3.2	 81.5	 60.7	0	    0
	    0
	    0
	    0
	    0
	    0
	    0
	    0
	    0
	    0
	    0
	    0
	    0
	    0
 4948	    3	 21.1	 23.3	 16.1	  3.5	 20.4	 79.0	1	    0
	    0
	    0
 4951	    5	 30.3	 19.1	  9.5	  8.5	 83.3	 38.2	0	    0
	    0
	    0
	    0
 4955	    5	 30.1	 19.2	  9.6	  8.4	 10.2	 86.6	0	    0
	    0
	    0
	    0
 4959	    5	 27.2	 18.5	  9.2	  7.9	 19.3	 33.2	0	    0
	    0
 4961	    5	 28.4	 18.7	  9.2	  8.1	 19.8	 65.5	0	    0
	    0
	    0
	    0
	    0
	    0
 4967	    5	 23.6	 17.8	  8.8	  7.2	 91.8	 72.3	0	    0
	    0
 4969	    5	 26.3	 18.5	  9.2	  7.7	 96.6	 55.1	0	    0
	    0
	    0
	    0
	    0
 4974	    3	 27.1	 25.1	 17.1	  4.2	 17.6	 12.9	1	    0
	    0
 4976	    5	 26.9	 18.3	  9.1	  7.9	 75.1	 22.3	0	    0
	    0
	    0
	    0
 4980	    5	 28.2	 18.9	  9.4	  8.1	 48.1	 69.2	0	    0
	    0
 4982	    5	 31.9	 19.6	  9.8	  8.7	  0.6	 86.1	0	    0
	    0
 4984	    5	 29.1	 19.1	  9.5	  8.2	 15.1	 53.8	0	    0
	    0
	    0
	    0
	    0
	    0
	    0
 4991	    3	 20.7	 23.6	 16.6	  3.4	  1.8	 90.3	0	    0
	    0
	    0
	    0
	    0
	    0
	    0
	    0
	    0
	    0
