Nr	Art	BHD	h	kra	kd	x	y	kenn	mort
	    0
	    0
	    0
	    0
	    0
	    0
	    0
	    0
	    0
	    0
	    0
	    0
	    0
	    0
	    0
	    0
	    0
	    0
	    0
	    0
	    0
	    0
	    0
	    0
	    0
	    0
	    0
	    0
	    0
	    0
	    0
	    0
	    0
	    0
	    0
	    0
	    0
	    0
	    0
	    0
	    0
	    0
	    0
	    0
	    0
	    0
	    0
	    0
	    0
	    0
	    0
	    0
	    0
	    0
	    0
	    0
	    0
	    0
	    0
	    0
   61	    3	 33.2	 32.2	 23.5	  4.6	 85.0	 48.0	0	    0
	    0
	    0
	    0
	    0
	    0
	    0
	    0
	    0
	    0
	    0
	    0
	    0
	    0
	    0
	    0
	    0
	    0
	    0
	    0
	    0
	    0
	    0
	    0
	    0
	    0
	    0
	    0
	    0
	    0
	    0
	    0
	    0
	    0
	    0
	    0
	    0
	    0
	    0
	    0
	    0
	    0
	    0
  104	    3	 34.9	 32.9	 24.1	  4.7	 24.3	 65.1	0	    0
  105	    5	 39.9	 27.5	 14.1	  9.0	 72.5	 80.5	1	    0
	    0
	    0
	    0
	    0
	    0
	    0
	    0
	    0
	    0
	    0
	    0
	    0
  118	    3	 37.3	 33.6	 24.8	  4.9	 84.3	 76.8	0	    0
	    0
	    0
	    0
	    0
	    0
	    0
	    0
	    0
	    0
	    0
	    0
	    0
	    0
	    0
	    0
	    0
	    0
	    0
	    0
	    0
	    0
	    0
  141	    5	 46.9	 28.0	 14.4	 10.1	 13.0	 85.5	0	    0
	    0
	    0
	    0
	    0
	    0
	    0
  148	    3	 34.7	 32.8	 24.0	  4.7	 57.4	 83.8	0	    0
	    0
	    0
	    0
	    0
	    0
	    0
	    0
	    0
	    0
	    0
	    0
	    0
	    0
	    0
	    0
	    0
  165	    5	 45.8	 28.1	 14.4	  9.9	 66.6	 75.4	0	    0
	    0
	    0
	    0
	    0
	    0
	    0
	    0
	    0
	    0
	    0
	    0
	    0
	    0
	    0
	    0
  181	    3	 35.7	 33.1	 24.3	  4.8	 65.2	 32.1	0	    0
  182	    5	 38.9	 26.9	 13.7	  8.9	 49.4	 38.3	0	    0
	    0
	    0
	    0
	    0
	    0
	    0
  189	    5	 48.7	 28.4	 14.6	 10.3	 51.2	 90.3	0	    0
	    0
	    0
	    0
	    0
	    0
	    0
	    0
	    0
	    0
	    0
	    0
  201	    5	 43.2	 27.4	 14.0	  9.6	 92.9	 37.0	0	    0
	    0
	    0
	    0
	    0
	    0
	    0
	    0
	    0
	    0
	    0
	    0
	    0
	    0
	    0
	    0
	    0
	    0
	    0
	    0
	    0
	    0
	    0
	    0
	    0
	    0
	    0
	    0
	    0
	    0
	    0
	    0
	    0
	    0
	    0
	    0
	    0
	    0
	    0
	    0
	    0
	    0
	    0
	    0
	    0
	    0
	    0
	    0
	    0
	    0
	    0
	    0
	    0
	    0
	    0
	    0
	    0
	    0
	    0
	    0
	    0
	    0
	    0
	    0
	    0
	    0
	    0
	    0
	    0
	    0
	    0
	    0
	    0
	    0
	    0
  276	    3	 35.2	 33.0	 24.3	  4.7	 41.1	  1.5	0	    0
	    0
	    0
	    0
	    0
	    0
	    0
	    0
	    0
	    0
	    0
	    0
	    0
	    0
	    0
	    0
	    0
	    0
	    0
	    0
	    0
	    0
	    0
	    0
	    0
	    0
	    0
	    0
	    0
	    0
	    0
	    0
	    0
	    0
	    0
	    0
	    0
	    0
	    0
	    0
	    0
	    0
	    0
	    0
	    0
	    0
	    0
	    0
	    0
	    0
	    0
	    0
	    0
	    0
	    0
	    0
	    0
	    0
	    0
	    0
	    0
	    0
  338	    3	 36.9	 33.5	 24.7	  4.9	  9.3	 13.1	0	    0
	    0
	    0
	    0
	    0
	    0
	    0
	    0
	    0
	    0
	    0
	    0
	    0
	    0
	    0
	    0
	    0
	    0
	    0
	    0
	    0
  359	    5	 43.2	 27.9	 14.3	  9.5	  2.4	 64.3	0	    0
	    0
	    0
	    0
	    0
	    0
	    0
	    0
	    0
	    0
	    0
	    0
	    0
	    0
	    0
	    0
	    0
	    0
	    0
	    0
	    0
	    0
	    0
	    0
	    0
	    0
	    0
	    0
	    0
	    0
	    0
	    0
  391	    5	 46.1	 27.7	 14.2	 10.0	 54.8	 61.6	0	    0
	    0
	    0
	    0
	    0
	    0
	    0
	    0
	    0
	    0
	    0
	    0
	    0
	    0
	    0
	    0
	    0
	    0
	    0
	    0
  411	    3	 34.5	 33.0	 24.3	  4.7	 24.5	 16.8	0	    0
	    0
	    0
	    0
	    0
	    0
	    0
	    0
	    0
	    0
	    0
	    0
	    0
	    0
	    0
	    0
	    0
	    0
	    0
	    0
	    0
	    0
	    0
	    0
	    0
  436	    5	 40.9	 27.8	 14.2	  9.1	 37.6	 15.8	0	    0
	    0
	    0
	    0
	    0
	    0
	    0
	    0
	    0
	    0
	    0
	    0
	    0
	    0
  450	    3	 31.5	 31.5	 22.9	  4.4	 25.3	 32.5	1	    0
	    0
	    0
	    0
	    0
  455	    5	 42.7	 27.7	 14.2	  9.4	 28.0	 81.0	0	    0
	    0
	    0
	    0
	    0
	    0
	    0
	    0
	    0
	    0
	    0
	    0
	    0
	    0
	    0
	    0
	    0
	    0
	    0
	    0
	    0
	    0
	    0
	    0
	    0
	    0
	    0
	    0
	    0
	    0
	    0
	    0
	    0
	    0
	    0
	    0
	    0
	    0
	    0
	    0
	    0
	    0
	    0
	    0
	    0
	    0
	    0
	    0
	    0
	    0
	    0
	    0
	    0
	    0
	    0
	    0
	    0
	    0
	    0
	    0
	    0
	    0
	    0
	    0
	    0
	    0
	    0
	    0
	    0
	    0
	    0
	    0
	    0
	    0
	    0
	    0
	    0
	    0
	    0
	    0
	    0
	    0
	    0
	    0
	    0
  540	    5	 45.9	 27.9	 14.3	  9.9	 94.7	 13.3	0	    0
	    0
	    0
	    0
	    0
	    0
	    0
	    0
	    0
	    0
	    0
	    0
	    0
	    0
	    0
	    0
	    0
	    0
	    0
	    0
	    0
	    0
	    0
	    0
	    0
	    0
	    0
	    0
	    0
	    0
	    0
	    0
	    0
	    0
	    0
	    0
	    0
	    0
  578	    5	 43.0	 27.6	 14.1	  9.5	 86.4	 84.2	0	    0
	    0
	    0
	    0
	    0
	    0
	    0
	    0
	    0
	    0
	    0
	    0
	    0
	    0
	    0
	    0
	    0
	    0
  596	    3	 34.1	 32.3	 23.6	  4.7	 80.4	 18.2	1	    0
	    0
	    0
	    0
	    0
	    0
	    0
	    0
	    0
	    0
	    0
	    0
	    0
	    0
	    0
	    0
	    0
  613	    3	 38.5	 33.9	 25.0	  5.1	 44.0	 50.8	0	    0
	    0
	    0
	    0
	    0
	    0
	    0
	    0
	    0
	    0
	    0
	    0
	    0
	    0
	    0
	    0
	    0
	    0
	    0
	    0
	    0
  634	    3	 36.7	 33.4	 24.6	  4.9	 46.1	 97.8	0	    0
	    0
	    0
	    0
	    0
	    0
	    0
	    0
	    0
	    0
	    0
	    0
	    0
  647	    3	 35.1	 32.9	 24.2	  4.7	 74.4	 44.9	0	    0
	    0
	    0
	    0
	    0
	    0
	    0
	    0
	    0
	    0
	    0
	    0
	    0
  660	    3	 32.3	 30.7	 22.2	  4.5	 13.5	 62.8	0	    0
	    0
	    0
	    0
	    0
	    0
	    0
	    0
	    0
	    0
	    0
  671	    5	 41.0	 27.2	 13.9	  9.2	 32.8	 55.7	0	    0
	    0
	    0
  674	    5	 42.6	 27.3	 14.0	  9.5	 60.9	  2.5	0	    0
	    0
	    0
	    0
	    0
	    0
	    0
	    0
	    0
	    0
	    0
	    0
	    0
  687	    3	 35.8	 33.1	 24.3	  4.8	 23.3	 68.9	1	    0
	    0
	    0
	    0
	    0
	    0
	    0
  694	    5	 42.3	 27.3	 13.9	  9.4	 11.3	 64.5	0	    0
	    0
	    0
	    0
	    0
	    0
	    0
	    0
	    0
	    0
	    0
	    0
	    0
  707	    3	 36.8	 33.4	 24.6	  4.9	  5.4	 99.5	0	    0
	    0
	    0
	    0
	    0
	    0
	    0
	    0
	    0
	    0
	    0
	    0
	    0
  720	    5	 40.8	 27.2	 13.9	  9.2	 39.3	 35.4	0	    0
	    0
	    0
	    0
	    0
	    0
	    0
	    0
	    0
  729	    3	 36.5	 33.3	 24.5	  4.9	 35.8	 37.5	0	    0
	    0
	    0
	    0
	    0
	    0
	    0
	    0
  737	    3	 34.2	 32.8	 24.1	  4.6	 21.3	 57.9	0	    0
	    0
  739	    3	 32.5	 32.0	 23.4	  4.5	  6.0	 33.7	0	    0
	    0
	    0
	    0
	    0
	    0
	    0
  746	    3	 34.9	 32.9	 24.1	  4.7	 90.7	  9.5	0	    0
	    0
	    0
	    0
	    0
	    0
	    0
	    0
	    0
	    0
	    0
	    0
	    0
	    0
	    0
	    0
	    0
	    0
	    0
	    0
	    0
	    0
	    0
	    0
	    0
	    0
	    0
	    0
	    0
	    0
	    0
	    0
	    0
	    0
  780	    5	 46.2	 28.0	 14.4	 10.0	 30.6	 27.0	0	    0
	    0
	    0
	    0
	    0
	    0
	    0
	    0
	    0
	    0
	    0
	    0
	    0
	    0
	    0
	    0
	    0
  797	    3	 36.2	 33.2	 24.4	  4.9	 62.7	 21.7	0	    0
	    0
	    0
	    0
	    0
	    0
	    0
	    0
	    0
	    0
	    0
	    0
  809	    3	 35.4	 33.1	 24.4	  4.8	 27.7	 87.0	0	    0
	    0
  811	    5	 37.1	 26.8	 13.6	  8.6	 23.5	 80.3	0	    0
	    0
	    0
  814	    3	 35.2	 33.0	 24.3	  4.7	 89.0	 24.4	0	    0
	    0
	    0
	    0
	    0
	    0
	    0
	    0
	    0
	    0
  824	    5	 41.4	 27.5	 14.1	  9.2	 67.9	 69.0	0	    0
	    0
	    0
	    0
	    0
	    0
	    0
	    0
	    0
	    0
	    0
	    0
	    0
	    0
	    0
	    0
  840	    5	 46.8	 28.3	 14.5	 10.0	 48.7	 23.5	0	    0
	    0
	    0
	    0
	    0
	    0
	    0
	    0
	    0
	    0
	    0
	    0
	    0
  853	    5	 50.4	 29.1	 15.0	 10.5	 90.5	 70.1	1	    0
	    0
	    0
	    0
	    0
	    0
	    0
	    0
	    0
	    0
	    0
	    0
	    0
	    0
	    0
	    0
	    0
	    0
	    0
	    0
	    0
	    0
	    0
	    0
	    0
	    0
	    0
  880	    5	 44.1	 27.9	 14.3	  9.6	 28.4	 77.6	0	    0
	    0
	    0
	    0
	    0
	    0
	    0
	    0
	    0
	    0
	    0
  891	    5	 49.4	 28.2	 14.5	 10.4	  4.7	 22.5	1	    0
	    0
	    0
	    0
	    0
	    0
	    0
	    0
	    0
	    0
	    0
	    0
	    0
	    0
	    0
	    0
	    0
	    0
	    0
  910	    3	 34.5	 32.9	 24.2	  4.7	 48.7	 16.4	0	    0
	    0
	    0
	    0
	    0
	    0
  916	    3	 36.6	 33.4	 24.6	  4.9	 55.0	 98.4	1	    0
	    0
	    0
	    0
	    0
	    0
	    0
	    0
	    0
	    0
	    0
	    0
	    0
	    0
	    0
  931	    3	 35.7	 33.0	 24.2	  4.8	 39.8	 28.1	0	    0
	    0
	    0
	    0
	    0
	    0
	    0
	    0
	    0
	    0
	    0
	    0
	    0
  944	    3	 37.1	 33.5	 24.7	  4.9	 23.2	 40.9	0	    0
  945	    3	 33.9	 32.6	 24.0	  4.6	 21.3	 52.4	0	    0
	    0
	    0
	    0
	    0
	    0
	    0
	    0
	    0
	    0
	    0
	    0
	    0
	    0
	    0
	    0
	    0
	    0
	    0
	    0
	    0
	    0
	    0
	    0
	    0
	    0
	    0
	    0
	    0
	    0
	    0
	    0
	    0
	    0
	    0
	    0
	    0
	    0
	    0
	    0
	    0
	    0
	    0
	    0
	    0
	    0
	    0
	    0
	    0
	    0
	    0
	    0
	    0
	    0
	    0
 1000	    3	 35.1	 33.0	 24.2	  4.7	 19.8	 52.0	0	    0
	    0
	    0
	    0
	    0
	    0
	    0
	    0
 1008	    3	 35.3	 32.8	 24.1	  4.8	 61.5	 45.7	0	    0
	    0
	    0
	    0
	    0
 1013	    5	 41.7	 27.9	 14.3	  9.2	 33.9	 41.0	0	    0
	    0
	    0
	    0
	    0
 1018	    5	 45.3	 27.6	 14.1	  9.9	 54.3	 24.8	1	    0
	    0
	    0
	    0
	    0
	    0
	    0
	    0
	    0
	    0
	    0
	    0
	    0
 1031	    5	 48.3	 28.3	 14.6	 10.3	 47.5	 34.1	0	    0
	    0
	    0
	    0
	    0
	    0
	    0
	    0
	    0
	    0
	    0
	    0
 1043	    3	 35.7	 33.1	 24.3	  4.8	 32.5	 78.2	1	    0
	    0
	    0
	    0
	    0
 1048	    5	 40.9	 27.5	 14.1	  9.1	  3.7	 15.2	1	    0
	    0
	    0
	    0
	    0
	    0
	    0
	    0
	    0
	    0
 1058	    5	 50.4	 28.6	 14.8	 10.5	 64.4	 83.1	0	    0
	    0
	    0
	    0
 1062	    5	 39.6	 27.3	 13.9	  9.0	 10.9	 94.7	0	    0
	    0
	    0
	    0
	    0
	    0
	    0
	    0
	    0
	    0
	    0
	    0
	    0
	    0
	    0
	    0
	    0
	    0
	    0
 1081	    3	 35.2	 33.1	 24.4	  4.7	 14.4	 66.5	0	    0
	    0
	    0
	    0
	    0
	    0
	    0
	    0
	    0
	    0
 1091	    5	 40.1	 27.6	 14.1	  9.0	 41.2	 35.3	0	    0
	    0
	    0
	    0
	    0
	    0
	    0
	    0
	    0
	    0
	    0
	    0
	    0
 1104	    3	 35.0	 32.3	 23.6	  4.8	 92.6	 73.5	0	    0
 1105	    3	 34.5	 32.5	 23.8	  4.7	 70.7	 31.9	0	    0
	    0
 1107	    5	 43.4	 27.7	 14.2	  9.5	  1.1	 47.1	0	    0
	    0
	    0
	    0
	    0
	    0
	    0
	    0
	    0
	    0
	    0
	    0
	    0
	    0
	    0
	    0
	    0
	    0
	    0
	    0
	    0
	    0
	    0
	    0
	    0
	    0
	    0
	    0
	    0
	    0
	    0
	    0
	    0
	    0
	    0
	    0
	    0
	    0
	    0
	    0
	    0
	    0
	    0
	    0
	    0
	    0
	    0
 1154	    5	 49.4	 28.6	 14.8	 10.4	 55.6	 76.1	0	    0
	    0
	    0
	    0
	    0
	    0
	    0
	    0
	    0
	    0
	    0
	    0
	    0
	    0
 1168	    5	 46.4	 28.6	 14.7	  9.9	 15.5	 33.3	0	    0
	    0
	    0
	    0
	    0
	    0
	    0
	    0
	    0
	    0
	    0
 1179	    5	 46.6	 28.3	 14.5	 10.0	 42.0	 19.6	0	    0
	    0
	    0
 1182	    3	 36.8	 33.3	 24.4	  4.9	 48.8	 83.3	1	    0
 1183	    5	 46.3	 27.8	 14.3	 10.0	 75.0	 63.2	0	    0
	    0
	    0
	    0
	    0
	    0
	    0
	    0
	    0
	    0
	    0
	    0
	    0
	    0
	    0
	    0
	    0
 1200	    3	 36.7	 33.4	 24.6	  4.9	 12.7	 44.2	0	    0
	    0
	    0
	    0
	    0
	    0
	    0
	    0
	    0
	    0
	    0
	    0
	    0
	    0
 1214	    3	 34.2	 32.7	 23.9	  4.7	 86.4	 24.6	0	    0
	    0
	    0
	    0
	    0
	    0
	    0
	    0
	    0
	    0
	    0
	    0
	    0
	    0
	    0
	    0
 1230	    3	 36.4	 33.4	 24.5	  4.9	 42.9	 67.5	0	    0
 1231	    3	 33.1	 32.5	 23.9	  4.5	 26.1	  1.6	1	    0
	    0
	    0
	    0
	    0
	    0
	    0
 1238	    5	 39.8	 27.5	 14.0	  9.0	 88.5	 68.4	0	    0
	    0
	    0
	    0
	    0
	    0
	    0
	    0
	    0
	    0
	    0
	    0
	    0
	    0
	    0
 1253	    3	 35.6	 33.1	 24.4	  4.8	 23.2	  9.7	0	    0
	    0
	    0
	    0
	    0
	    0
	    0
	    0
	    0
	    0
	    0
	    0
	    0
	    0
	    0
	    0
	    0
	    0
	    0
	    0
	    0
	    0
	    0
	    0
 1277	    3	 36.7	 33.1	 24.2	  4.9	  5.4	 97.3	0	    0
	    0
 1279	    3	 34.2	 32.5	 23.8	  4.7	 70.5	 66.7	0	    0
 1280	    5	 42.4	 27.8	 14.2	  9.4	 73.2	 83.4	0	    0
	    0
	    0
	    0
	    0
	    0
	    0
	    0
	    0
	    0
	    0
	    0
	    0
	    0
	    0
	    0
	    0
	    0
	    0
	    0
	    0
	    0
	    0
	    0
	    0
	    0
	    0
	    0
 1308	    3	 34.6	 32.8	 24.1	  4.7	 43.2	 15.6	0	    0
	    0
	    0
	    0
	    0
	    0
	    0
	    0
	    0
	    0
	    0
	    0
	    0
	    0
 1322	    3	 33.5	 32.6	 23.9	  4.6	 77.5	 49.0	1	    0
	    0
 1324	    5	 42.3	 27.4	 14.0	  9.4	 50.8	 58.7	0	    0
	    0
	    0
	    0
	    0
	    0
	    0
	    0
	    0
	    0
	    0
	    0
	    0
	    0
	    0
	    0
	    0
	    0
	    0
	    0
	    0
	    0
	    0
	    0
	    0
 1349	    3	 35.6	 32.8	 24.0	  4.8	 83.0	 42.8	0	    0
	    0
	    0
	    0
	    0
	    0
	    0
	    0
	    0
	    0
	    0
	    0
	    0
	    0
	    0
	    0
	    0
 1366	    3	 35.0	 32.8	 24.0	  4.7	 88.4	 20.3	0	    0
	    0
	    0
	    0
	    0
	    0
	    0
	    0
	    0
	    0
	    0
	    0
	    0
	    0
	    0
	    0
	    0
	    0
	    0
 1385	    5	 38.5	 27.2	 13.9	  8.8	 85.8	 12.6	0	    0
	    0
	    0
 1388	    3	 33.4	 32.6	 23.9	  4.6	 88.4	 59.9	0	    0
	    0
	    0
	    0
	    0
	    0
	    0
 1395	    5	 47.5	 28.4	 14.6	 10.1	 30.1	 10.6	0	    0
	    0
	    0
	    0
	    0
	    0
	    0
	    0
	    0
	    0
	    0
	    0
	    0
	    0
	    0
	    0
	    0
	    0
	    0
	    0
	    0
	    0
	    0
	    0
	    0
	    0
	    0
	    0
	    0
	    0
	    0
	    0
	    0
	    0
	    0
	    0
	    0
	    0
	    0
	    0
	    0
	    0
	    0
	    0
	    0
	    0
	    0
	    0
	    0
	    0
	    0
	    0
	    0
	    0
	    0
	    0
	    0
	    0
	    0
	    0
	    0
	    0
	    0
	    0
	    0
	    0
	    0
	    0
	    0
	    0
	    0
	    0
	    0
	    0
	    0
	    0
	    0
	    0
	    0
	    0
	    0
	    0
	    0
	    0
	    0
	    0
	    0
	    0
	    0
 1484	    5	 46.9	 28.6	 14.7	 10.0	 66.1	 67.7	0	    0
	    0
	    0
	    0
	    0
 1489	    3	 33.0	 31.9	 23.3	  4.6	 73.2	 91.0	0	    0
	    0
	    0
	    0
	    0
	    0
	    0
	    0
	    0
	    0
	    0
	    0
	    0
	    0
	    0
 1504	    5	 46.0	 27.7	 14.2	 10.0	  9.8	  0.0	0	    0
	    0
	    0
	    0
	    0
	    0
	    0
	    0
	    0
	    0
	    0
	    0
	    0
	    0
	    0
	    0
 1520	    3	 33.5	 32.6	 23.9	  4.6	 65.3	  1.2	0	    0
	    0
	    0
	    0
	    0
	    0
	    0
	    0
	    0
	    0
	    0
	    0
	    0
	    0
	    0
	    0
	    0
	    0
	    0
	    0
 1540	    3	 34.8	 32.9	 24.2	  4.7	 83.1	 86.0	0	    0
	    0
	    0
	    0
	    0
	    0
	    0
	    0
	    0
	    0
	    0
	    0
	    0
 1553	    5	 47.2	 28.3	 14.6	 10.1	 31.3	 59.6	0	    0
 1554	    3	 37.8	 33.8	 24.9	  5.0	 91.7	 54.1	0	    0
	    0
	    0
	    0
	    0
	    0
	    0
	    0
	    0
 1563	    3	 35.5	 33.1	 24.3	  4.8	 92.8	 62.1	0	    0
	    0
	    0
	    0
	    0
	    0
	    0
	    0
 1571	    3	 34.8	 33.0	 24.2	  4.7	 80.2	 36.7	0	    0
	    0
	    0
	    0
	    0
	    0
 1577	    3	 33.2	 32.2	 23.6	  4.6	 63.2	  0.6	1	    0
	    0
	    0
	    0
	    0
	    0
	    0
	    0
	    0
	    0
	    0
	    0
	    0
 1590	    3	 34.2	 32.8	 24.1	  4.6	 22.2	  1.5	0	    0
	    0
	    0
	    0
	    0
	    0
	    0
	    0
	    0
	    0
	    0
	    0
	    0
	    0
	    0
	    0
	    0
	    0
	    0
	    0
	    0
	    0
	    0
	    0
	    0
	    0
	    0
	    0
	    0
	    0
	    0
	    0
	    0
 1623	    3	 36.8	 33.4	 24.6	  4.9	 26.5	 64.3	0	    0
	    0
 1625	    5	 49.6	 28.5	 14.7	 10.4	 60.4	 50.9	0	    0
	    0
	    0
	    0
	    0
	    0
	    0
	    0
	    0
	    0
	    0
	    0
	    0
	    0
	    0
	    0
	    0
	    0
	    0
	    0
	    0
	    0
	    0
	    0
 1649	    3	 36.0	 33.2	 24.4	  4.8	 15.3	 26.5	0	    0
	    0
	    0
	    0
	    0
	    0
	    0
	    0
	    0
	    0
	    0
	    0
	    0
	    0
	    0
	    0
	    0
	    0
	    0
	    0
	    0
	    0
	    0
	    0
	    0
	    0
	    0
	    0
	    0
	    0
	    0
	    0
	    0
	    0
	    0
	    0
	    0
	    0
	    0
	    0
	    0
	    0
	    0
 1692	    3	 38.0	 33.8	 25.0	  5.0	 60.7	  6.9	0	    0
	    0
	    0
	    0
	    0
	    0
	    0
	    0
	    0
	    0
	    0
	    0
 1704	    5	 41.4	 27.8	 14.2	  9.2	 46.7	 62.0	0	    0
	    0
	    0
	    0
	    0
 1709	    3	 34.4	 32.3	 23.6	  4.7	 30.0	 77.1	0	    0
	    0
	    0
	    0
	    0
	    0
	    0
	    0
	    0
	    0
	    0
 1720	    5	 45.7	 28.2	 14.5	  9.8	 38.1	 18.7	0	    0
	    0
	    0
	    0
	    0
	    0
	    0
	    0
	    0
	    0
	    0
 1731	    5	 47.4	 28.3	 14.6	 10.1	 53.3	 70.3	0	    0
	    0
	    0
	    0
	    0
 1736	    5	 49.3	 28.6	 14.7	 10.4	 94.1	 80.7	0	    0
	    0
	    0
	    0
	    0
	    0
	    0
	    0
	    0
	    0
	    0
	    0
	    0
	    0
	    0
	    0
 1752	    5	 43.9	 27.8	 14.3	  9.6	 96.2	 33.3	0	    0
	    0
	    0
	    0
	    0
	    0
	    0
	    0
	    0
	    0
	    0
	    0
	    0
	    0
	    0
	    0
	    0
	    0
	    0
	    0
	    0
	    0
	    0
	    0
	    0
	    0
	    0
	    0
	    0
	    0
	    0
	    0
 1784	    5	 41.5	 27.6	 14.1	  9.2	 28.0	 70.9	0	    0
	    0
	    0
	    0
	    0
	    0
	    0
	    0
	    0
	    0
	    0
	    0
	    0
	    0
	    0
	    0
	    0
	    0
	    0
	    0
	    0
	    0
	    0
	    0
	    0
	    0
	    0
	    0
	    0
	    0
	    0
	    0
 1816	    5	 42.9	 27.6	 14.1	  9.5	 52.1	 52.1	0	    0
	    0
	    0
	    0
	    0
	    0
	    0
	    0
 1824	    3	 33.3	 32.4	 23.7	  4.6	 45.9	 24.5	0	    0
	    0
	    0
 1827	    5	 47.2	 28.3	 14.5	 10.1	 77.0	  4.0	0	    0
	    0
	    0
	    0
	    0
	    0
	    0
	    0
	    0
	    0
	    0
	    0
	    0
	    0
	    0
	    0
	    0
 1844	    5	 42.5	 27.8	 14.2	  9.4	 57.3	 68.1	0	    0
	    0
	    0
	    0
	    0
	    0
 1850	    3	 34.8	 32.8	 24.1	  4.7	 56.6	 30.0	0	    0
	    0
	    0
	    0
	    0
	    0
	    0
	    0
	    0
	    0
	    0
	    0
	    0
	    0
	    0
	    0
	    0
	    0
	    0
	    0
	    0
	    0
	    0
	    0
	    0
	    0
	    0
	    0
	    0
	    0
	    0
	    0
	    0
	    0
	    0
	    0
	    0
	    0
	    0
	    0
	    0
	    0
	    0
	    0
	    0
	    0
	    0
	    0
	    0
	    0
	    0
	    0
	    0
	    0
	    0
	    0
	    0
	    0
	    0
	    0
	    0
	    0
	    0
	    0
	    0
	    0
	    0
	    0
 1918	    5	 43.5	 27.9	 14.3	  9.5	  4.4	 37.6	0	    0
	    0
 1920	    5	 46.0	 28.1	 14.4	  9.9	 34.8	 51.0	0	    0
 1921	    5	 42.8	 27.7	 14.2	  9.4	 22.1	 99.1	0	    0
	    0
	    0
	    0
	    0
	    0
	    0
	    0
	    0
	    0
	    0
	    0
 1933	    3	 34.6	 32.7	 23.9	  4.7	 70.7	 68.1	1	    0
	    0
 1935	    5	 46.1	 28.4	 14.6	  9.9	 71.0	 40.2	0	    0
 1936	    3	 35.7	 33.2	 24.4	  4.8	 82.0	  5.8	0	    0
	    0
	    0
	    0
	    0
	    0
	    0
 1943	    5	 45.7	 28.1	 14.4	  9.9	  4.6	 45.3	0	    0
	    0
	    0
	    0
	    0
	    0
 1949	    3	 36.6	 33.4	 24.6	  4.9	  8.8	 73.7	0	    0
	    0
	    0
	    0
	    0
	    0
	    0
	    0
	    0
	    0
	    0
	    0
	    0
	    0
	    0
	    0
	    0
	    0
	    0
	    0
	    0
	    0
	    0
 1972	    3	 35.4	 33.0	 24.3	  4.8	  9.0	 53.6	0	    0
 1973	    3	 35.5	 33.1	 24.3	  4.8	 77.7	 92.0	0	    0
	    0
	    0
	    0
	    0
	    0
	    0
	    0
 1981	    3	 35.0	 33.1	 24.4	  4.7	 43.3	 81.6	0	    0
	    0
	    0
	    0
	    0
	    0
	    0
	    0
 1989	    5	 44.2	 27.6	 14.1	  9.7	 74.9	 75.3	0	    0
	    0
 1991	    3	 37.3	 33.7	 24.8	  4.9	 99.4	 34.5	0	    0
	    0
	    0
	    0
	    0
	    0
	    0
	    0
	    0
	    0
	    0
 2002	    5	 47.0	 28.1	 14.4	 10.1	 48.2	  7.1	0	    0
	    0
	    0
 2005	    3	 33.7	 32.7	 24.0	  4.6	 92.6	  9.3	0	    0
	    0
	    0
	    0
	    0
 2010	    3	 34.1	 32.9	 24.2	  4.6	 11.7	 17.9	0	    0
	    0
	    0
	    0
	    0
	    0
 2016	    3	 37.8	 33.8	 24.9	  5.0	 16.0	 10.5	0	    0
	    0
	    0
	    0
	    0
	    0
	    0
	    0
	    0
	    0
	    0
	    0
	    0
	    0
	    0
	    0
	    0
	    0
	    0
 2035	    3	 33.4	 32.5	 23.8	  4.6	 57.5	 27.6	0	    0
	    0
	    0
	    0
	    0
	    0
	    0
	    0
	    0
	    0
 2045	    5	 46.4	 27.8	 14.2	 10.0	 34.5	 65.7	0	    0
	    0
	    0
	    0
	    0
	    0
 2051	    3	 35.3	 32.8	 24.1	  4.8	 71.2	 12.9	0	    0
	    0
	    0
	    0
	    0
	    0
	    0
 2058	    3	 36.3	 33.3	 24.5	  4.9	 97.4	 87.8	0	    0
	    0
	    0
	    0
 2062	    5	 45.0	 27.9	 14.3	  9.8	 50.4	  3.2	0	    0
	    0
	    0
	    0
	    0
	    0
	    0
	    0
	    0
	    0
	    0
 2073	    5	 45.8	 28.1	 14.4	  9.9	 23.7	 82.7	0	    0
	    0
	    0
	    0
	    0
	    0
	    0
	    0
	    0
	    0
	    0
	    0
	    0
	    0
	    0
	    0
	    0
 2090	    3	 35.6	 32.8	 24.0	  4.8	 87.9	 10.0	0	    0
	    0
	    0
	    0
	    0
	    0
	    0
	    0
	    0
	    0
	    0
	    0
	    0
	    0
	    0
	    0
	    0
	    0
	    0
	    0
	    0
	    0
	    0
	    0
	    0
	    0
	    0
	    0
	    0
	    0
	    0
 2121	    5	 47.2	 28.5	 14.7	 10.0	 14.8	  3.0	0	    0
 2122	    5	 45.7	 28.2	 14.5	  9.9	 17.7	 31.3	0	    0
	    0
	    0
	    0
	    0
	    0
	    0
	    0
	    0
	    0
	    0
	    0
	    0
	    0
	    0
	    0
	    0
	    0
	    0
	    0
	    0
 2143	    3	 34.7	 32.8	 24.1	  4.7	 15.7	 48.0	0	    0
	    0
	    0
	    0
	    0
	    0
	    0
	    0
	    0
	    0
	    0
	    0
	    0
	    0
	    0
	    0
	    0
	    0
	    0
	    0
	    0
	    0
	    0
	    0
	    0
	    0
	    0
	    0
	    0
	    0
	    0
 2174	    3	 31.5	 31.3	 22.8	  4.4	 68.1	 74.7	0	    0
	    0
	    0
	    0
	    0
	    0
	    0
	    0
	    0
	    0
	    0
	    0
	    0
 2187	    3	 35.1	 32.9	 24.1	  4.7	 58.2	  1.9	0	    0
	    0
	    0
	    0
	    0
	    0
 2193	    3	 33.9	 32.9	 24.2	  4.6	 51.6	 81.9	0	    0
	    0
	    0
	    0
	    0
	    0
	    0
	    0
	    0
	    0
	    0
	    0
	    0
	    0
	    0
 2208	    3	 34.7	 32.9	 24.2	  4.7	 28.1	 90.1	0	    0
	    0
	    0
	    0
	    0
	    0
	    0
	    0
	    0
	    0
	    0
	    0
	    0
	    0
	    0
	    0
	    0
	    0
	    0
	    0
	    0
	    0
	    0
	    0
	    0
	    0
	    0
	    0
	    0
	    0
 2238	    5	 45.6	 28.0	 14.4	  9.9	 59.5	 81.3	0	    0
	    0
	    0
	    0
	    0
	    0
	    0
	    0
	    0
	    0
 2248	    5	 46.5	 28.3	 14.6	 10.0	 10.1	 97.6	0	    0
	    0
	    0
	    0
	    0
	    0
	    0
	    0
	    0
	    0
	    0
	    0
	    0
	    0
	    0
	    0
	    0
	    0
	    0
	    0
	    0
	    0
	    0
	    0
	    0
	    0
	    0
	    0
	    0
	    0
	    0
	    0
	    0
	    0
	    0
	    0
	    0
	    0
	    0
	    0
	    0
	    0
	    0
	    0
	    0
	    0
	    0
	    0
	    0
	    0
	    0
	    0
	    0
	    0
	    0
	    0
	    0
	    0
	    0
	    0
	    0
	    0
	    0
	    0
	    0
	    0
	    0
	    0
	    0
	    0
	    0
	    0
	    0
	    0
	    0
	    0
	    0
	    0
 2326	    5	 38.4	 27.0	 13.7	  8.8	 87.6	 11.2	0	    0
	    0
	    0
	    0
	    0
	    0
	    0
 2333	    3	 35.5	 32.8	 24.1	  4.8	 27.5	 69.6	1	    0
	    0
	    0
	    0
	    0
	    0
	    0
	    0
	    0
	    0
	    0
	    0
	    0
	    0
 2347	    3	 33.3	 32.4	 23.8	  4.6	 25.5	 87.5	0	    0
	    0
	    0
	    0
	    0
	    0
	    0
	    0
	    0
	    0
	    0
	    0
	    0
	    0
	    0
	    0
 2363	    3	 34.5	 33.0	 24.3	  4.7	 80.6	 80.2	0	    0
	    0
	    0
	    0
	    0
	    0
	    0
	    0
	    0
	    0
	    0
	    0
	    0
	    0
	    0
	    0
	    0
	    0
 2381	    3	 33.3	 32.1	 23.4	  4.6	 90.3	  6.7	1	    0
	    0
	    0
	    0
	    0
	    0
	    0
	    0
	    0
	    0
	    0
	    0
	    0
	    0
	    0
	    0
	    0
	    0
	    0
	    0
	    0
	    0
	    0
	    0
	    0
	    0
	    0
	    0
	    0
	    0
	    0
	    0
	    0
	    0
	    0
 2416	    5	 47.7	 28.0	 14.4	 10.2	 37.2	 72.3	0	    0
	    0
	    0
	    0
	    0
	    0
 2422	    3	 32.9	 32.3	 23.6	  4.5	  2.3	 37.4	0	    0
	    0
 2424	    3	 33.0	 31.7	 23.1	  4.6	  5.9	 71.1	0	    0
	    0
	    0
	    0
	    0
	    0
	    0
	    0
 2432	    3	 35.7	 32.9	 24.1	  4.8	 72.0	 50.4	0	    0
 2433	    5	 40.1	 27.3	 13.9	  9.0	 98.7	 94.5	0	    0
	    0
	    0
	    0
	    0
	    0
	    0
	    0
	    0
	    0
	    0
	    0
	    0
	    0
	    0
	    0
	    0
	    0
	    0
	    0
 2453	    3	 37.7	 33.7	 24.8	  5.0	 25.8	 75.3	0	    0
	    0
	    0
	    0
	    0
 2458	    5	 42.9	 27.7	 14.2	  9.5	 92.1	  4.4	0	    0
	    0
	    0
	    0
	    0
	    0
	    0
	    0
	    0
	    0
	    0
 2469	    3	 34.5	 32.8	 24.0	  4.7	 74.5	 39.5	1	    0
	    0
	    0
	    0
	    0
	    0
	    0
	    0
	    0
	    0
	    0
	    0
	    0
	    0
 2483	    5	 46.4	 28.2	 14.5	 10.0	 90.7	 19.8	0	    0
	    0
	    0
	    0
	    0
	    0
	    0
	    0
	    0
	    0
	    0
	    0
	    0
	    0
	    0
	    0
	    0
	    0
	    0
	    0
	    0
	    0
	    0
	    0
 2507	    5	 47.4	 27.8	 14.3	 10.2	  3.9	 80.9	0	    0
	    0
	    0
	    0
	    0
	    0
	    0
	    0
	    0
	    0
	    0
	    0
	    0
	    0
	    0
	    0
	    0
	    0
	    0
	    0
	    0
	    0
	    0
	    0
	    0
	    0
	    0
	    0
	    0
	    0
	    0
	    0
	    0
	    0
	    0
	    0
	    0
	    0
	    0
 2546	    5	 42.3	 27.8	 14.2	  9.4	 49.8	 63.6	0	    0
	    0
	    0
 2549	    3	 32.9	 32.3	 23.7	  4.5	 55.9	 16.7	0	    0
	    0
 2551	    3	 35.7	 32.9	 24.2	  4.8	 26.1	 10.0	0	    0
	    0
	    0
	    0
	    0
	    0
	    0
	    0
	    0
	    0
	    0
	    0
	    0
	    0
	    0
	    0
	    0
	    0
	    0
	    0
	    0
	    0
	    0
	    0
	    0
	    0
	    0
	    0
	    0
	    0
	    0
	    0
	    0
 2584	    5	 47.3	 28.5	 14.7	 10.1	 64.4	 92.0	0	    0
	    0
 2586	    5	 45.7	 28.2	 14.5	  9.9	 73.1	 71.1	0	    0
	    0
	    0
	    0
	    0
	    0
	    0
 2593	    3	 35.4	 33.2	 24.4	  4.8	 99.5	 77.1	1	    0
	    0
	    0
	    0
	    0
	    0
	    0
	    0
	    0
	    0
	    0
	    0
	    0
	    0
	    0
	    0
	    0
	    0
	    0
 2612	    5	 40.3	 27.3	 14.0	  9.1	 43.7	 64.0	0	    0
	    0
	    0
	    0
	    0
	    0
	    0
	    0
	    0
	    0
	    0
	    0
	    0
	    0
	    0
	    0
	    0
	    0
	    0
	    0
	    0
	    0
	    0
	    0
	    0
	    0
	    0
	    0
	    0
	    0
	    0
	    0
	    0
	    0
	    0
	    0
	    0
	    0
	    0
	    0
	    0
	    0
	    0
	    0
	    0
 2657	    3	 34.9	 32.8	 24.1	  4.7	 44.6	 26.4	0	    0
	    0
	    0
	    0
	    0
	    0
	    0
	    0
	    0
	    0
	    0
	    0
 2669	    3	 37.9	 33.8	 24.9	  5.0	 10.4	 83.2	0	    0
	    0
	    0
	    0
	    0
	    0
	    0
	    0
	    0
	    0
	    0
	    0
	    0
	    0
	    0
 2684	    3	 36.4	 33.2	 24.4	  4.9	 76.9	 36.8	0	    0
	    0
	    0
	    0
	    0
	    0
 2690	    5	 48.1	 28.4	 14.6	 10.2	  8.6	 36.9	0	    0
	    0
	    0
	    0
	    0
	    0
 2696	    3	 36.4	 33.4	 24.6	  4.9	 41.2	 67.9	0	    0
	    0
	    0
	    0
	    0
	    0
	    0
	    0
	    0
	    0
	    0
	    0
	    0
	    0
 2710	    5	 40.9	 27.2	 13.9	  9.2	 53.9	 99.3	0	    0
	    0
	    0
	    0
	    0
	    0
	    0
	    0
	    0
 2719	    5	 36.6	 26.6	 13.6	  8.5	 44.7	 56.7	0	    0
 2720	    3	 36.3	 33.5	 24.7	  4.9	 20.4	 15.8	0	    0
	    0
	    0
	    0
	    0
	    0
	    0
	    0
	    0
	    0
	    0
	    0
	    0
	    0
	    0
	    0
	    0
	    0
	    0
	    0
	    0
	    0
	    0
	    0
	    0
 2745	    3	 35.1	 33.0	 24.2	  4.7	 60.5	 38.9	0	    0
	    0
	    0
	    0
	    0
	    0
	    0
	    0
	    0
	    0
	    0
	    0
	    0
	    0
	    0
	    0
	    0
	    0
	    0
	    0
	    0
 2766	    3	 31.7	 31.8	 23.2	  4.4	 38.8	 31.8	0	    0
	    0
	    0
	    0
	    0
	    0
	    0
	    0
	    0
	    0
	    0
	    0
	    0
	    0
	    0
	    0
 2782	    3	 34.3	 32.4	 23.6	  4.7	 32.5	 56.4	0	    0
	    0
	    0
	    0
	    0
	    0
	    0
 2789	    5	 47.5	 28.4	 14.6	 10.1	  8.5	 41.4	0	    0
	    0
	    0
	    0
 2793	    3	 37.9	 33.6	 24.8	  5.0	 75.6	 21.8	0	    0
	    0
	    0
	    0
	    0
	    0
	    0
 2800	    5	 42.0	 27.8	 14.2	  9.3	 56.3	 36.4	0	    0
	    0
	    0
	    0
	    0
	    0
	    0
	    0
	    0
	    0
	    0
	    0
	    0
	    0
 2814	    3	 30.4	 30.1	 21.7	  4.3	 12.5	 96.2	0	    0
	    0
	    0
	    0
	    0
	    0
 2820	    5	 48.4	 28.7	 14.8	 10.2	 75.5	 96.5	0	    0
	    0
	    0
	    0
	    0
	    0
	    0
	    0
	    0
	    0
 2830	    3	 35.6	 33.1	 24.3	  4.8	 96.7	  3.6	0	    0
	    0
	    0
	    0
	    0
	    0
	    0
	    0
	    0
	    0
	    0
	    0
	    0
	    0
 2844	    3	 35.6	 33.1	 24.3	  4.8	 16.7	 42.6	0	    0
	    0
	    0
	    0
	    0
	    0
	    0
	    0
	    0
	    0
	    0
	    0
	    0
	    0
	    0
	    0
	    0
	    0
	    0
	    0
	    0
 2865	    3	 35.3	 32.7	 23.9	  4.8	 98.6	 20.8	1	    0
	    0
 2867	    3	 35.1	 33.1	 24.3	  4.7	 27.6	 21.3	0	    0
	    0
	    0
 2870	    3	 36.4	 33.4	 24.5	  4.9	 42.3	 89.8	0	    0
	    0
	    0
	    0
 2874	    5	 42.3	 27.7	 14.2	  9.4	 45.7	 66.1	0	    0
	    0
	    0
	    0
	    0
	    0
	    0
	    0
	    0
 2883	    3	 34.4	 32.8	 24.1	  4.7	 59.0	 18.3	0	    0
	    0
	    0
	    0
	    0
	    0
	    0
	    0
	    0
 2892	    3	 37.0	 33.7	 24.8	  4.9	 83.4	 56.8	0	    0
	    0
 2894	    5	 39.6	 27.0	 13.8	  9.0	 36.8	 97.3	0	    0
 2895	    5	 41.0	 27.2	 13.9	  9.2	 15.9	 57.0	1	    0
	    0
	    0
	    0
	    0
	    0
	    0
	    0
	    0
	    0
	    0
	    0
	    0
	    0
	    0
	    0
 2911	    3	 35.5	 32.7	 23.9	  4.8	 59.3	 63.8	0	    0
	    0
	    0
	    0
	    0
	    0
 2917	    3	 34.8	 32.7	 24.0	  4.7	 44.9	 11.9	0	    0
	    0
 2919	    5	 41.0	 27.6	 14.1	  9.2	 85.2	 37.9	0	    0
	    0
	    0
	    0
	    0
	    0
	    0
	    0
	    0
	    0
	    0
	    0
	    0
	    0
 2933	    5	 44.3	 28.0	 14.3	  9.7	 97.2	 51.7	0	    0
	    0
	    0
	    0
	    0
	    0
	    0
	    0
	    0
	    0
	    0
	    0
	    0
	    0
	    0
	    0
 2949	    5	 47.4	 28.2	 14.5	 10.1	  0.5	 17.2	0	    0
	    0
	    0
	    0
	    0
	    0
 2955	    3	 37.0	 33.5	 24.7	  4.9	 71.8	 76.9	0	    0
	    0
	    0
	    0
	    0
	    0
	    0
	    0
	    0
	    0
	    0
	    0
	    0
	    0
	    0
	    0
	    0
	    0
	    0
	    0
	    0
	    0
 2977	    3	 35.3	 33.2	 24.4	  4.7	 54.4	 10.6	0	    0
	    0
	    0
	    0
	    0
	    0
	    0
	    0
	    0
	    0
	    0
	    0
	    0
	    0
	    0
	    0
	    0
	    0
	    0
	    0
	    0
	    0
	    0
	    0
 3001	    5	 47.5	 28.7	 14.8	 10.1	  5.5	 62.5	0	    0
	    0
	    0
	    0
	    0
	    0
	    0
	    0
	    0
	    0
	    0
	    0
	    0
	    0
	    0
	    0
	    0
 3018	    5	 46.8	 27.7	 14.2	 10.1	 74.6	 12.9	0	    0
	    0
	    0
	    0
	    0
	    0
	    0
	    0
	    0
	    0
	    0
	    0
	    0
	    0
	    0
 3033	    3	 38.0	 33.8	 24.9	  5.0	 18.7	 90.0	0	    0
	    0
	    0
	    0
	    0
	    0
	    0
	    0
	    0
	    0
	    0
	    0
	    0
	    0
	    0
	    0
	    0
	    0
	    0
	    0
	    0
	    0
	    0
	    0
 3057	    5	 41.2	 27.3	 13.9	  9.2	 17.6	  4.8	0	    0
	    0
	    0
	    0
	    0
	    0
 3063	    5	 42.7	 28.1	 14.4	  9.4	 93.0	  1.5	0	    0
	    0
	    0
	    0
	    0
	    0
	    0
	    0
	    0
	    0
 3073	    3	 35.8	 33.1	 24.4	  4.8	 33.4	 93.4	0	    0
	    0
	    0
	    0
	    0
	    0
	    0
	    0
	    0
	    0
	    0
	    0
	    0
	    0
	    0
	    0
	    0
	    0
	    0
	    0
	    0
	    0
	    0
	    0
	    0
	    0
	    0
	    0
	    0
	    0
	    0
	    0
	    0
	    0
	    0
	    0
	    0
	    0
	    0
	    0
	    0
	    0
	    0
	    0
	    0
	    0
	    0
	    0
	    0
	    0
	    0
	    0
	    0
	    0
	    0
	    0
	    0
	    0
	    0
	    0
	    0
	    0
	    0
	    0
	    0
	    0
	    0
	    0
	    0
	    0
	    0
	    0
	    0
	    0
	    0
	    0
	    0
	    0
	    0
	    0
	    0
	    0
	    0
	    0
	    0
	    0
	    0
	    0
 3161	    5	 49.6	 28.9	 14.9	 10.4	  7.7	 88.7	0	    0
	    0
	    0
	    0
	    0
	    0
	    0
	    0
	    0
	    0
	    0
	    0
	    0
	    0
	    0
	    0
	    0
	    0
	    0
	    0
	    0
	    0
 3183	    3	 36.2	 32.9	 24.1	  4.9	 36.3	 37.2	0	    0
 3184	    5	 44.0	 28.0	 14.3	  9.6	 68.0	 33.7	0	    0
	    0
	    0
	    0
	    0
 3189	    5	 44.5	 27.9	 14.3	  9.7	 70.5	  3.3	0	    0
	    0
	    0
	    0
	    0
 3194	    3	 35.1	 33.0	 24.3	  4.7	  6.4	 78.6	0	    0
	    0
	    0
	    0
	    0
	    0
	    0
	    0
	    0
	    0
	    0
	    0
 3206	    3	 37.1	 33.6	 24.7	  4.9	 43.0	 83.5	0	    0
	    0
	    0
	    0
	    0
	    0
	    0
 3213	    5	 44.2	 28.1	 14.4	  9.6	 94.0	 67.6	0	    0
	    0
	    0
	    0
	    0
	    0
	    0
	    0
	    0
 3222	    3	 35.4	 33.0	 24.3	  4.8	 52.2	 15.6	0	    0
	    0
 3224	    3	 39.4	 34.1	 25.3	  5.1	 41.2	  8.5	0	    0
	    0
	    0
 3227	    5	 42.5	 27.4	 14.0	  9.4	 94.1	 95.0	0	    0
	    0
	    0
	    0
	    0
	    0
	    0
	    0
	    0
	    0
	    0
	    0
	    0
	    0
	    0
	    0
	    0
	    0
	    0
	    0
	    0
	    0
	    0
	    0
	    0
	    0
	    0
	    0
	    0
	    0
	    0
	    0
	    0
	    0
 3261	    3	 34.5	 32.7	 23.9	  4.7	 47.6	 37.3	1	    0
	    0
	    0
	    0
	    0
	    0
	    0
	    0
	    0
	    0
	    0
	    0
	    0
	    0
	    0
	    0
	    0
	    0
	    0
	    0
	    0
	    0
	    0
	    0
	    0
	    0
 3287	    3	 35.6	 33.1	 24.3	  4.8	 62.6	 38.4	0	    0
	    0
	    0
	    0
	    0
	    0
	    0
	    0
 3295	    3	 37.1	 33.5	 24.6	  4.9	 24.0	 52.1	0	    0
	    0
	    0
	    0
	    0
	    0
	    0
	    0
	    0
	    0
	    0
	    0
	    0
	    0
 3309	    3	 38.1	 33.8	 24.9	  5.0	 32.3	 17.9	0	    0
	    0
	    0
	    0
	    0
	    0
	    0
	    0
	    0
	    0
 3319	    3	 38.2	 33.8	 25.0	  5.0	 40.6	 78.1	0	    0
	    0
 3321	    5	 40.2	 27.3	 14.0	  9.1	  9.1	 90.6	0	    0
	    0
	    0
	    0
	    0
	    0
	    0
	    0
	    0
	    0
	    0
	    0
	    0
	    0
 3335	    3	 32.7	 32.5	 23.9	  4.5	 80.6	 57.0	0	    0
	    0
	    0
	    0
	    0
	    0
	    0
	    0
	    0
	    0
	    0
 3346	    3	 37.6	 33.7	 24.9	  5.0	  9.7	 29.2	0	    0
	    0
	    0
 3349	    3	 34.6	 32.8	 24.0	  4.7	 47.4	 95.8	0	    0
	    0
	    0
	    0
	    0
	    0
	    0
 3356	    5	 46.1	 28.3	 14.5	  9.9	 89.1	 36.5	0	    0
	    0
	    0
	    0
	    0
	    0
	    0
	    0
	    0
	    0
	    0
	    0
	    0
	    0
	    0
	    0
	    0
	    0
	    0
	    0
	    0
	    0
	    0
	    0
	    0
	    0
	    0
	    0
	    0
 3385	    3	 33.9	 32.7	 24.0	  4.6	 15.0	 48.0	0	    0
	    0
 3387	    3	 36.7	 33.2	 24.4	  4.9	 94.8	 11.0	0	    0
	    0
	    0
	    0
	    0
	    0
	    0
	    0
 3395	    5	 41.1	 27.5	 14.0	  9.2	 59.6	 70.1	0	    0
	    0
	    0
	    0
	    0
	    0
	    0
	    0
 3403	    3	 35.5	 33.3	 24.5	  4.8	 73.2	  0.2	0	    0
	    0
	    0
	    0
	    0
	    0
	    0
	    0
	    0
	    0
	    0
	    0
	    0
 3416	    5	 44.7	 28.0	 14.3	  9.7	 23.0	 71.2	0	    0
	    0
	    0
	    0
	    0
	    0
	    0
	    0
	    0
	    0
	    0
	    0
 3428	    5	 44.2	 28.1	 14.4	  9.6	 35.6	 42.2	0	    0
	    0
	    0
 3431	    3	 34.5	 32.9	 24.2	  4.7	 86.8	 64.3	0	    0
	    0
	    0
	    0
	    0
	    0
	    0
	    0
	    0
	    0
	    0
 3442	    3	 32.8	 32.4	 23.8	  4.5	 37.9	 46.9	0	    0
	    0
	    0
 3445	    5	 43.4	 27.6	 14.1	  9.6	 93.6	 50.6	0	    0
	    0
	    0
	    0
	    0
	    0
 3451	    3	 33.7	 32.6	 23.9	  4.6	 21.0	  0.0	0	    0
	    0
	    0
	    0
	    0
	    0
	    0
	    0
	    0
	    0
	    0
	    0
	    0
	    0
	    0
	    0
	    0
	    0
	    0
	    0
	    0
 3472	    3	 38.3	 33.9	 25.0	  5.0	 92.2	 99.9	0	    0
	    0
	    0
	    0
 3476	    5	 47.3	 28.3	 14.6	 10.1	 14.3	 36.9	0	    0
	    0
	    0
	    0
 3480	    3	 32.4	 32.1	 23.5	  4.5	 46.3	 26.6	0	    0
	    0
	    0
	    0
	    0
	    0
	    0
	    0
	    0
	    0
	    0
	    0
	    0
	    0
	    0
	    0
 3496	    3	 35.5	 33.0	 24.3	  4.8	 26.7	 47.8	0	    0
	    0
 3498	    3	 32.9	 31.9	 23.3	  4.5	 57.3	 79.7	1	    0
 3499	    5	 46.7	 28.0	 14.4	 10.0	 43.2	 40.9	0	    0
	    0
	    0
	    0
	    0
	    0
	    0
	    0
	    0
	    0
	    0
	    0
	    0
	    0
	    0
	    0
	    0
	    0
 3517	    3	 37.9	 33.7	 24.8	  5.0	 39.3	 98.1	0	    0
	    0
	    0
	    0
	    0
	    0
	    0
	    0
	    0
	    0
 3527	    5	 51.8	 29.1	 15.0	 10.7	 97.4	 41.8	0	    0
	    0
	    0
	    0
	    0
	    0
	    0
 3534	    3	 32.8	 32.1	 23.4	  4.5	 89.6	 17.3	0	    0
	    0
	    0
	    0
	    0
	    0
	    0
	    0
	    0
	    0
	    0
	    0
	    0
	    0
	    0
	    0
	    0
	    0
	    0
	    0
	    0
	    0
	    0
	    0
	    0
	    0
	    0
	    0
	    0
	    0
	    0
	    0
	    0
	    0
	    0
	    0
	    0
	    0
	    0
	    0
	    0
	    0
	    0
	    0
	    0
	    0
	    0
	    0
	    0
	    0
	    0
	    0
	    0
	    0
	    0
	    0
	    0
	    0
	    0
	    0
	    0
	    0
	    0
	    0
	    0
	    0
	    0
	    0
	    0
	    0
	    0
	    0
	    0
	    0
	    0
	    0
	    0
	    0
	    0
	    0
	    0
	    0
	    0
	    0
	    0
	    0
	    0
	    0
	    0
 3623	    5	 44.7	 28.0	 14.3	  9.7	 25.8	 42.9	0	    0
	    0
	    0
	    0
	    0
	    0
	    0
	    0
	    0
	    0
	    0
	    0
	    0
	    0
	    0
	    0
	    0
	    0
	    0
	    0
	    0
	    0
	    0
	    0
	    0
	    0
	    0
	    0
	    0
	    0
	    0
	    0
	    0
	    0
	    0
	    0
	    0
	    0
	    0
	    0
	    0
	    0
	    0
	    0
	    0
	    0
	    0
	    0
	    0
	    0
	    0
	    0
 3675	    3	 35.5	 33.0	 24.2	  4.8	 16.1	  6.8	0	    0
	    0
	    0
	    0
	    0
 3680	    5	 39.5	 27.1	 13.8	  9.0	 29.4	 41.9	0	    0
	    0
	    0
	    0
 3684	    5	 41.5	 27.5	 14.1	  9.3	  4.3	 92.2	0	    0
	    0
	    0
	    0
	    0
	    0
	    0
	    0
	    0
	    0
	    0
	    0
	    0
	    0
	    0
	    0
	    0
	    0
	    0
	    0
	    0
	    0
	    0
	    0
 3708	    5	 49.6	 28.7	 14.8	 10.4	 86.9	  3.8	0	    0
	    0
	    0
	    0
	    0
	    0
	    0
	    0
	    0
	    0
	    0
	    0
	    0
	    0
	    0
	    0
 3724	    5	 48.6	 29.1	 15.0	 10.2	 63.5	 15.8	0	    0
	    0
	    0
	    0
	    0
	    0
	    0
	    0
	    0
	    0
	    0
 3735	    5	 42.8	 27.7	 14.2	  9.4	 67.0	 21.0	0	    0
	    0
 3737	    3	 34.5	 32.4	 23.7	  4.7	 67.7	 65.7	0	    0
	    0
	    0
	    0
	    0
	    0
	    0
	    0
	    0
	    0
	    0
	    0
	    0
	    0
	    0
	    0
	    0
	    0
	    0
	    0
	    0
	    0
	    0
	    0
	    0
	    0
	    0
	    0
	    0
	    0
 3767	    3	 36.2	 32.1	 23.3	  4.9	 84.8	 21.6	0	    0
	    0
	    0
	    0
	    0
	    0
	    0
	    0
	    0
	    0
	    0
	    0
	    0
	    0
 3781	    3	 36.7	 33.3	 24.5	  4.9	 57.8	 36.1	0	    0
	    0
	    0
	    0
	    0
	    0
	    0
	    0
	    0
	    0
 3791	    5	 45.1	 28.2	 14.5	  9.8	 73.7	 49.0	0	    0
	    0
	    0
	    0
	    0
	    0
	    0
 3798	    5	 48.6	 28.1	 14.4	 10.3	 48.8	 75.0	0	    0
	    0
	    0
	    0
	    0
	    0
	    0
	    0
	    0
	    0
	    0
	    0
 3810	    5	 43.2	 27.5	 14.1	  9.5	 59.2	 41.3	0	    0
 3811	    3	 34.9	 32.6	 23.8	  4.7	 42.1	 46.5	1	    0
	    0
	    0
	    0
	    0
	    0
	    0
	    0
	    0
	    0
	    0
	    0
	    0
	    0
	    0
	    0
	    0
 3828	    3	 34.9	 33.0	 24.3	  4.7	  3.5	 55.6	0	    0
	    0
	    0
	    0
	    0
	    0
	    0
	    0
	    0
	    0
	    0
	    0
	    0
	    0
	    0
	    0
	    0
	    0
	    0
	    0
	    0
 3849	    3	 36.8	 33.5	 24.7	  4.9	 19.8	 28.3	1	    0
	    0
	    0
	    0
	    0
	    0
	    0
	    0
	    0
	    0
	    0
	    0
	    0
	    0
	    0
	    0
	    0
	    0
	    0
	    0
	    0
	    0
	    0
 3872	    3	 33.4	 32.5	 23.9	  4.6	 65.5	 27.7	1	    0
	    0
	    0
	    0
	    0
	    0
	    0
	    0
	    0
	    0
	    0
	    0
	    0
	    0
	    0
	    0
	    0
	    0
	    0
	    0
	    0
	    0
	    0
	    0
	    0
	    0
	    0
	    0
	    0
	    0
	    0
 3903	    3	 35.1	 33.3	 24.6	  4.7	 90.5	 44.9	0	    0
	    0
	    0
	    0
	    0
	    0
	    0
	    0
	    0
	    0
	    0
	    0
 3915	    3	 35.4	 33.1	 24.3	  4.8	  3.5	  9.3	0	    0
	    0
 3917	    3	 37.4	 33.4	 24.6	  5.0	 85.1	 73.9	0	    0
	    0
	    0
	    0
	    0
	    0
	    0
	    0
	    0
	    0
	    0
	    0
	    0
	    0
	    0
	    0
	    0
	    0
	    0
 3936	    5	 41.3	 27.3	 14.0	  9.3	 41.4	 93.4	0	    0
	    0
	    0
	    0
	    0
	    0
	    0
	    0
	    0
	    0
	    0
	    0
 3948	    5	 44.8	 27.7	 14.2	  9.8	 46.4	 47.5	0	    0
 3949	    5	 31.3	 25.8	 13.1	  7.7	 48.8	 64.6	0	    0
	    0
 3951	    3	 33.5	 32.2	 23.5	  4.6	 22.1	 69.3	1	    0
	    0
	    0
	    0
	    0
	    0
	    0
 3958	    5	 38.3	 27.2	 13.9	  8.7	 73.9	 80.4	0	    0
	    0
	    0
	    0
	    0
	    0
	    0
	    0
 3966	    5	 37.3	 27.0	 13.8	  8.6	 86.0	  9.2	0	    0
	    0
	    0
	    0
 3970	    5	 46.6	 28.4	 14.6	 10.0	 57.6	 43.6	0	    0
	    0
	    0
	    0
	    0
	    0
	    0
	    0
	    0
	    0
	    0
	    0
	    0
	    0
	    0
	    0
	    0
 3987	    5	 44.8	 27.9	 14.3	  9.7	 21.9	 61.9	0	    0
	    0
	    0
 3990	    5	 30.3	 25.4	 12.9	  7.5	  8.6	 61.4	0	    0
	    0
	    0
 3993	    5	 45.8	 27.7	 14.2	  9.9	 23.1	 32.8	0	    0
	    0
	    0
	    0
	    0
	    0
	    0
	    0
	    0
	    0
	    0
	    0
	    0
	    0
	    0
	    0
	    0
	    0
	    0
	    0
	    0
	    0
	    0
	    0
	    0
	    0
	    0
	    0
	    0
	    0
	    0
 4024	    5	 46.5	 28.0	 14.4	 10.0	  9.2	 76.0	0	    0
	    0
	    0
	    0
	    0
	    0
	    0
	    0
	    0
	    0
	    0
	    0
	    0
	    0
	    0
	    0
	    0
	    0
 4042	    3	 35.1	 32.8	 24.0	  4.8	 42.4	 43.3	0	    0
	    0
	    0
	    0
	    0
	    0
	    0
	    0
	    0
	    0
	    0
	    0
	    0
	    0
	    0
	    0
	    0
	    0
	    0
	    0
 4062	    3	 36.2	 33.4	 24.6	  4.8	 79.7	 36.1	0	    0
	    0
	    0
	    0
	    0
	    0
	    0
	    0
	    0
	    0
	    0
	    0
	    0
	    0
	    0
	    0
	    0
	    0
	    0
	    0
	    0
	    0
	    0
	    0
	    0
	    0
	    0
	    0
 4090	    3	 33.7	 32.5	 23.8	  4.6	 62.4	 60.0	0	    0
	    0
 4092	    5	 42.3	 27.8	 14.2	  9.4	 37.5	 99.2	0	    0
 4093	    3	 38.2	 33.7	 24.8	  5.0	 72.2	 64.0	0	    0
	    0
	    0
	    0
	    0
	    0
	    0
	    0
	    0
	    0
	    0
	    0
	    0
	    0
	    0
	    0
	    0
	    0
	    0
	    0
	    0
	    0
	    0
	    0
	    0
	    0
	    0
	    0
 4121	    3	 35.4	 33.0	 24.2	  4.8	  0.5	 25.0	0	    0
	    0
	    0
	    0
	    0
	    0
	    0
	    0
	    0
	    0
	    0
	    0
	    0
	    0
	    0
	    0
	    0
	    0
	    0
	    0
	    0
	    0
	    0
 4144	    5	 44.8	 28.1	 14.4	  9.7	 63.1	 12.8	0	    0
	    0
	    0
 4147	    3	 36.0	 33.1	 24.3	  4.8	 28.3	 40.6	0	    0
	    0
	    0
	    0
	    0
	    0
	    0
	    0
	    0
	    0
	    0
	    0
	    0
	    0
	    0
	    0
	    0
	    0
	    0
	    0
	    0
	    0
	    0
	    0
	    0
	    0
	    0
	    0
	    0
	    0
	    0
 4178	    3	 34.3	 32.3	 23.6	  4.7	 83.1	 92.6	1	    0
	    0
	    0
	    0
	    0
	    0
	    0
	    0
	    0
	    0
	    0
	    0
	    0
	    0
	    0
	    0
	    0
	    0
	    0
	    0
 4198	    3	 36.6	 33.3	 24.5	  4.9	 76.9	 54.8	0	    0
	    0
	    0
	    0
	    0
	    0
	    0
	    0
	    0
	    0
	    0
	    0
	    0
	    0
	    0
	    0
	    0
	    0
	    0
	    0
	    0
	    0
	    0
	    0
	    0
	    0
 4224	    5	 38.7	 27.3	 14.0	  8.8	 50.5	 24.5	0	    0
	    0
	    0
 4227	    3	 35.5	 33.2	 24.5	  4.8	 91.7	 89.6	0	    0
	    0
	    0
	    0
	    0
	    0
	    0
	    0
	    0
	    0
	    0
 4238	    3	 32.8	 32.2	 23.6	  4.5	 30.1	 95.6	0	    0
	    0
	    0
	    0
	    0
	    0
	    0
	    0
	    0
	    0
	    0
	    0
	    0
 4251	    3	 36.2	 33.4	 24.6	  4.8	 98.5	 13.8	0	    0
	    0
	    0
	    0
	    0
	    0
	    0
 4258	    5	 44.2	 27.5	 14.1	  9.7	 60.4	 59.7	0	    0
	    0
	    0
	    0
	    0
	    0
	    0
	    0
	    0
	    0
	    0
 4269	    3	 36.8	 33.5	 24.7	  4.9	 61.2	 34.0	0	    0
	    0
	    0
	    0
	    0
	    0
	    0
	    0
	    0
	    0
	    0
	    0
	    0
	    0
 4283	    5	 42.6	 27.6	 14.1	  9.4	 74.9	 93.4	0	    0
	    0
	    0
	    0
	    0
	    0
	    0
	    0
	    0
	    0
	    0
	    0
	    0
	    0
	    0
	    0
	    0
	    0
	    0
	    0
	    0
	    0
	    0
	    0
	    0
	    0
	    0
	    0
	    0
	    0
	    0
	    0
	    0
	    0
	    0
	    0
	    0
	    0
	    0
	    0
	    0
	    0
 4325	    3	 34.9	 32.6	 23.9	  4.7	 98.6	 25.4	0	    0
	    0
	    0
	    0
	    0
	    0
	    0
	    0
	    0
	    0
	    0
	    0
	    0
	    0
	    0
	    0
	    0
	    0
 4343	    3	 36.9	 33.8	 25.0	  4.9	 23.5	 97.8	0	    0
	    0
	    0
	    0
	    0
	    0
 4349	    5	 46.0	 28.2	 14.5	  9.9	 27.4	 55.3	0	    0
	    0
	    0
	    0
	    0
	    0
	    0
	    0
	    0
	    0
	    0
	    0
 4361	    3	 35.2	 33.1	 24.3	  4.7	  1.5	 54.4	0	    0
	    0
	    0
	    0
	    0
	    0
	    0
 4368	    5	 47.2	 28.2	 14.5	 10.1	 19.7	 47.7	0	    0
	    0
	    0
	    0
	    0
 4373	    5	 42.7	 27.7	 14.2	  9.4	 81.5	 83.9	0	    0
	    0
	    0
 4376	    5	 47.1	 28.3	 14.5	 10.1	 53.1	 35.6	0	    0
 4377	    5	 46.0	 28.0	 14.4	  9.9	 98.4	 18.8	0	    0
	    0
	    0
	    0
	    0
 4382	    5	 49.5	 28.4	 14.6	 10.4	 36.6	  8.6	0	    0
	    0
	    0
	    0
	    0
	    0
	    0
	    0
	    0
	    0
	    0
	    0
	    0
	    0
	    0
	    0
	    0
	    0
	    0
	    0
 4402	    3	 38.9	 33.9	 25.0	  5.1	  1.0	  5.0	0	    0
	    0
	    0
	    0
	    0
	    0
	    0
	    0
	    0
	    0
	    0
	    0
	    0
	    0
	    0
	    0
	    0
	    0
	    0
	    0
	    0
	    0
 4424	    5	 48.1	 28.3	 14.5	 10.2	  7.9	  7.7	0	    0
	    0
	    0
	    0
	    0
	    0
	    0
	    0
	    0
	    0
	    0
	    0
	    0
	    0
	    0
	    0
	    0
	    0
	    0
	    0
	    0
	    0
	    0
	    0
 4448	    5	 46.8	 27.8	 14.3	 10.1	 83.0	 40.9	0	    0
	    0
	    0
	    0
	    0
	    0
	    0
	    0
	    0
	    0
	    0
 4459	    3	 35.7	 33.2	 24.4	  4.8	  1.9	 89.5	1	    0
	    0
 4461	    3	 35.9	 33.2	 24.4	  4.8	 33.9	 46.4	0	    0
	    0
	    0
	    0
	    0
	    0
	    0
 4468	    3	 35.5	 33.1	 24.3	  4.8	 60.2	 89.2	0	    0
	    0
	    0
	    0
	    0
	    0
	    0
	    0
	    0
	    0
	    0
	    0
	    0
	    0
 4482	    3	 37.4	 33.6	 24.8	  5.0	 42.2	 90.7	0	    0
	    0
	    0
	    0
	    0
	    0
	    0
	    0
	    0
	    0
	    0
 4493	    3	 33.9	 32.2	 23.5	  4.6	 93.7	 61.8	0	    0
	    0
	    0
	    0
	    0
	    0
	    0
	    0
	    0
	    0
	    0
	    0
	    0
	    0
	    0
	    0
	    0
	    0
	    0
	    0
	    0
	    0
	    0
	    0
	    0
	    0
	    0
	    0
	    0
 4522	    3	 34.6	 32.9	 24.2	  4.7	 57.2	 26.5	0	    0
	    0
	    0
	    0
	    0
	    0
	    0
	    0
	    0
	    0
	    0
	    0
	    0
	    0
	    0
	    0
	    0
	    0
	    0
	    0
	    0
	    0
	    0
 4545	    3	 33.8	 31.8	 23.1	  4.7	 55.6	 62.0	1	    0
	    0
	    0
	    0
	    0
	    0
	    0
	    0
	    0
	    0
	    0
	    0
	    0
	    0
	    0
	    0
	    0
	    0
	    0
	    0
	    0
	    0
	    0
	    0
	    0
	    0
	    0
 4572	    3	 36.2	 33.2	 24.4	  4.9	 24.2	 50.4	0	    0
	    0
	    0
	    0
	    0
	    0
	    0
	    0
	    0
	    0
	    0
	    0
	    0
	    0
	    0
	    0
	    0
	    0
	    0
	    0
	    0
	    0
	    0
 4595	    5	 44.2	 27.6	 14.2	  9.7	 35.4	  2.1	0	    0
	    0
	    0
	    0
	    0
	    0
	    0
	    0
	    0
	    0
	    0
	    0
	    0
	    0
	    0
	    0
	    0
	    0
	    0
	    0
 4615	    3	 33.9	 32.4	 23.7	  4.6	 39.7	 61.6	0	    0
	    0
	    0
	    0
	    0
	    0
	    0
	    0
	    0
	    0
	    0
	    0
	    0
	    0
	    0
	    0
	    0
	    0
	    0
	    0
	    0
	    0
	    0
	    0
	    0
	    0
	    0
	    0
	    0
	    0
	    0
	    0
	    0
	    0
	    0
	    0
	    0
	    0
	    0
	    0
	    0
	    0
	    0
	    0
	    0
	    0
	    0
	    0
	    0
	    0
	    0
	    0
	    0
 4668	    5	 46.1	 28.3	 14.6	  9.9	 47.5	 57.2	0	    0
	    0
	    0
	    0
 4672	    5	 47.9	 28.4	 14.6	 10.2	 82.8	 94.1	0	    0
	    0
	    0
	    0
	    0
	    0
	    0
	    0
	    0
	    0
	    0
	    0
	    0
	    0
	    0
	    0
	    0
	    0
	    0
	    0
	    0
	    0
	    0
 4695	    3	 35.2	 33.1	 24.4	  4.7	 76.7	 25.1	0	    0
	    0
	    0
	    0
	    0
	    0
	    0
	    0
	    0
	    0
	    0
	    0
	    0
	    0
	    0
	    0
	    0
	    0
	    0
	    0
	    0
	    0
	    0
	    0
 4719	    5	 47.1	 28.6	 14.7	 10.0	 30.9	 50.0	0	    0
	    0
	    0
	    0
	    0
	    0
	    0
	    0
	    0
	    0
	    0
	    0
	    0
	    0
	    0
	    0
	    0
	    0
	    0
	    0
	    0
	    0
	    0
	    0
	    0
	    0
	    0
	    0
	    0
	    0
	    0
	    0
	    0
	    0
	    0
	    0
	    0
 4756	    3	 36.2	 33.2	 24.4	  4.8	 99.5	 22.2	0	    0
	    0
	    0
	    0
	    0
	    0
	    0
	    0
	    0
	    0
	    0
	    0
	    0
	    0
	    0
	    0
	    0
	    0
 4774	    5	 41.1	 27.3	 14.0	  9.2	 70.6	 61.8	1	    0
	    0
	    0
 4777	    5	 47.6	 28.3	 14.6	 10.2	 21.2	 36.0	0	    0
	    0
	    0
	    0
	    0
	    0
	    0
	    0
	    0
	    0
	    0
	    0
	    0
	    0
 4791	    5	 48.1	 28.7	 14.8	 10.2	 92.3	 26.1	0	    0
	    0
	    0
	    0
	    0
 4796	    5	 47.7	 28.0	 14.4	 10.2	 71.6	 87.4	0	    0
 4797	    5	 45.0	 27.4	 14.1	  9.9	 76.4	 45.6	0	    0
	    0
	    0
	    0
	    0
	    0
	    0
	    0
	    0
	    0
	    0
	    0
	    0
	    0
	    0
	    0
	    0
 4814	    3	 35.9	 33.2	 24.4	  4.8	 16.7	 68.9	0	    0
	    0
	    0
	    0
	    0
 4819	    3	 38.3	 33.7	 24.9	  5.1	  7.5	 66.0	0	    0
	    0
	    0
	    0
	    0
	    0
	    0
	    0
	    0
	    0
	    0
	    0
	    0
	    0
	    0
	    0
	    0
	    0
	    0
	    0
	    0
	    0
	    0
	    0
	    0
	    0
	    0
	    0
	    0
	    0
	    0
	    0
 4851	    3	 35.6	 33.2	 24.4	  4.8	 80.3	  9.7	0	    0
	    0
	    0
	    0
	    0
	    0
	    0
	    0
	    0
	    0
	    0
	    0
	    0
	    0
	    0
	    0
	    0
	    0
	    0
	    0
	    0
	    0
	    0
	    0
	    0
	    0
 4877	    5	 42.8	 27.5	 14.1	  9.5	 34.0	 85.5	0	    0
	    0
	    0
	    0
	    0
	    0
	    0
	    0
	    0
	    0
	    0
	    0
 4889	    3	 39.3	 34.1	 25.2	  5.1	 41.8	 31.9	0	    0
	    0
	    0
	    0
	    0
	    0
	    0
 4896	    3	 35.6	 33.2	 24.4	  4.8	 69.2	 16.8	0	    0
	    0
	    0
	    0
	    0
	    0
	    0
	    0
	    0
	    0
	    0
	    0
	    0
	    0
	    0
	    0
 4912	    3	 34.0	 32.3	 23.6	  4.7	 47.1	 41.4	0	    0
	    0
	    0
	    0
	    0
	    0
	    0
	    0
	    0
	    0
 4922	    3	 34.8	 32.9	 24.2	  4.7	 32.1	 15.5	0	    0
	    0
	    0
	    0
	    0
	    0
 4928	    3	 35.2	 33.1	 24.3	  4.7	 82.7	 67.4	0	    0
	    0
	    0
	    0
	    0
	    0
	    0
	    0
	    0
	    0
	    0
	    0
 4940	    3	 35.4	 33.2	 24.4	  4.8	  2.0	  3.4	0	    0
	    0
	    0
	    0
	    0
	    0
	    0
	    0
	    0
	    0
	    0
	    0
	    0
	    0
	    0
	    0
	    0
	    0
	    0
	    0
	    0
	    0
	    0
	    0
	    0
	    0
	    0
	    0
	    0
	    0
	    0
	    0
	    0
	    0
	    0
	    0
	    0
	    0
	    0
	    0
	    0
	    0
	    0
	    0
 4984	    5	 42.3	 27.7	 14.2	  9.4	 15.1	 53.8	0	    0
	    0
 4986	    5	 48.0	 28.3	 14.6	 10.2	 46.8	 83.2	1	    0
	    0
	    0
	    0
	    0
	    0
	    0
	    0
	    0
	    0
	    0
	    0
	    0
	    0
	    0
