Nr	Art	BHD	h	kra	kd	x	y	kenn	mort
	    0
	    0
    3	    5	 54.9	 34.8	 18.3	 10.3	 63.6	 44.7	0	    0
	    0
	    0
	    0
	    0
	    0
	    0
	    0
	    0
	    0
	    0
	    0
	    0
	    0
	    0
	    0
	    0
	    0
	    0
	    0
   23	    3	 42.7	 39.0	 30.0	  5.2	 21.4	 16.0	0	    0
	    0
	    0
	    0
	    0
	    0
	    0
	    0
	    0
	    0
	    0
	    0
	    0
	    0
	    0
	    0
	    0
   40	    5	 60.5	 35.2	 18.6	 11.1	 58.4	 85.1	0	    0
   41	    5	 52.3	 34.6	 18.1	 10.0	 42.2	 81.8	1	    0
	    0
	    0
	    0
	    0
	    0
	    0
	    0
	    0
	    0
	    0
	    0
	    0
	    0
	    0
	    0
	    0
	    0
	    0
	    0
	    0
	    0
	    0
	    0
	    0
	    0
	    0
	    0
	    0
	    0
	    0
	    0
	    0
   74	    3	 44.2	 39.2	 30.2	  5.4	 80.9	 55.1	0	    0
	    0
	    0
	    0
	    0
	    0
	    0
	    0
	    0
	    0
	    0
	    0
	    0
	    0
	    0
	    0
	    0
	    0
	    0
	    0
	    0
	    0
	    0
	    0
	    0
	    0
	    0
	    0
	    0
	    0
	    0
	    0
	    0
	    0
	    0
	    0
	    0
	    0
	    0
	    0
	    0
	    0
	    0
	    0
	    0
	    0
	    0
	    0
  122	    3	 39.3	 38.2	 29.3	  4.9	 50.1	 18.9	0	    0
	    0
	    0
	    0
	    0
	    0
	    0
	    0
	    0
	    0
  132	    5	 56.2	 34.7	 18.2	 10.5	  2.5	 87.9	0	    0
	    0
	    0
	    0
	    0
	    0
	    0
	    0
	    0
  141	    5	 61.3	 35.0	 18.5	 11.2	 13.0	 85.5	0	    0
	    0
	    0
  144	    5	 57.5	 34.8	 18.3	 10.7	 67.9	 48.7	1	    0
	    0
  146	    3	 41.6	 37.7	 28.7	  5.2	  4.5	 29.6	1	    0
	    0
	    0
	    0
	    0
	    0
	    0
	    0
	    0
	    0
	    0
	    0
	    0
	    0
	    0
	    0
	    0
	    0
	    0
	    0
	    0
	    0
	    0
	    0
	    0
	    0
	    0
  173	    3	 40.6	 38.5	 29.5	  5.0	 59.4	 61.4	0	    0
	    0
	    0
	    0
	    0
	    0
	    0
	    0
	    0
	    0
	    0
	    0
	    0
	    0
	    0
	    0
	    0
	    0
	    0
	    0
	    0
	    0
	    0
	    0
	    0
	    0
	    0
	    0
	    0
	    0
	    0
  204	    3	 41.2	 38.6	 29.6	  5.1	 36.6	 51.7	0	    0
	    0
	    0
	    0
	    0
	    0
	    0
	    0
  212	    3	 42.7	 38.7	 29.7	  5.2	 95.7	  9.3	0	    0
	    0
	    0
  215	    5	 58.6	 35.3	 18.6	 10.8	 43.0	 27.6	0	    0
	    0
	    0
	    0
	    0
	    0
	    0
	    0
	    0
	    0
	    0
	    0
	    0
	    0
	    0
	    0
	    0
	    0
	    0
	    0
	    0
	    0
	    0
	    0
	    0
	    0
	    0
	    0
	    0
	    0
	    0
	    0
	    0
	    0
	    0
	    0
  251	    3	 41.2	 38.3	 29.3	  5.1	 72.2	 27.1	0	    0
	    0
	    0
	    0
	    0
	    0
	    0
	    0
	    0
	    0
	    0
	    0
	    0
	    0
	    0
	    0
	    0
	    0
	    0
	    0
	    0
	    0
	    0
	    0
	    0
	    0
	    0
	    0
	    0
	    0
	    0
	    0
	    0
	    0
	    0
	    0
	    0
	    0
	    0
	    0
	    0
	    0
	    0
	    0
	    0
	    0
	    0
	    0
	    0
	    0
	    0
	    0
	    0
	    0
	    0
	    0
	    0
	    0
	    0
	    0
	    0
  312	    3	 41.3	 38.4	 29.4	  5.1	 68.9	 24.0	0	    0
	    0
	    0
	    0
	    0
	    0
	    0
	    0
	    0
	    0
	    0
	    0
	    0
	    0
	    0
	    0
	    0
	    0
	    0
	    0
	    0
	    0
	    0
	    0
	    0
	    0
	    0
	    0
	    0
	    0
	    0
	    0
	    0
	    0
	    0
	    0
	    0
	    0
	    0
	    0
	    0
	    0
	    0
	    0
	    0
	    0
	    0
	    0
	    0
	    0
	    0
	    0
	    0
	    0
	    0
	    0
	    0
	    0
	    0
	    0
	    0
	    0
	    0
	    0
	    0
	    0
	    0
	    0
	    0
	    0
	    0
	    0
	    0
	    0
	    0
	    0
	    0
	    0
	    0
	    0
	    0
	    0
	    0
	    0
	    0
	    0
	    0
	    0
	    0
	    0
	    0
	    0
	    0
	    0
	    0
	    0
	    0
	    0
	    0
	    0
	    0
	    0
	    0
	    0
	    0
	    0
	    0
	    0
	    0
	    0
	    0
	    0
	    0
	    0
	    0
	    0
	    0
	    0
	    0
	    0
	    0
	    0
  434	    3	 42.7	 38.7	 29.7	  5.2	 17.5	 46.9	0	    0
	    0
	    0
	    0
	    0
	    0
	    0
	    0
	    0
	    0
	    0
	    0
	    0
	    0
	    0
	    0
	    0
	    0
	    0
	    0
	    0
	    0
	    0
	    0
	    0
	    0
	    0
	    0
	    0
	    0
	    0
	    0
	    0
	    0
	    0
  469	    3	 42.6	 38.9	 29.9	  5.2	 75.5	 70.3	0	    0
	    0
	    0
	    0
	    0
	    0
	    0
	    0
	    0
	    0
	    0
	    0
	    0
	    0
	    0
	    0
	    0
	    0
	    0
	    0
  489	    5	 54.5	 34.8	 18.2	 10.3	 32.1	 57.3	0	    0
  490	    5	 58.9	 35.6	 18.8	 10.8	 43.8	 32.9	0	    0
	    0
	    0
	    0
	    0
	    0
	    0
  497	    3	 43.9	 39.0	 30.0	  5.3	 38.1	 36.8	0	    0
	    0
	    0
	    0
	    0
	    0
	    0
	    0
	    0
	    0
	    0
	    0
	    0
	    0
	    0
	    0
	    0
  514	    3	 42.7	 38.7	 29.7	  5.2	 50.6	 57.8	0	    0
	    0
	    0
	    0
	    0
	    0
	    0
	    0
	    0
	    0
	    0
	    0
	    0
	    0
	    0
	    0
	    0
	    0
	    0
	    0
	    0
	    0
	    0
	    0
	    0
	    0
	    0
	    0
	    0
	    0
	    0
	    0
	    0
  547	    3	 42.6	 38.5	 29.5	  5.2	 36.6	 77.0	0	    0
	    0
	    0
	    0
	    0
	    0
	    0
	    0
	    0
	    0
	    0
	    0
	    0
	    0
	    0
	    0
	    0
	    0
	    0
	    0
	    0
	    0
	    0
	    0
	    0
	    0
	    0
  574	    5	 55.8	 34.8	 18.3	 10.4	 14.9	 51.1	0	    0
	    0
	    0
	    0
	    0
	    0
	    0
	    0
	    0
	    0
	    0
	    0
	    0
	    0
	    0
	    0
	    0
	    0
	    0
	    0
	    0
	    0
	    0
	    0
	    0
	    0
	    0
	    0
	    0
	    0
	    0
	    0
	    0
	    0
	    0
	    0
	    0
	    0
	    0
	    0
	    0
	    0
  616	    3	 42.4	 38.8	 29.8	  5.2	 50.9	 34.1	0	    0
	    0
	    0
	    0
	    0
	    0
	    0
	    0
  624	    5	 56.9	 34.7	 18.2	 10.6	 52.2	 50.3	0	    0
	    0
	    0
	    0
	    0
	    0
	    0
	    0
	    0
	    0
	    0
	    0
	    0
	    0
	    0
	    0
	    0
	    0
	    0
	    0
	    0
	    0
	    0
	    0
	    0
	    0
	    0
	    0
	    0
	    0
	    0
	    0
	    0
	    0
	    0
	    0
	    0
	    0
  662	    5	 64.8	 35.8	 19.0	 11.6	 86.1	 33.8	0	    0
	    0
	    0
  665	    3	 42.4	 38.9	 29.9	  5.2	 54.5	 96.8	0	    0
	    0
	    0
	    0
	    0
	    0
	    0
	    0
	    0
	    0
	    0
	    0
  677	    5	 49.1	 33.8	 17.6	  9.6	 59.5	  6.5	0	    0
	    0
	    0
	    0
	    0
	    0
	    0
	    0
	    0
	    0
	    0
	    0
	    0
	    0
	    0
	    0
	    0
	    0
	    0
	    0
	    0
	    0
	    0
	    0
	    0
	    0
	    0
	    0
	    0
	    0
	    0
	    0
	    0
	    0
	    0
	    0
	    0
	    0
	    0
	    0
	    0
	    0
	    0
	    0
	    0
	    0
	    0
	    0
	    0
	    0
	    0
	    0
	    0
	    0
	    0
	    0
	    0
	    0
	    0
	    0
	    0
	    0
	    0
	    0
	    0
	    0
	    0
	    0
	    0
	    0
	    0
	    0
	    0
	    0
	    0
	    0
	    0
	    0
	    0
	    0
	    0
	    0
	    0
	    0
	    0
	    0
	    0
	    0
	    0
	    0
	    0
	    0
	    0
	    0
	    0
	    0
	    0
	    0
	    0
	    0
	    0
	    0
	    0
	    0
	    0
	    0
	    0
	    0
	    0
	    0
	    0
	    0
	    0
	    0
	    0
	    0
	    0
	    0
	    0
	    0
	    0
	    0
	    0
	    0
	    0
	    0
	    0
	    0
  805	    5	 56.8	 34.6	 18.2	 10.6	 98.9	 91.3	0	    0
	    0
	    0
	    0
	    0
	    0
	    0
	    0
	    0
	    0
	    0
	    0
	    0
	    0
	    0
	    0
	    0
	    0
	    0
	    0
	    0
	    0
	    0
	    0
	    0
	    0
	    0
	    0
	    0
	    0
	    0
	    0
	    0
	    0
	    0
	    0
	    0
	    0
	    0
	    0
	    0
	    0
	    0
	    0
	    0
	    0
	    0
	    0
	    0
	    0
	    0
	    0
	    0
	    0
	    0
	    0
	    0
	    0
	    0
	    0
	    0
	    0
	    0
	    0
	    0
	    0
	    0
	    0
	    0
	    0
	    0
	    0
	    0
	    0
  879	    3	 41.2	 38.7	 29.7	  5.1	 39.7	 14.7	0	    0
	    0
	    0
	    0
	    0
	    0
	    0
	    0
	    0
	    0
	    0
	    0
	    0
	    0
	    0
	    0
	    0
	    0
	    0
	    0
	    0
	    0
	    0
	    0
	    0
	    0
	    0
	    0
	    0
	    0
	    0
	    0
	    0
	    0
	    0
	    0
	    0
	    0
	    0
	    0
	    0
	    0
	    0
	    0
	    0
	    0
	    0
	    0
	    0
	    0
	    0
	    0
	    0
  932	    5	 58.9	 35.4	 18.6	 10.8	  5.6	 85.0	0	    0
	    0
	    0
	    0
	    0
	    0
	    0
	    0
	    0
	    0
	    0
	    0
	    0
	    0
	    0
	    0
	    0
	    0
	    0
	    0
	    0
	    0
	    0
	    0
	    0
	    0
	    0
	    0
	    0
	    0
	    0
	    0
	    0
	    0
	    0
	    0
	    0
	    0
	    0
	    0
	    0
  973	    3	 43.6	 38.2	 29.2	  5.3	 36.8	 97.4	0	    0
	    0
	    0
	    0
	    0
	    0
	    0
	    0
	    0
	    0
	    0
	    0
	    0
	    0
	    0
	    0
	    0
	    0
	    0
  992	    3	 40.2	 37.8	 28.8	  5.0	 42.6	 23.4	1	    0
	    0
	    0
	    0
	    0
	    0
	    0
  999	    5	 52.0	 33.9	 17.7	 10.0	 71.1	 77.7	0	    0
	    0
	    0
	    0
	    0
	    0
	    0
	    0
	    0
	    0
	    0
	    0
	    0
	    0
	    0
	    0
	    0
	    0
	    0
	    0
	    0
	    0
	    0
	    0
	    0
	    0
	    0
	    0
	    0
	    0
	    0
	    0
	    0
	    0
	    0
	    0
	    0
	    0
	    0
	    0
	    0
	    0
 1041	    3	 42.1	 38.8	 29.8	  5.2	 97.2	  7.1	0	    0
	    0
	    0
	    0
	    0
	    0
	    0
	    0
	    0
	    0
	    0
	    0
	    0
	    0
	    0
	    0
	    0
	    0
	    0
	    0
	    0
	    0
	    0
	    0
	    0
	    0
	    0
	    0
	    0
	    0
	    0
	    0
	    0
	    0
	    0
	    0
	    0
	    0
	    0
	    0
	    0
	    0
	    0
	    0
	    0
	    0
	    0
	    0
	    0
	    0
	    0
	    0
	    0
	    0
	    0
	    0
	    0
	    0
 1099	    3	 43.4	 39.1	 30.1	  5.3	 97.3	 29.2	0	    0
	    0
	    0
	    0
	    0
	    0
	    0
	    0
	    0
	    0
	    0
	    0
	    0
	    0
	    0
	    0
	    0
	    0
	    0
	    0
	    0
	    0
	    0
	    0
	    0
	    0
	    0
	    0
	    0
	    0
	    0
	    0
	    0
	    0
	    0
	    0
 1135	    3	 41.3	 38.4	 29.4	  5.1	 56.9	 93.2	0	    0
	    0
	    0
 1138	    3	 38.5	 37.4	 28.4	  4.9	 27.6	  7.6	0	    0
	    0
	    0
	    0
	    0
	    0
	    0
	    0
	    0
	    0
	    0
	    0
	    0
	    0
	    0
	    0
	    0
	    0
	    0
	    0
	    0
	    0
	    0
	    0
	    0
	    0
	    0
	    0
	    0
	    0
 1168	    5	 60.1	 35.1	 18.5	 11.0	 15.5	 33.3	0	    0
	    0
	    0
	    0
	    0
	    0
	    0
	    0
	    0
	    0
	    0
	    0
	    0
	    0
	    0
	    0
	    0
	    0
	    0
	    0
	    0
	    0
	    0
	    0
	    0
	    0
	    0
	    0
	    0
	    0
	    0
	    0
	    0
	    0
	    0
	    0
	    0
	    0
	    0
	    0
	    0
	    0
	    0
	    0
	    0
	    0
	    0
	    0
	    0
 1217	    3	 40.2	 38.0	 29.1	  5.0	 30.4	 88.5	1	    0
	    0
	    0
	    0
 1221	    5	 47.9	 33.7	 17.5	  9.4	 39.7	 30.4	0	    0
	    0
	    0
	    0
	    0
	    0
	    0
	    0
	    0
	    0
	    0
	    0
	    0
	    0
	    0
	    0
	    0
	    0
	    0
	    0
 1241	    5	 53.9	 34.9	 18.3	 10.2	 58.9	 76.9	0	    0
	    0
	    0
	    0
	    0
	    0
	    0
	    0
	    0
	    0
	    0
	    0
	    0
	    0
 1255	    5	 59.6	 35.6	 18.8	 10.9	 30.4	 12.2	0	    0
	    0
	    0
	    0
	    0
	    0
	    0
	    0
	    0
	    0
	    0
	    0
	    0
	    0
	    0
	    0
	    0
	    0
 1273	    3	 41.4	 38.7	 29.7	  5.1	  7.1	 54.0	0	    0
 1274	    5	 47.7	 34.2	 17.8	  9.4	 58.3	 71.6	1	    0
	    0
	    0
	    0
	    0
	    0
	    0
	    0
	    0
	    0
	    0
	    0
	    0
	    0
	    0
	    0
	    0
	    0
	    0
	    0
	    0
	    0
 1296	    3	 39.4	 38.0	 29.1	  4.9	 94.9	 69.0	0	    0
	    0
	    0
	    0
	    0
	    0
	    0
	    0
	    0
	    0
	    0
	    0
	    0
	    0
	    0
	    0
	    0
	    0
	    0
	    0
	    0
 1317	    3	 39.0	 37.9	 28.9	  4.9	 66.1	 15.4	0	    0
	    0
	    0
	    0
	    0
	    0
	    0
	    0
 1325	    3	 44.0	 39.1	 30.1	  5.3	 35.4	 73.3	0	    0
	    0
	    0
	    0
	    0
	    0
	    0
	    0
 1333	    3	 40.2	 38.4	 29.4	  5.0	  0.2	 10.9	0	    0
	    0
	    0
	    0
	    0
	    0
	    0
	    0
	    0
	    0
	    0
	    0
 1345	    3	 41.7	 38.4	 29.4	  5.1	 50.6	 52.9	0	    0
	    0
	    0
	    0
	    0
	    0
	    0
	    0
	    0
	    0
 1355	    3	 43.7	 38.4	 29.5	  5.3	 78.3	 87.3	0	    0
	    0
	    0
	    0
	    0
	    0
	    0
	    0
	    0
	    0
	    0
	    0
	    0
	    0
	    0
	    0
	    0
	    0
	    0
	    0
	    0
	    0
	    0
	    0
	    0
	    0
	    0
	    0
	    0
	    0
	    0
	    0
	    0
	    0
	    0
	    0
	    0
	    0
	    0
	    0
	    0
	    0
	    0
	    0
	    0
	    0
	    0
	    0
	    0
	    0
	    0
	    0
	    0
	    0
	    0
	    0
	    0
	    0
	    0
	    0
	    0
	    0
	    0
	    0
	    0
	    0
	    0
	    0
	    0
	    0
	    0
 1426	    5	 58.4	 34.9	 18.3	 10.8	 28.8	 50.2	0	    0
	    0
	    0
	    0
	    0
	    0
	    0
	    0
	    0
	    0
	    0
	    0
	    0
	    0
	    0
 1441	    3	 40.1	 37.6	 28.7	  5.0	 78.9	 49.1	0	    0
	    0
	    0
	    0
	    0
 1446	    3	 40.8	 38.1	 29.2	  5.1	 58.6	 91.4	0	    0
	    0
	    0
	    0
	    0
	    0
	    0
	    0
	    0
	    0
	    0
	    0
	    0
	    0
	    0
	    0
	    0
	    0
	    0
	    0
	    0
	    0
	    0
	    0
	    0
	    0
	    0
	    0
	    0
	    0
	    0
	    0
	    0
	    0
	    0
	    0
	    0
	    0
	    0
	    0
	    0
	    0
	    0
	    0
	    0
	    0
	    0
	    0
	    0
	    0
 1496	    3	 41.1	 38.0	 29.0	  5.1	 33.6	 63.6	0	    0
	    0
	    0
	    0
	    0
	    0
	    0
	    0
	    0
 1505	    3	 40.0	 38.4	 29.4	  5.0	 97.2	 44.4	0	    0
	    0
	    0
	    0
	    0
	    0
	    0
	    0
	    0
	    0
	    0
	    0
	    0
	    0
	    0
	    0
	    0
	    0
	    0
	    0
	    0
	    0
	    0
	    0
	    0
 1530	    5	 50.2	 33.9	 17.7	  9.8	 60.6	 43.3	0	    0
	    0
	    0
	    0
	    0
	    0
	    0
	    0
	    0
	    0
	    0
	    0
	    0
	    0
	    0
	    0
	    0
	    0
	    0
	    0
	    0
 1551	    5	 55.5	 34.8	 18.3	 10.4	 19.6	 93.9	0	    0
	    0
	    0
	    0
	    0
 1556	    3	 42.2	 38.8	 29.8	  5.2	 94.1	 59.7	0	    0
	    0
	    0
	    0
	    0
	    0
	    0
	    0
	    0
	    0
	    0
	    0
	    0
	    0
	    0
 1571	    3	 41.5	 38.2	 29.2	  5.1	 80.2	 36.7	0	    0
	    0
	    0
	    0
	    0
	    0
	    0
	    0
	    0
	    0
	    0
	    0
	    0
	    0
	    0
	    0
	    0
	    0
	    0
	    0
	    0
	    0
	    0
	    0
	    0
	    0
	    0
	    0
	    0
	    0
	    0
	    0
	    0
 1604	    3	 41.5	 38.8	 29.8	  5.1	 23.9	 19.3	0	    0
	    0
 1606	    3	 41.3	 38.4	 29.4	  5.1	 50.5	 37.9	0	    0
	    0
	    0
	    0
	    0
	    0
	    0
	    0
	    0
	    0
	    0
	    0
	    0
	    0
	    0
	    0
	    0
	    0
	    0
 1625	    5	 59.1	 35.5	 18.7	 10.8	 60.4	 50.9	1	    0
	    0
	    0
 1628	    5	 56.8	 35.0	 18.4	 10.6	 43.5	 86.1	0	    0
	    0
	    0
	    0
	    0
	    0
	    0
	    0
	    0
	    0
	    0
	    0
	    0
	    0
	    0
	    0
	    0
	    0
	    0
	    0
	    0
	    0
	    0
	    0
	    0
	    0
	    0
	    0
	    0
	    0
	    0
	    0
	    0
	    0
	    0
	    0
	    0
	    0
	    0
	    0
	    0
	    0
	    0
	    0
	    0
	    0
	    0
	    0
	    0
	    0
	    0
 1679	    3	 41.2	 37.2	 28.2	  5.2	 44.8	 32.3	1	    0
	    0
	    0
	    0
	    0
	    0
	    0
	    0
	    0
	    0
	    0
	    0
 1691	    3	 42.7	 39.0	 30.0	  5.2	 27.5	 40.9	0	    0
	    0
	    0
	    0
	    0
	    0
	    0
	    0
 1699	    3	 44.5	 39.3	 30.4	  5.4	 88.7	 43.6	0	    0
	    0
	    0
	    0
	    0
	    0
	    0
	    0
	    0
	    0
	    0
	    0
	    0
	    0
	    0
	    0
	    0
	    0
	    0
	    0
	    0
	    0
	    0
	    0
	    0
	    0
	    0
	    0
	    0
 1728	    3	 40.0	 38.0	 29.0	  5.0	 28.9	 46.4	1	    0
	    0
	    0
	    0
	    0
	    0
	    0
	    0
	    0
	    0
	    0
	    0
	    0
	    0
	    0
	    0
	    0
	    0
	    0
	    0
	    0
	    0
	    0
	    0
	    0
	    0
	    0
	    0
	    0
	    0
	    0
	    0
 1760	    3	 42.9	 38.9	 29.9	  5.2	 65.6	 71.3	0	    0
	    0
	    0
	    0
 1764	    3	 41.4	 38.4	 29.4	  5.1	 24.3	 98.5	0	    0
	    0
	    0
	    0
	    0
	    0
	    0
	    0
	    0
	    0
	    0
	    0
	    0
 1777	    3	 42.2	 38.8	 29.8	  5.2	 65.0	 56.2	0	    0
	    0
	    0
	    0
	    0
	    0
	    0
	    0
	    0
	    0
	    0
	    0
	    0
	    0
	    0
	    0
	    0
	    0
	    0
	    0
	    0
	    0
	    0
	    0
	    0
	    0
	    0
	    0
	    0
	    0
	    0
	    0
	    0
 1810	    5	 48.7	 34.6	 18.0	  9.5	 21.7	 89.6	0	    0
	    0
	    0
	    0
	    0
	    0
	    0
 1817	    5	 63.4	 35.7	 18.9	 11.4	 11.3	 44.1	0	    0
	    0
	    0
	    0
	    0
	    0
	    0
	    0
	    0
	    0
	    0
	    0
	    0
	    0
	    0
	    0
	    0
	    0
	    0
	    0
	    0
	    0
	    0
	    0
	    0
	    0
	    0
	    0
	    0
	    0
	    0
	    0
	    0
	    0
	    0
	    0
	    0
	    0
	    0
	    0
	    0
	    0
	    0
	    0
	    0
	    0
	    0
	    0
	    0
	    0
	    0
	    0
	    0
	    0
	    0
	    0
	    0
	    0
	    0
	    0
 1877	    3	 44.5	 39.1	 30.1	  5.4	 33.5	 52.2	0	    0
	    0
	    0
	    0
	    0
	    0
	    0
	    0
	    0
	    0
	    0
	    0
	    0
	    0
	    0
	    0
	    0
	    0
	    0
	    0
	    0
	    0
	    0
	    0
	    0
	    0
	    0
	    0
	    0
	    0
	    0
	    0
	    0
	    0
	    0
	    0
	    0
	    0
	    0
 1916	    3	 42.8	 38.8	 29.8	  5.2	 66.4	 64.0	0	    0
	    0
	    0
	    0
	    0
	    0
	    0
	    0
	    0
	    0
	    0
	    0
	    0
	    0
	    0
	    0
	    0
	    0
	    0
	    0
	    0
	    0
	    0
	    0
	    0
	    0
	    0
	    0
	    0
	    0
	    0
	    0
	    0
	    0
	    0
	    0
	    0
	    0
 1954	    3	 41.9	 38.6	 29.6	  5.2	 85.9	 60.3	0	    0
	    0
	    0
	    0
	    0
	    0
	    0
	    0
	    0
	    0
	    0
	    0
	    0
	    0
	    0
	    0
	    0
	    0
	    0
	    0
 1974	    3	 40.4	 38.1	 29.1	  5.0	 42.5	 14.2	0	    0
	    0
	    0
 1977	    5	 54.5	 34.3	 17.9	 10.3	 76.5	 17.4	0	    0
	    0
	    0
	    0
	    0
	    0
	    0
	    0
	    0
	    0
	    0
	    0
	    0
 1990	    3	 38.1	 37.8	 28.9	  4.8	 89.3	 94.1	0	    0
	    0
	    0
	    0
	    0
	    0
	    0
	    0
	    0
	    0
	    0
	    0
	    0
	    0
	    0
	    0
	    0
	    0
	    0
	    0
	    0
	    0
	    0
	    0
	    0
	    0
	    0
	    0
	    0
	    0
	    0
	    0
	    0
	    0
	    0
	    0
	    0
	    0
 2028	    3	 41.5	 38.0	 29.0	  5.1	 95.3	 50.7	0	    0
	    0
	    0
	    0
	    0
	    0
	    0
	    0
	    0
	    0
	    0
	    0
	    0
	    0
	    0
	    0
	    0
	    0
	    0
	    0
	    0
	    0
	    0
	    0
	    0
	    0
	    0
	    0
	    0
	    0
	    0
	    0
	    0
	    0
	    0
	    0
 2064	    3	 41.4	 38.7	 29.7	  5.1	 51.6	 24.9	0	    0
	    0
	    0
	    0
	    0
	    0
	    0
	    0
	    0
	    0
	    0
	    0
	    0
	    0
	    0
	    0
	    0
 2081	    3	 42.4	 38.4	 29.4	  5.2	  5.2	 81.8	0	    0
	    0
	    0
	    0
	    0
	    0
	    0
	    0
	    0
	    0
	    0
	    0
	    0
	    0
	    0
	    0
	    0
	    0
	    0
	    0
	    0
	    0
	    0
	    0
	    0
	    0
	    0
	    0
	    0
	    0
	    0
	    0
	    0
	    0
	    0
	    0
	    0
	    0
	    0
	    0
	    0
	    0
	    0
	    0
	    0
	    0
	    0
	    0
	    0
	    0
	    0
	    0
	    0
	    0
	    0
	    0
	    0
	    0
	    0
	    0
	    0
	    0
	    0
	    0
	    0
	    0
	    0
	    0
	    0
	    0
	    0
	    0
	    0
	    0
	    0
	    0
	    0
	    0
	    0
	    0
	    0
	    0
	    0
	    0
	    0
	    0
	    0
 2168	    3	 41.3	 38.4	 29.4	  5.1	 65.9	 57.9	0	    0
	    0
	    0
	    0
	    0
	    0
	    0
	    0
	    0
	    0
	    0
	    0
	    0
	    0
	    0
	    0
	    0
	    0
	    0
	    0
	    0
	    0
	    0
	    0
	    0
	    0
	    0
	    0
	    0
	    0
	    0
	    0
	    0
	    0
	    0
	    0
	    0
	    0
	    0
	    0
	    0
	    0
	    0
	    0
	    0
	    0
	    0
	    0
	    0
	    0
	    0
	    0
	    0
	    0
	    0
	    0
	    0
	    0
	    0
	    0
	    0
	    0
	    0
	    0
	    0
	    0
	    0
	    0
	    0
	    0
	    0
	    0
	    0
	    0
	    0
	    0
	    0
	    0
	    0
	    0
 2248	    5	 64.3	 35.4	 18.7	 11.5	 10.1	 97.6	0	    0
	    0
	    0
	    0
	    0
	    0
	    0
	    0
	    0
	    0
	    0
	    0
	    0
	    0
	    0
	    0
	    0
	    0
	    0
	    0
	    0
	    0
	    0
	    0
	    0
	    0
	    0
	    0
	    0
	    0
	    0
	    0
 2280	    3	 40.2	 38.0	 29.0	  5.0	 22.4	 64.0	0	    0
	    0
	    0
	    0
	    0
	    0
	    0
	    0
	    0
	    0
	    0
	    0
	    0
	    0
	    0
	    0
	    0
	    0
	    0
	    0
	    0
	    0
	    0
	    0
	    0
	    0
	    0
	    0
	    0
	    0
	    0
	    0
	    0
	    0
	    0
	    0
	    0
	    0
	    0
	    0
	    0
	    0
	    0
	    0
	    0
	    0
	    0
	    0
	    0
	    0
	    0
	    0
	    0
	    0
 2334	    3	 42.2	 38.7	 29.7	  5.2	 54.7	 61.9	0	    0
	    0
	    0
	    0
	    0
	    0
	    0
	    0
	    0
	    0
	    0
	    0
	    0
	    0
	    0
	    0
	    0
	    0
	    0
	    0
	    0
	    0
	    0
	    0
	    0
	    0
	    0
	    0
	    0
	    0
	    0
	    0
	    0
	    0
	    0
	    0
	    0
	    0
	    0
	    0
	    0
	    0
	    0
	    0
	    0
	    0
	    0
	    0
	    0
	    0
	    0
	    0
	    0
	    0
	    0
	    0
	    0
	    0
	    0
	    0
	    0
	    0
	    0
	    0
	    0
	    0
	    0
	    0
	    0
	    0
 2404	    5	 58.1	 34.7	 18.3	 10.8	 94.5	 85.9	0	    0
 2405	    5	 56.1	 34.7	 18.2	 10.5	 31.6	 93.0	0	    0
	    0
	    0
	    0
	    0
	    0
	    0
	    0
 2413	    3	 40.2	 38.3	 29.3	  5.0	 88.0	  8.3	0	    0
	    0
	    0
	    0
	    0
	    0
	    0
	    0
	    0
	    0
	    0
	    0
 2425	    3	 40.6	 38.4	 29.4	  5.0	 95.6	 74.0	0	    0
	    0
	    0
	    0
	    0
	    0
	    0
	    0
	    0
	    0
	    0
 2436	    5	 54.2	 34.9	 18.3	 10.2	 71.7	 62.8	0	    0
	    0
	    0
	    0
	    0
	    0
	    0
	    0
	    0
	    0
	    0
	    0
	    0
	    0
	    0
	    0
	    0
	    0
	    0
	    0
	    0
	    0
	    0
	    0
 2460	    3	 40.1	 37.9	 28.9	  5.0	 50.1	 92.2	0	    0
	    0
	    0
 2463	    3	 41.9	 38.7	 29.7	  5.1	 77.3	 21.6	0	    0
	    0
	    0
	    0
	    0
	    0
	    0
	    0
	    0
	    0
	    0
	    0
	    0
 2476	    3	 40.4	 38.3	 29.3	  5.0	 98.2	 22.5	0	    0
	    0
 2478	    5	 59.4	 35.4	 18.7	 10.9	 56.0	 70.4	0	    0
	    0
	    0
	    0
	    0
	    0
 2484	    5	 48.1	 33.7	 17.6	  9.5	 18.3	 70.9	0	    0
	    0
	    0
	    0
	    0
	    0
	    0
	    0
	    0
	    0
	    0
	    0
	    0
	    0
	    0
	    0
	    0
	    0
	    0
	    0
	    0
	    0
	    0
	    0
	    0
	    0
	    0
	    0
	    0
	    0
	    0
	    0
	    0
	    0
	    0
	    0
	    0
	    0
	    0
	    0
	    0
	    0
	    0
	    0
	    0
	    0
	    0
	    0
 2532	    3	 42.9	 39.0	 30.0	  5.2	 92.3	 76.8	0	    0
	    0
	    0
	    0
	    0
	    0
	    0
	    0
	    0
	    0
	    0
	    0
	    0
	    0
	    0
	    0
	    0
	    0
	    0
	    0
	    0
	    0
	    0
	    0
	    0
	    0
	    0
	    0
	    0
	    0
	    0
	    0
	    0
	    0
	    0
	    0
	    0
	    0
	    0
	    0
 2572	    3	 41.4	 36.6	 27.7	  5.2	 50.9	 59.1	0	    0
	    0
	    0
	    0
	    0
	    0
 2578	    3	 43.7	 39.1	 30.1	  5.3	 19.2	 75.6	0	    0
	    0
	    0
	    0
	    0
	    0
	    0
	    0
	    0
	    0
	    0
	    0
	    0
	    0
	    0
	    0
	    0
	    0
	    0
	    0
	    0
	    0
	    0
	    0
	    0
	    0
	    0
	    0
	    0
	    0
	    0
	    0
	    0
	    0
	    0
	    0
	    0
 2615	    3	 41.6	 38.4	 29.4	  5.1	 13.5	 61.0	0	    0
	    0
	    0
	    0
	    0
	    0
 2621	    3	 38.5	 37.4	 28.4	  4.9	  2.5	 52.9	0	    0
	    0
	    0
	    0
	    0
	    0
	    0
	    0
	    0
	    0
	    0
	    0
	    0
	    0
	    0
	    0
	    0
	    0
	    0
	    0
	    0
	    0
 2643	    3	 40.3	 38.2	 29.3	  5.0	 84.6	 95.0	0	    0
	    0
	    0
	    0
	    0
	    0
	    0
	    0
	    0
 2652	    5	 51.0	 34.5	 18.0	  9.8	 19.3	 68.1	0	    0
	    0
	    0
	    0
	    0
	    0
	    0
	    0
	    0
	    0
	    0
	    0
	    0
	    0
	    0
	    0
	    0
	    0
	    0
	    0
	    0
	    0
	    0
	    0
	    0
	    0
	    0
	    0
	    0
	    0
	    0
	    0
	    0
	    0
	    0
	    0
	    0
	    0
	    0
	    0
	    0
	    0
	    0
	    0
	    0
	    0
	    0
	    0
	    0
	    0
	    0
	    0
	    0
	    0
	    0
	    0
	    0
	    0
	    0
	    0
	    0
	    0
	    0
	    0
	    0
	    0
	    0
	    0
	    0
	    0
	    0
	    0
	    0
	    0
	    0
	    0
	    0
	    0
	    0
	    0
	    0
	    0
	    0
	    0
	    0
	    0
	    0
	    0
	    0
	    0
	    0
	    0
	    0
	    0
	    0
	    0
	    0
	    0
	    0
	    0
	    0
	    0
	    0
	    0
	    0
	    0
	    0
	    0
	    0
	    0
	    0
	    0
	    0
	    0
	    0
	    0
	    0
	    0
	    0
	    0
	    0
	    0
	    0
	    0
	    0
	    0
	    0
 2779	    5	 53.7	 34.5	 18.1	 10.2	 50.5	  6.1	1	    0
	    0
	    0
	    0
	    0
	    0
	    0
	    0
	    0
	    0
	    0
	    0
	    0
	    0
	    0
	    0
	    0
	    0
	    0
	    0
	    0
	    0
	    0
	    0
	    0
	    0
	    0
	    0
	    0
	    0
	    0
	    0
	    0
	    0
	    0
	    0
	    0
	    0
	    0
	    0
	    0
	    0
	    0
	    0
	    0
	    0
	    0
	    0
	    0
	    0
 2829	    3	 43.3	 38.9	 29.9	  5.3	 49.5	 55.0	0	    0
	    0
	    0
	    0
	    0
	    0
	    0
	    0
	    0
	    0
	    0
	    0
	    0
	    0
	    0
 2844	    3	 41.0	 38.1	 29.1	  5.1	 16.7	 42.6	0	    0
	    0
	    0
	    0
	    0
	    0
	    0
	    0
	    0
	    0
	    0
	    0
	    0
	    0
	    0
	    0
	    0
	    0
	    0
 2863	    3	 38.1	 38.3	 29.4	  4.8	 58.4	 97.7	0	    0
 2864	    5	 56.5	 34.8	 18.3	 10.5	 80.8	 65.6	0	    0
	    0
	    0
	    0
	    0
	    0
	    0
	    0
	    0
	    0
	    0
	    0
	    0
	    0
	    0
	    0
	    0
	    0
	    0
	    0
	    0
	    0
	    0
	    0
	    0
	    0
	    0
	    0
	    0
	    0
	    0
	    0
	    0
	    0
	    0
	    0
	    0
	    0
	    0
	    0
	    0
	    0
	    0
	    0
	    0
	    0
	    0
	    0
	    0
	    0
	    0
	    0
	    0
	    0
	    0
	    0
	    0
	    0
	    0
	    0
	    0
	    0
	    0
	    0
	    0
	    0
	    0
	    0
	    0
	    0
	    0
	    0
	    0
	    0
	    0
	    0
	    0
	    0
	    0
	    0
	    0
	    0
	    0
	    0
	    0
	    0
	    0
	    0
	    0
	    0
	    0
	    0
	    0
	    0
	    0
	    0
	    0
	    0
 2962	    3	 44.3	 39.2	 30.2	  5.4	 62.2	 90.7	0	    0
	    0
	    0
	    0
	    0
	    0
	    0
	    0
	    0
	    0
	    0
	    0
	    0
	    0
	    0
	    0
	    0
	    0
	    0
	    0
	    0
	    0
	    0
	    0
	    0
	    0
	    0
	    0
	    0
	    0
	    0
	    0
	    0
	    0
	    0
	    0
	    0
	    0
	    0
	    0
	    0
	    0
	    0
	    0
	    0
	    0
	    0
	    0
	    0
	    0
	    0
	    0
	    0
	    0
	    0
	    0
	    0
	    0
	    0
	    0
	    0
 3023	    3	 42.4	 38.0	 29.0	  5.2	 38.3	 84.9	0	    0
	    0
	    0
	    0
	    0
	    0
	    0
	    0
	    0
	    0
	    0
	    0
	    0
	    0
	    0
	    0
	    0
 3040	    5	 49.4	 34.2	 17.9	  9.6	 99.6	 86.3	0	    0
	    0
	    0
	    0
	    0
	    0
	    0
	    0
	    0
	    0
	    0
	    0
	    0
	    0
	    0
	    0
	    0
	    0
	    0
	    0
	    0
	    0
	    0
	    0
	    0
	    0
	    0
	    0
	    0
	    0
	    0
	    0
	    0
	    0
	    0
	    0
	    0
	    0
	    0
	    0
	    0
	    0
	    0
	    0
	    0
	    0
	    0
	    0
	    0
	    0
	    0
	    0
	    0
	    0
	    0
	    0
	    0
	    0
	    0
	    0
	    0
	    0
	    0
	    0
	    0
	    0
	    0
	    0
	    0
	    0
	    0
	    0
	    0
	    0
	    0
	    0
	    0
	    0
	    0
	    0
	    0
	    0
	    0
	    0
	    0
 3125	    5	 55.9	 34.5	 18.1	 10.5	 75.6	 58.1	0	    0
	    0
	    0
	    0
	    0
	    0
	    0
	    0
	    0
	    0
	    0
	    0
	    0
	    0
	    0
	    0
	    0
	    0
	    0
	    0
	    0
	    0
 3147	    3	 43.7	 39.1	 30.1	  5.3	 17.3	 25.0	0	    0
	    0
	    0
	    0
	    0
	    0
	    0
	    0
	    0
	    0
	    0
	    0
	    0
	    0
	    0
	    0
	    0
	    0
	    0
 3166	    3	 41.3	 38.4	 29.4	  5.1	 61.3	  2.4	1	    0
	    0
	    0
	    0
	    0
	    0
	    0
	    0
	    0
	    0
	    0
	    0
	    0
	    0
	    0
	    0
	    0
	    0
	    0
	    0
	    0
	    0
	    0
 3189	    5	 63.5	 35.8	 19.0	 11.4	 70.5	  3.3	0	    0
	    0
	    0
	    0
	    0
	    0
	    0
	    0
	    0
	    0
	    0
 3200	    3	 41.4	 37.9	 28.9	  5.1	 19.9	 96.2	1	    0
	    0
	    0
	    0
	    0
 3205	    3	 42.8	 38.9	 29.9	  5.2	 22.9	 46.8	0	    0
	    0
	    0
	    0
	    0
	    0
	    0
	    0
	    0
	    0
	    0
	    0
	    0
	    0
	    0
	    0
	    0
	    0
	    0
	    0
	    0
	    0
 3227	    5	 59.5	 35.1	 18.5	 10.9	 94.1	 95.0	0	    0
	    0
	    0
	    0
	    0
	    0
	    0
	    0
	    0
	    0
	    0
 3238	    3	 42.9	 38.8	 29.8	  5.2	 65.6	 84.3	0	    0
	    0
	    0
	    0
	    0
	    0
	    0
	    0
	    0
	    0
	    0
	    0
	    0
	    0
	    0
	    0
	    0
	    0
	    0
	    0
	    0
	    0
	    0
	    0
	    0
	    0
	    0
	    0
	    0
	    0
	    0
	    0
	    0
	    0
	    0
	    0
	    0
	    0
	    0
	    0
	    0
 3279	    3	 43.9	 39.1	 30.1	  5.3	 62.8	 10.9	0	    0
	    0
	    0
	    0
	    0
	    0
	    0
	    0
	    0
	    0
	    0
	    0
	    0
	    0
	    0
	    0
	    0
	    0
	    0
	    0
	    0
	    0
	    0
	    0
	    0
	    0
	    0
	    0
	    0
	    0
	    0
	    0
	    0
	    0
	    0
	    0
	    0
 3316	    3	 44.5	 39.3	 30.3	  5.4	 39.1	 57.7	0	    0
	    0
	    0
	    0
	    0
	    0
	    0
	    0
	    0
	    0
	    0
	    0
 3328	    3	 39.8	 38.0	 29.0	  5.0	 89.5	 47.3	0	    0
	    0
	    0
	    0
	    0
	    0
	    0
	    0
	    0
	    0
	    0
	    0
	    0
	    0
	    0
	    0
	    0
	    0
	    0
	    0
	    0
	    0
	    0
	    0
	    0
	    0
	    0
	    0
	    0
	    0
	    0
 3359	    3	 40.4	 38.1	 29.1	  5.0	 96.8	 79.0	0	    0
	    0
	    0
	    0
	    0
	    0
	    0
	    0
	    0
	    0
	    0
	    0
	    0
	    0
	    0
	    0
	    0
	    0
	    0
 3378	    5	 61.5	 35.1	 18.6	 11.2	 46.3	  0.5	0	    0
	    0
	    0
	    0
	    0
	    0
	    0
	    0
	    0
	    0
	    0
	    0
	    0
	    0
	    0
	    0
	    0
	    0
	    0
	    0
	    0
	    0
	    0
	    0
	    0
	    0
	    0
	    0
 3406	    5	 61.9	 35.2	 18.6	 11.2	  1.4	  1.6	0	    0
 3407	    5	 61.5	 35.5	 18.8	 11.2	 54.9	 15.3	0	    0
	    0
 3409	    3	 41.4	 38.1	 29.1	  5.1	 83.8	 12.2	0	    0
	    0
	    0
	    0
	    0
	    0
	    0
	    0
	    0
	    0
	    0
	    0
	    0
	    0
	    0
	    0
	    0
	    0
	    0
	    0
	    0
	    0
	    0
	    0
	    0
	    0
	    0
	    0
	    0
	    0
	    0
	    0
	    0
	    0
	    0
	    0
	    0
	    0
	    0
	    0
	    0
	    0
	    0
	    0
	    0
	    0
	    0
	    0
	    0
	    0
	    0
	    0
	    0
	    0
	    0
	    0
	    0
	    0
	    0
	    0
	    0
	    0
	    0
	    0
	    0
	    0
	    0
	    0
	    0
	    0
	    0
	    0
	    0
	    0
	    0
	    0
	    0
	    0
	    0
	    0
	    0
	    0
	    0
	    0
	    0
	    0
	    0
	    0
	    0
	    0
	    0
	    0
	    0
	    0
	    0
	    0
	    0
	    0
	    0
	    0
	    0
	    0
	    0
	    0
	    0
	    0
	    0
	    0
	    0
	    0
	    0
	    0
	    0
	    0
	    0
	    0
	    0
	    0
	    0
	    0
	    0
	    0
	    0
	    0
	    0
	    0
	    0
	    0
	    0
	    0
	    0
	    0
	    0
	    0
	    0
	    0
	    0
	    0
	    0
	    0
	    0
	    0
	    0
	    0
	    0
	    0
	    0
 3556	    3	 39.4	 37.7	 28.7	  4.9	 35.3	 60.1	0	    0
	    0
	    0
	    0
	    0
	    0
	    0
	    0
	    0
	    0
	    0
	    0
	    0
	    0
	    0
	    0
	    0
	    0
	    0
	    0
	    0
	    0
	    0
	    0
	    0
	    0
	    0
	    0
	    0
 3585	    5	 62.0	 35.2	 18.6	 11.3	 79.7	 97.3	0	    0
	    0
	    0
	    0
	    0
	    0
	    0
	    0
	    0
	    0
	    0
	    0
	    0
	    0
	    0
	    0
 3601	    3	 38.8	 38.1	 29.1	  4.9	 54.3	 24.3	0	    0
	    0
	    0
	    0
	    0
	    0
	    0
	    0
	    0
	    0
	    0
	    0
	    0
	    0
	    0
	    0
	    0
	    0
	    0
	    0
	    0
	    0
	    0
	    0
	    0
	    0
	    0
	    0
	    0
	    0
	    0
	    0
	    0
	    0
	    0
	    0
	    0
	    0
	    0
	    0
	    0
	    0
	    0
	    0
	    0
	    0
	    0
	    0
	    0
	    0
	    0
	    0
	    0
	    0
	    0
	    0
	    0
	    0
	    0
	    0
	    0
	    0
	    0
	    0
	    0
	    0
	    0
	    0
	    0
	    0
	    0
	    0
	    0
	    0
	    0
	    0
	    0
	    0
	    0
	    0
	    0
	    0
	    0
	    0
	    0
	    0
	    0
	    0
	    0
	    0
	    0
	    0
	    0
	    0
	    0
	    0
	    0
	    0
	    0
	    0
	    0
	    0
	    0
	    0
	    0
	    0
	    0
	    0
 3709	    5	 55.0	 34.2	 17.9	 10.4	 70.1	 36.4	0	    0
	    0
	    0
	    0
	    0
	    0
	    0
 3716	    3	 41.6	 38.6	 29.6	  5.1	 95.2	 69.8	0	    0
	    0
	    0
	    0
	    0
	    0
	    0
	    0
	    0
	    0
	    0
 3727	    3	 38.6	 37.1	 28.2	  4.9	 54.5	 34.8	0	    0
	    0
	    0
	    0
	    0
	    0
	    0
	    0
	    0
	    0
	    0
	    0
	    0
	    0
 3741	    3	 41.8	 38.4	 29.4	  5.2	 43.4	 23.6	0	    0
	    0
	    0
	    0
	    0
	    0
	    0
 3748	    3	 40.3	 38.5	 29.5	  5.0	  3.6	 75.2	0	    0
	    0
	    0
	    0
	    0
	    0
	    0
	    0
	    0
	    0
	    0
	    0
	    0
	    0
	    0
	    0
	    0
	    0
	    0
	    0
	    0
	    0
 3770	    3	 42.3	 38.9	 29.9	  5.2	 27.6	 30.0	0	    0
	    0
	    0
	    0
	    0
	    0
	    0
	    0
	    0
	    0
	    0
	    0
	    0
	    0
	    0
	    0
	    0
	    0
	    0
	    0
	    0
	    0
	    0
	    0
	    0
	    0
	    0
	    0
	    0
	    0
	    0
	    0
	    0
	    0
	    0
	    0
	    0
	    0
 3808	    5	 49.2	 33.8	 17.6	  9.6	 86.6	 66.1	1	    0
	    0
	    0
	    0
	    0
	    0
	    0
	    0
	    0
	    0
	    0
	    0
	    0
	    0
	    0
	    0
	    0
	    0
	    0
	    0
	    0
	    0
	    0
	    0
	    0
	    0
	    0
	    0
	    0
	    0
	    0
	    0
	    0
	    0
	    0
	    0
	    0
	    0
	    0
	    0
	    0
	    0
	    0
	    0
	    0
	    0
	    0
	    0
	    0
	    0
	    0
	    0
	    0
	    0
	    0
	    0
	    0
	    0
	    0
	    0
	    0
	    0
	    0
	    0
	    0
	    0
	    0
	    0
	    0
	    0
	    0
	    0
	    0
	    0
	    0
	    0
	    0
	    0
	    0
	    0
	    0
	    0
 3890	    5	 59.7	 34.8	 18.4	 11.0	 29.9	 71.0	0	    0
	    0
	    0
	    0
	    0
	    0
	    0
	    0
	    0
	    0
	    0
	    0
	    0
	    0
	    0
	    0
	    0
	    0
 3908	    5	 56.5	 34.6	 18.2	 10.6	  1.1	 60.6	0	    0
	    0
	    0
	    0
	    0
	    0
	    0
	    0
	    0
	    0
	    0
	    0
	    0
	    0
	    0
	    0
	    0
	    0
	    0
	    0
	    0
	    0
 3930	    3	 41.1	 38.6	 29.6	  5.1	 77.4	 83.5	0	    0
	    0
	    0
	    0
	    0
	    0
	    0
	    0
	    0
	    0
	    0
	    0
	    0
	    0
	    0
	    0
	    0
	    0
	    0
	    0
	    0
	    0
	    0
	    0
	    0
	    0
	    0
	    0
	    0
	    0
	    0
	    0
	    0
	    0
	    0
	    0
	    0
	    0
	    0
	    0
	    0
	    0
	    0
	    0
	    0
 3975	    3	 40.5	 38.4	 29.4	  5.0	  2.6	 67.4	0	    0
	    0
	    0
	    0
	    0
	    0
	    0
	    0
	    0
	    0
	    0
	    0
	    0
	    0
	    0
	    0
	    0
	    0
	    0
	    0
	    0
	    0
	    0
	    0
	    0
	    0
	    0
	    0
 4003	    3	 43.3	 38.9	 29.9	  5.3	 36.8	 69.4	0	    0
	    0
	    0
	    0
 4007	    3	 42.1	 38.4	 29.4	  5.2	 19.0	 65.9	1	    0
	    0
	    0
	    0
	    0
	    0
 4013	    3	 41.0	 37.5	 28.5	  5.1	 47.1	 39.4	0	    0
	    0
	    0
	    0
	    0
	    0
	    0
	    0
	    0
	    0
	    0
	    0
	    0
	    0
	    0
	    0
	    0
	    0
	    0
	    0
	    0
	    0
	    0
	    0
	    0
	    0
	    0
	    0
	    0
	    0
	    0
	    0
	    0
	    0
	    0
	    0
	    0
	    0
	    0
	    0
	    0
	    0
	    0
	    0
	    0
	    0
	    0
	    0
	    0
	    0
 4063	    3	 40.5	 38.2	 29.2	  5.0	 31.2	 46.1	0	    0
	    0
 4065	    5	 53.5	 34.4	 18.0	 10.2	 11.7	 73.2	0	    0
	    0
	    0
	    0
	    0
	    0
	    0
	    0
	    0
	    0
	    0
	    0
 4077	    5	 56.6	 34.9	 18.4	 10.5	  2.3	 25.2	0	    0
	    0
	    0
	    0
	    0
	    0
	    0
	    0
	    0
	    0
	    0
	    0
 4089	    3	 43.4	 39.0	 30.0	  5.3	 65.3	 64.0	1	    0
	    0
 4091	    5	 63.6	 35.7	 18.9	 11.4	 31.5	 81.3	0	    0
	    0
	    0
	    0
	    0
	    0
	    0
	    0
	    0
	    0
	    0
	    0
	    0
	    0
	    0
	    0
	    0
	    0
	    0
 4110	    5	 57.9	 34.6	 18.2	 10.8	 95.6	 16.6	0	    0
	    0
	    0
	    0
	    0
	    0
	    0
	    0
	    0
	    0
	    0
	    0
	    0
 4123	    3	 40.1	 38.1	 29.1	  5.0	 70.8	 18.0	0	    0
	    0
	    0
	    0
	    0
	    0
	    0
	    0
	    0
	    0
	    0
	    0
	    0
	    0
	    0
	    0
	    0
	    0
	    0
	    0
	    0
	    0
	    0
	    0
	    0
	    0
	    0
	    0
	    0
	    0
	    0
	    0
	    0
	    0
	    0
	    0
	    0
	    0
	    0
	    0
	    0
	    0
	    0
	    0
	    0
	    0
	    0
	    0
	    0
	    0
	    0
	    0
	    0
	    0
	    0
	    0
 4179	    3	 42.7	 38.9	 29.9	  5.2	 15.5	 28.3	0	    0
	    0
	    0
	    0
	    0
	    0
	    0
	    0
	    0
	    0
	    0
	    0
	    0
	    0
	    0
	    0
	    0
	    0
	    0
	    0
	    0
 4200	    3	 43.2	 38.9	 29.9	  5.3	 40.7	  8.0	0	    0
	    0
	    0
	    0
	    0
	    0
	    0
	    0
	    0
	    0
	    0
	    0
	    0
	    0
 4214	    3	 40.3	 38.6	 29.6	  5.0	 84.9	 53.0	0	    0
	    0
	    0
	    0
	    0
	    0
	    0
 4221	    5	 50.2	 34.4	 17.9	  9.7	 59.9	  8.2	0	    0
 4222	    3	 42.4	 39.1	 30.1	  5.2	 19.6	  7.9	0	    0
 4223	    3	 44.5	 38.3	 29.3	  5.4	 84.6	 60.2	0	    0
	    0
	    0
	    0
	    0
	    0
	    0
	    0
	    0
	    0
	    0
	    0
	    0
	    0
	    0
	    0
 4239	    3	 40.3	 38.1	 29.1	  5.0	 16.6	 41.0	1	    0
	    0
	    0
	    0
	    0
	    0
 4245	    5	 60.1	 35.4	 18.7	 11.0	 19.3	 87.6	0	    0
	    0
	    0
	    0
	    0
	    0
	    0
 4252	    3	 40.0	 37.9	 28.9	  5.0	 49.6	 87.2	0	    0
	    0
	    0
 4255	    3	 40.0	 38.2	 29.2	  5.0	 91.3	 81.2	0	    0
	    0
	    0
	    0
	    0
	    0
	    0
	    0
	    0
	    0
	    0
	    0
	    0
	    0
	    0
 4270	    5	 63.2	 35.7	 18.9	 11.4	 85.9	 73.1	0	    0
	    0
	    0
	    0
	    0
	    0
	    0
	    0
	    0
	    0
	    0
	    0
	    0
	    0
	    0
	    0
	    0
	    0
	    0
	    0
	    0
	    0
	    0
	    0
	    0
	    0
	    0
	    0
	    0
	    0
	    0
	    0
	    0
	    0
	    0
	    0
	    0
	    0
	    0
	    0
	    0
	    0
	    0
	    0
	    0
	    0
	    0
	    0
	    0
	    0
	    0
	    0
	    0
	    0
	    0
	    0
	    0
	    0
	    0
	    0
	    0
	    0
	    0
	    0
 4334	    3	 39.8	 37.9	 29.0	  5.0	 12.2	  0.9	0	    0
	    0
	    0
	    0
	    0
	    0
	    0
	    0
	    0
	    0
	    0
	    0
	    0
	    0
	    0
	    0
	    0
	    0
	    0
	    0
	    0
	    0
	    0
	    0
	    0
	    0
	    0
	    0
	    0
	    0
	    0
	    0
	    0
	    0
	    0
	    0
	    0
	    0
	    0
	    0
	    0
	    0
	    0
	    0
	    0
	    0
	    0
	    0
	    0
	    0
	    0
	    0
	    0
	    0
	    0
	    0
	    0
	    0
	    0
	    0
	    0
	    0
	    0
	    0
	    0
	    0
	    0
	    0
	    0
	    0
	    0
	    0
	    0
	    0
	    0
	    0
	    0
	    0
	    0
	    0
	    0
	    0
	    0
	    0
	    0
	    0
 4420	    3	 44.3	 39.3	 30.3	  5.4	 41.3	 97.8	0	    0
	    0
 4422	    3	 44.8	 39.4	 30.4	  5.4	 13.7	  8.0	0	    0
	    0
 4424	    5	 46.4	 33.5	 17.4	  9.3	  7.9	  7.7	1	    0
	    0
	    0
	    0
	    0
	    0
	    0
	    0
	    0
	    0
	    0
	    0
	    0
	    0
	    0
	    0
	    0
	    0
	    0
	    0
	    0
	    0
	    0
	    0
	    0
	    0
	    0
	    0
	    0
	    0
	    0
	    0
	    0
	    0
	    0
	    0
	    0
 4461	    3	 41.0	 38.2	 29.2	  5.1	 33.9	 46.4	0	    0
	    0
	    0
	    0
	    0
	    0
	    0
	    0
	    0
	    0
	    0
	    0
	    0
	    0
	    0
	    0
	    0
	    0
	    0
	    0
	    0
	    0
	    0
	    0
	    0
	    0
	    0
	    0
	    0
	    0
	    0
	    0
	    0
	    0
	    0
	    0
	    0
	    0
	    0
	    0
	    0
	    0
	    0
	    0
	    0
	    0
	    0
	    0
	    0
	    0
	    0
	    0
	    0
	    0
	    0
	    0
	    0
	    0
	    0
 4520	    3	 42.8	 38.8	 29.8	  5.2	 75.3	 48.1	0	    0
	    0
 4522	    3	 43.9	 39.3	 30.3	  5.3	 57.2	 26.5	0	    0
	    0
	    0
	    0
	    0
	    0
	    0
	    0
	    0
	    0
	    0
	    0
	    0
	    0
	    0
	    0
	    0
	    0
	    0
	    0
	    0
	    0
	    0
	    0
	    0
	    0
	    0
	    0
	    0
	    0
	    0
	    0
	    0
	    0
	    0
	    0
	    0
	    0
	    0
	    0
	    0
	    0
	    0
 4565	    3	 43.6	 38.9	 29.9	  5.3	 56.4	 47.5	0	    0
 4566	    3	 42.8	 38.3	 29.3	  5.3	 98.3	 82.8	0	    0
	    0
	    0
	    0
	    0
	    0
	    0
	    0
	    0
	    0
	    0
	    0
	    0
	    0
	    0
	    0
	    0
	    0
	    0
	    0
	    0
	    0
	    0
	    0
	    0
	    0
	    0
 4593	    3	 40.8	 38.1	 29.1	  5.1	 69.6	 76.9	1	    0
	    0
	    0
	    0
	    0
	    0
	    0
	    0
	    0
	    0
	    0
	    0
	    0
	    0
	    0
	    0
	    0
	    0
	    0
	    0
	    0
	    0
	    0
	    0
	    0
	    0
	    0
	    0
	    0
 4622	    3	 42.5	 38.8	 29.8	  5.2	  3.6	 78.3	0	    0
	    0
	    0
	    0
	    0
	    0
	    0
	    0
	    0
	    0
	    0
	    0
	    0
	    0
	    0
	    0
	    0
	    0
	    0
	    0
 4642	    3	 42.0	 38.8	 29.8	  5.1	  5.4	 76.9	0	    0
	    0
	    0
	    0
	    0
	    0
	    0
	    0
	    0
	    0
	    0
	    0
	    0
 4655	    3	 42.4	 38.3	 29.3	  5.2	  5.3	 89.9	0	    0
	    0
	    0
	    0
	    0
	    0
 4661	    3	 42.2	 38.9	 29.9	  5.2	 33.6	 21.0	0	    0
	    0
	    0
	    0
	    0
	    0
	    0
	    0
 4669	    5	 49.3	 33.9	 17.7	  9.6	 82.8	 13.4	1	    0
	    0
	    0
	    0
	    0
	    0
	    0
	    0
	    0
	    0
	    0
	    0
	    0
	    0
 4683	    3	 41.1	 38.5	 29.5	  5.1	 87.1	 23.4	0	    0
	    0
	    0
	    0
	    0
	    0
	    0
	    0
	    0
	    0
	    0
	    0
	    0
	    0
	    0
	    0
	    0
	    0
	    0
	    0
	    0
	    0
	    0
	    0
	    0
	    0
	    0
	    0
	    0
	    0
	    0
	    0
	    0
	    0
	    0
	    0
	    0
	    0
	    0
	    0
	    0
	    0
 4725	    3	 41.9	 38.4	 29.4	  5.2	 89.7	 69.7	1	    0
	    0
	    0
	    0
	    0
	    0
	    0
	    0
	    0
	    0
	    0
	    0
	    0
	    0
	    0
	    0
	    0
	    0
	    0
	    0
	    0
	    0
	    0
	    0
	    0
	    0
	    0
	    0
	    0
	    0
	    0
 4756	    3	 39.4	 37.7	 28.8	  4.9	 99.5	 22.2	0	    0
	    0
	    0
	    0
	    0
	    0
	    0
	    0
	    0
	    0
	    0
	    0
	    0
	    0
	    0
	    0
	    0
	    0
	    0
	    0
	    0
	    0
	    0
	    0
	    0
	    0
	    0
	    0
	    0
	    0
	    0
	    0
	    0
 4789	    5	 52.7	 34.4	 18.0	 10.1	  7.9	  5.4	0	    0
	    0
	    0
	    0
	    0
	    0
	    0
	    0
	    0
	    0
	    0
	    0
	    0
	    0
	    0
	    0
	    0
	    0
	    0
	    0
	    0
	    0
	    0
	    0
	    0
	    0
	    0
	    0
	    0
	    0
	    0
	    0
	    0
	    0
	    0
	    0
	    0
	    0
	    0
	    0
	    0
	    0
	    0
	    0
	    0
	    0
	    0
	    0
	    0
	    0
	    0
	    0
	    0
	    0
	    0
	    0
	    0
	    0
	    0
	    0
	    0
	    0
	    0
	    0
	    0
	    0
	    0
	    0
	    0
	    0
	    0
	    0
	    0
	    0
	    0
	    0
 4865	    5	 60.7	 35.6	 18.8	 11.0	 42.1	 75.9	0	    0
	    0
 4867	    3	 40.9	 38.4	 29.4	  5.1	 36.2	 34.6	0	    0
	    0
	    0
	    0
	    0
	    0
	    0
	    0
	    0
	    0
	    0
	    0
	    0
	    0
	    0
	    0
 4883	    3	 42.0	 39.0	 30.0	  5.1	 99.5	 44.5	0	    0
	    0
	    0
	    0
	    0
	    0
	    0
	    0
	    0
	    0
	    0
	    0
	    0
	    0
	    0
	    0
	    0
	    0
	    0
	    0
 4903	    5	 51.6	 34.4	 18.0	  9.9	 39.4	 86.3	0	    0
	    0
	    0
 4906	    5	 57.4	 34.9	 18.4	 10.7	  3.2	 30.6	0	    0
	    0
	    0
	    0
	    0
	    0
	    0
	    0
	    0
 4915	    3	 40.0	 37.2	 28.2	  5.0	 13.6	 62.8	0	    0
	    0
	    0
	    0
	    0
	    0
	    0
	    0
	    0
	    0
	    0
	    0
	    0
	    0
	    0
	    0
	    0
	    0
	    0
	    0
	    0
	    0
	    0
	    0
	    0
	    0
	    0
	    0
	    0
	    0
	    0
	    0
	    0
	    0
	    0
	    0
	    0
	    0
	    0
	    0
	    0
	    0
	    0
	    0
	    0
	    0
	    0
	    0
	    0
	    0
	    0
	    0
	    0
	    0
	    0
	    0
	    0
	    0
	    0
	    0
	    0
	    0
	    0
	    0
 4979	    5	 58.1	 34.9	 18.4	 10.8	 75.5	 35.6	0	    0
 4980	    5	 63.2	 35.3	 18.7	 11.4	 48.1	 69.2	0	    0
	    0
	    0
	    0
	    0
	    0
	    0
	    0
	    0
	    0
	    0
	    0
	    0
	    0
	    0
	    0
	    0
	    0
	    0
 4999	    3	 42.0	 38.8	 29.8	  5.1	 86.2	  2.2	0	    0
	    0
