Nr	Art	BHD	h	kra	kd	x	y	kenn	mort
	    0
	    0
	    0
	    0
	    0
	    0
	    0
	    0
	    0
	    0
	    0
	    0
	    0
	    0
	    0
	    0
	    0
	    0
	    0
	    0
	    0
	    0
	    0
	    0
	    0
	    0
	    0
	    0
	    0
	    0
	    0
	    0
	    0
	    0
	    0
	    0
	    0
   38	    5	 39.5	 27.4	 14.0	  8.9	 37.6	 65.9	0	    0
	    0
	    0
	    0
	    0
	    0
	    0
	    0
	    0
	    0
	    0
	    0
	    0
	    0
	    0
   53	    5	 34.2	 26.7	 13.6	  8.1	  3.9	 70.9	0	    0
	    0
	    0
	    0
   57	    5	 40.0	 27.1	 13.8	  9.1	 59.2	 23.3	0	    0
   58	    5	 40.2	 27.4	 14.0	  9.0	 99.3	 84.3	0	    0
	    0
	    0
	    0
	    0
	    0
	    0
	    0
	    0
	    0
	    0
	    0
	    0
	    0
	    0
	    0
	    0
	    0
	    0
	    0
	    0
	    0
	    0
	    0
	    0
	    0
	    0
	    0
	    0
	    0
	    0
	    0
	    0
	    0
	    0
	    0
   94	    5	 41.7	 27.3	 13.9	  9.3	 27.9	 95.9	0	    0
	    0
	    0
	    0
   98	    3	 34.5	 32.5	 23.8	  4.7	 76.5	 38.7	0	    0
	    0
	    0
	    0
	    0
	    0
	    0
	    0
	    0
	    0
  108	    5	 38.5	 27.1	 13.8	  8.8	 69.7	 32.3	1	    0
	    0
	    0
	    0
	    0
	    0
	    0
	    0
	    0
	    0
	    0
	    0
	    0
	    0
	    0
	    0
	    0
  125	    5	 48.4	 28.1	 14.4	 10.3	 32.2	 81.9	0	    0
	    0
	    0
	    0
	    0
	    0
	    0
	    0
	    0
	    0
	    0
	    0
	    0
	    0
	    0
	    0
	    0
	    0
	    0
	    0
	    0
	    0
	    0
	    0
	    0
	    0
	    0
	    0
	    0
	    0
	    0
	    0
  157	    5	 40.8	 27.7	 14.1	  9.1	 56.9	 17.5	0	    0
	    0
	    0
	    0
	    0
	    0
	    0
	    0
	    0
	    0
	    0
	    0
  169	    5	 32.2	 25.8	 13.1	  7.8	 25.4	 70.8	0	    0
	    0
  171	    3	 36.1	 33.3	 24.5	  4.8	  0.7	 40.5	0	    0
	    0
	    0
	    0
  175	    5	 42.3	 27.8	 14.2	  9.3	  5.7	 92.4	0	    0
	    0
	    0
	    0
	    0
	    0
	    0
	    0
	    0
	    0
	    0
	    0
	    0
	    0
	    0
	    0
  191	    5	 35.1	 26.6	 13.5	  8.3	 39.9	 11.4	0	    0
	    0
  193	    5	 37.0	 27.0	 13.8	  8.5	 77.7	 82.1	0	    0
	    0
  195	    5	 45.9	 28.2	 14.5	  9.9	 47.8	 60.3	0	    0
	    0
	    0
	    0
	    0
	    0
	    0
	    0
  203	    5	 43.6	 27.6	 14.2	  9.6	 57.3	 60.6	0	    0
	    0
	    0
	    0
	    0
	    0
	    0
	    0
	    0
	    0
	    0
	    0
  215	    5	 45.1	 27.9	 14.3	  9.8	 43.0	 27.6	0	    0
	    0
	    0
	    0
	    0
	    0
  221	    5	 41.2	 27.4	 14.0	  9.2	 33.1	 20.2	0	    0
	    0
	    0
	    0
	    0
	    0
	    0
	    0
	    0
	    0
	    0
	    0
	    0
	    0
	    0
	    0
	    0
	    0
	    0
	    0
	    0
	    0
	    0
	    0
  245	    5	 42.9	 27.7	 14.2	  9.5	  0.8	 93.8	0	    0
	    0
  247	    5	 38.3	 27.2	 13.9	  8.7	  6.4	 69.8	0	    0
	    0
	    0
  250	    5	 43.4	 27.7	 14.2	  9.5	 98.3	 98.4	0	    0
	    0
	    0
	    0
	    0
  255	    5	 39.6	 27.1	 13.8	  9.0	  5.1	 26.1	0	    0
	    0
	    0
	    0
	    0
	    0
	    0
	    0
	    0
	    0
	    0
	    0
	    0
	    0
	    0
	    0
	    0
	    0
	    0
	    0
	    0
	    0
	    0
  278	    5	 43.7	 27.8	 14.2	  9.6	 51.1	 77.7	0	    0
	    0
	    0
	    0
	    0
	    0
	    0
	    0
	    0
	    0
	    0
	    0
	    0
	    0
	    0
	    0
	    0
	    0
	    0
	    0
	    0
	    0
	    0
	    0
	    0
	    0
	    0
	    0
	    0
	    0
	    0
	    0
	    0
	    0
  312	    3	 34.2	 32.7	 24.0	  4.6	 68.9	 24.0	0	    0
	    0
	    0
	    0
	    0
  317	    5	 33.3	 26.1	 13.3	  8.0	 87.9	 19.7	0	    0
	    0
	    0
	    0
	    0
	    0
	    0
	    0
	    0
	    0
	    0
	    0
	    0
	    0
	    0
	    0
	    0
	    0
	    0
	    0
	    0
	    0
	    0
	    0
	    0
	    0
	    0
	    0
	    0
	    0
	    0
	    0
	    0
	    0
	    0
  352	    5	 34.2	 26.5	 13.5	  8.1	 52.0	 49.0	0	    0
  353	    3	 33.9	 32.9	 24.2	  4.6	 68.7	 49.5	0	    0
	    0
	    0
	    0
	    0
	    0
	    0
	    0
	    0
	    0
	    0
	    0
	    0
  366	    5	 43.9	 28.2	 14.5	  9.5	 79.8	 78.9	0	    0
	    0
	    0
  369	    3	 34.8	 32.9	 24.2	  4.7	 19.9	 35.9	1	    0
	    0
	    0
	    0
	    0
	    0
	    0
	    0
	    0
  378	    5	 34.0	 26.4	 13.4	  8.1	 31.4	  4.5	0	    0
	    0
  380	    3	 34.8	 32.8	 24.1	  4.7	  1.1	  8.7	0	    0
  381	    5	 36.8	 26.6	 13.6	  8.6	 39.3	 88.3	1	    0
	    0
	    0
	    0
	    0
	    0
	    0
	    0
  389	    5	 39.2	 27.4	 14.0	  8.9	 69.8	 70.1	0	    0
	    0
	    0
	    0
	    0
	    0
	    0
	    0
	    0
	    0
	    0
	    0
	    0
	    0
	    0
	    0
  405	    5	 41.5	 27.2	 13.9	  9.3	 28.5	 11.7	0	    0
	    0
	    0
  408	    5	 35.4	 26.6	 13.6	  8.3	 17.5	 49.6	0	    0
	    0
	    0
	    0
	    0
	    0
	    0
	    0
	    0
	    0
	    0
	    0
	    0
	    0
  422	    5	 36.7	 26.6	 13.6	  8.6	 77.7	  9.1	0	    0
	    0
	    0
	    0
	    0
	    0
	    0
	    0
	    0
  431	    5	 43.2	 27.5	 14.1	  9.5	  2.6	 36.9	0	    0
	    0
	    0
	    0
	    0
	    0
	    0
	    0
	    0
	    0
	    0
	    0
	    0
	    0
	    0
	    0
	    0
	    0
  449	    5	 42.6	 27.4	 14.0	  9.5	 53.8	  5.7	0	    0
	    0
	    0
	    0
	    0
	    0
	    0
  456	    5	 45.7	 28.4	 14.6	  9.8	 59.9	 45.2	0	    0
  457	    5	 37.5	 26.9	 13.7	  8.6	  0.5	  5.1	0	    0
	    0
	    0
  460	    3	 34.1	 32.6	 23.9	  4.7	 89.0	 47.2	0	    0
	    0
	    0
	    0
	    0
	    0
	    0
	    0
	    0
	    0
	    0
	    0
	    0
	    0
	    0
	    0
	    0
	    0
	    0
	    0
	    0
	    0
  482	    3	 35.9	 33.1	 24.3	  4.8	 85.7	 40.3	0	    0
	    0
	    0
	    0
	    0
	    0
	    0
	    0
	    0
	    0
	    0
	    0
	    0
	    0
	    0
	    0
	    0
	    0
	    0
	    0
	    0
	    0
	    0
	    0
  506	    5	 36.4	 27.0	 13.7	  8.5	 36.5	 57.6	0	    0
	    0
	    0
	    0
	    0
	    0
	    0
	    0
	    0
  515	    5	 40.6	 27.6	 14.1	  9.1	 75.5	 15.1	0	    0
	    0
	    0
	    0
	    0
	    0
	    0
	    0
	    0
	    0
	    0
	    0
	    0
	    0
	    0
	    0
	    0
	    0
	    0
	    0
	    0
	    0
	    0
  538	    3	 36.9	 33.3	 24.5	  4.9	 74.3	 78.4	0	    0
	    0
	    0
	    0
	    0
	    0
	    0
	    0
	    0
	    0
	    0
	    0
	    0
	    0
	    0
	    0
	    0
	    0
	    0
	    0
	    0
	    0
	    0
	    0
	    0
	    0
	    0
	    0
	    0
	    0
	    0
	    0
	    0
	    0
	    0
	    0
	    0
	    0
	    0
	    0
	    0
	    0
	    0
	    0
  582	    5	 48.5	 28.5	 14.7	 10.3	 13.6	 97.1	0	    0
	    0
	    0
	    0
	    0
	    0
	    0
	    0
	    0
	    0
  592	    5	 34.9	 26.5	 13.5	  8.3	 98.5	 51.2	0	    0
	    0
	    0
  595	    5	 43.2	 27.9	 14.3	  9.5	 69.5	 93.0	0	    0
	    0
	    0
	    0
	    0
	    0
  601	    5	 44.7	 27.9	 14.3	  9.7	 70.9	 13.8	0	    0
	    0
	    0
	    0
	    0
	    0
	    0
	    0
	    0
	    0
	    0
	    0
	    0
  614	    5	 41.1	 27.4	 14.0	  9.2	 74.4	 27.8	0	    0
	    0
	    0
	    0
	    0
	    0
	    0
	    0
	    0
	    0
	    0
	    0
	    0
	    0
	    0
	    0
	    0
	    0
	    0
	    0
	    0
	    0
	    0
	    0
	    0
	    0
	    0
	    0
	    0
	    0
	    0
	    0
	    0
	    0
	    0
  649	    5	 44.2	 28.1	 14.4	  9.6	 62.8	 49.7	0	    0
	    0
	    0
	    0
	    0
	    0
	    0
	    0
	    0
  658	    5	 43.4	 27.7	 14.2	  9.5	 20.2	 58.3	1	    0
	    0
	    0
	    0
	    0
	    0
	    0
	    0
	    0
	    0
	    0
	    0
	    0
	    0
	    0
	    0
	    0
	    0
	    0
	    0
	    0
	    0
	    0
  681	    5	 34.6	 26.9	 13.7	  8.2	 64.0	 46.2	0	    0
	    0
	    0
  684	    5	 33.1	 26.1	 13.3	  8.0	 57.7	 82.6	1	    0
	    0
	    0
	    0
	    0
	    0
	    0
	    0
	    0
	    0
	    0
	    0
  696	    5	 37.6	 26.2	 13.3	  8.8	 26.6	 60.7	0	    0
	    0
	    0
	    0
	    0
	    0
	    0
	    0
	    0
	    0
	    0
	    0
	    0
	    0
	    0
	    0
	    0
	    0
	    0
	    0
	    0
	    0
	    0
	    0
	    0
	    0
	    0
	    0
	    0
	    0
	    0
	    0
	    0
	    0
	    0
	    0
	    0
	    0
	    0
	    0
	    0
	    0
	    0
	    0
	    0
	    0
	    0
	    0
	    0
	    0
	    0
	    0
	    0
	    0
	    0
	    0
	    0
	    0
	    0
	    0
	    0
	    0
	    0
	    0
	    0
	    0
	    0
	    0
	    0
	    0
	    0
	    0
	    0
	    0
  770	    5	 38.2	 27.0	 13.8	  8.8	 84.7	 27.3	0	    0
	    0
	    0
	    0
	    0
	    0
  776	    5	 33.6	 26.1	 13.2	  8.1	 76.0	 12.1	0	    0
	    0
	    0
	    0
	    0
	    0
	    0
	    0
	    0
	    0
	    0
	    0
  788	    5	 44.0	 27.6	 14.1	  9.7	 29.1	 26.4	0	    0
	    0
	    0
	    0
	    0
	    0
	    0
	    0
	    0
	    0
  798	    5	 43.5	 27.6	 14.1	  9.6	  7.5	 21.2	0	    0
	    0
	    0
	    0
	    0
	    0
	    0
	    0
	    0
	    0
	    0
	    0
	    0
	    0
  812	    5	 36.3	 26.7	 13.6	  8.5	 39.1	 84.1	0	    0
	    0
	    0
	    0
	    0
	    0
  818	    5	 35.6	 26.6	 13.5	  8.4	  1.8	 72.8	0	    0
	    0
	    0
	    0
	    0
	    0
	    0
	    0
	    0
	    0
	    0
	    0
	    0
	    0
	    0
	    0
	    0
	    0
	    0
	    0
	    0
	    0
  840	    5	 34.7	 26.3	 13.4	  8.2	 48.7	 23.5	0	    0
	    0
	    0
	    0
	    0
	    0
	    0
  847	    3	 34.1	 32.4	 23.7	  4.7	 70.9	 19.8	0	    0
	    0
	    0
	    0
	    0
	    0
  853	    5	 38.9	 27.0	 13.7	  8.9	 90.5	 70.1	0	    0
  854	    5	 43.6	 27.9	 14.3	  9.6	 89.4	 13.2	1	    0
	    0
  856	    3	 37.1	 33.6	 24.7	  4.9	 38.1	 32.8	0	    0
	    0
	    0
	    0
	    0
	    0
	    0
	    0
	    0
	    0
	    0
	    0
	    0
	    0
	    0
	    0
  872	    5	 33.2	 26.2	 13.3	  8.0	 88.0	 18.2	0	    0
	    0
	    0
	    0
	    0
	    0
	    0
	    0
	    0
	    0
	    0
	    0
	    0
	    0
	    0
	    0
	    0
	    0
	    0
	    0
  892	    5	 33.6	 26.2	 13.3	  8.1	 59.9	 73.3	0	    0
	    0
	    0
	    0
	    0
	    0
	    0
	    0
	    0
	    0
	    0
	    0
	    0
	    0
	    0
	    0
	    0
	    0
	    0
	    0
	    0
	    0
	    0
	    0
	    0
	    0
	    0
	    0
	    0
	    0
	    0
	    0
	    0
	    0
	    0
	    0
	    0
	    0
	    0
	    0
  932	    5	 39.6	 27.1	 13.8	  9.0	  5.6	 85.0	0	    0
	    0
	    0
	    0
	    0
	    0
	    0
	    0
  940	    3	 35.4	 32.9	 24.1	  4.8	 11.9	 74.9	1	    0
	    0
	    0
	    0
	    0
	    0
	    0
	    0
	    0
	    0
	    0
	    0
	    0
	    0
	    0
	    0
	    0
	    0
	    0
	    0
	    0
	    0
	    0
	    0
	    0
  965	    5	 40.7	 27.3	 13.9	  9.2	 21.8	 16.6	0	    0
	    0
	    0
	    0
	    0
	    0
	    0
	    0
	    0
	    0
	    0
	    0
	    0
	    0
	    0
	    0
	    0
	    0
	    0
  984	    3	 34.3	 32.5	 23.8	  4.7	 30.3	 24.4	1	    0
	    0
	    0
	    0
  988	    5	 37.4	 26.9	 13.7	  8.6	 37.0	 85.2	0	    0
	    0
	    0
  991	    5	 43.6	 27.7	 14.2	  9.6	 42.3	 61.5	0	    0
	    0
	    0
	    0
	    0
  996	    5	 42.6	 27.3	 14.0	  9.5	 98.4	  8.9	0	    0
	    0
  998	    3	 35.7	 33.2	 24.4	  4.8	  4.0	 64.6	0	    0
	    0
	    0
	    0
	    0
	    0
	    0
	    0
	    0
	    0
	    0
	    0
	    0
	    0
	    0
 1013	    5	 39.8	 27.4	 14.0	  9.0	 33.9	 41.0	0	    0
	    0
	    0
	    0
	    0
	    0
	    0
	    0
 1021	    5	 38.3	 27.2	 13.9	  8.8	 92.5	 16.2	0	    0
	    0
	    0
 1024	    5	 34.2	 26.4	 13.4	  8.1	 96.3	 52.1	0	    0
	    0
	    0
	    0
	    0
	    0
	    0
 1031	    5	 35.1	 26.5	 13.5	  8.3	 47.5	 34.1	0	    0
	    0
	    0
	    0
 1035	    3	 36.6	 33.4	 24.6	  4.9	 19.0	 79.1	0	    0
	    0
	    0
	    0
	    0
	    0
	    0
	    0
	    0
	    0
	    0
	    0
	    0
	    0
	    0
	    0
	    0
	    0
 1053	    5	 39.4	 27.1	 13.8	  9.0	 62.3	 63.3	0	    0
	    0
	    0
	    0
	    0
	    0
 1059	    5	 35.0	 26.6	 13.6	  8.3	 66.6	 71.6	0	    0
	    0
	    0
	    0
	    0
 1064	    5	 41.8	 27.9	 14.3	  9.3	 31.1	  2.5	0	    0
	    0
	    0
	    0
	    0
	    0
	    0
	    0
	    0
	    0
	    0
	    0
	    0
	    0
	    0
	    0
	    0
	    0
	    0
	    0
	    0
	    0
	    0
	    0
	    0
	    0
	    0
	    0
	    0
	    0
	    0
	    0
	    0
 1097	    5	 41.0	 27.5	 14.1	  9.2	 84.7	 21.8	0	    0
	    0
	    0
	    0
	    0
	    0
	    0
	    0
	    0
	    0
	    0
	    0
	    0
 1110	    5	 39.2	 27.6	 14.1	  8.9	 25.5	 71.7	0	    0
	    0
	    0
	    0
	    0
	    0
	    0
 1117	    5	 32.3	 26.1	 13.3	  7.8	 43.3	 47.4	0	    0
	    0
	    0
	    0
	    0
	    0
	    0
	    0
 1125	    5	 44.3	 28.1	 14.4	  9.6	 68.7	 43.6	0	    0
	    0
	    0
	    0
	    0
	    0
	    0
	    0
	    0
	    0
	    0
	    0
	    0
	    0
	    0
	    0
	    0
	    0
	    0
	    0
	    0
	    0
	    0
	    0
	    0
	    0
	    0
	    0
	    0
	    0
	    0
	    0
	    0
	    0
	    0
	    0
	    0
	    0
	    0
	    0
	    0
	    0
	    0
	    0
	    0
	    0
	    0
	    0
	    0
	    0
	    0
	    0
	    0
	    0
	    0
	    0
	    0
	    0
	    0
	    0
	    0
	    0
	    0
	    0
	    0
	    0
	    0
	    0
	    0
	    0
	    0
	    0
	    0
	    0
	    0
	    0
	    0
	    0
	    0
	    0
	    0
	    0
	    0
	    0
	    0
	    0
	    0
	    0
	    0
	    0
	    0
	    0
 1217	    3	 34.3	 32.6	 23.9	  4.7	 30.4	 88.5	0	    0
	    0
 1219	    5	 40.1	 27.2	 13.9	  9.1	 60.5	 97.7	0	    0
	    0
	    0
	    0
	    0
	    0
	    0
	    0
	    0
	    0
	    0
	    0
	    0
	    0
	    0
	    0
	    0
 1236	    5	 42.5	 27.7	 14.2	  9.4	 15.1	 93.9	0	    0
	    0
	    0
	    0
 1240	    5	 46.6	 28.3	 14.5	 10.0	 78.7	 95.7	0	    0
	    0
	    0
	    0
	    0
	    0
	    0
	    0
	    0
	    0
	    0
	    0
	    0
	    0
	    0
	    0
	    0
	    0
	    0
	    0
	    0
	    0
	    0
	    0
	    0
	    0
	    0
	    0
	    0
	    0
	    0
	    0
	    0
	    0
	    0
	    0
	    0
	    0
	    0
	    0
	    0
	    0
	    0
	    0
 1284	    5	 37.5	 26.8	 13.7	  8.7	 42.8	 45.3	0	    0
	    0
	    0
	    0
	    0
	    0
	    0
	    0
	    0
	    0
	    0
	    0
	    0
	    0
	    0
 1299	    3	 35.4	 32.8	 24.0	  4.8	 33.8	 51.0	0	    0
	    0
	    0
	    0
	    0
	    0
	    0
	    0
	    0
	    0
	    0
	    0
	    0
	    0
	    0
	    0
	    0
	    0
	    0
	    0
	    0
	    0
	    0
	    0
	    0
	    0
	    0
	    0
	    0
	    0
	    0
	    0
	    0
 1332	    5	 44.2	 27.9	 14.3	  9.6	 65.6	 95.7	0	    0
	    0
	    0
	    0
	    0
	    0
	    0
	    0
	    0
	    0
	    0
	    0
	    0
	    0
	    0
	    0
 1348	    5	 38.0	 26.7	 13.6	  8.8	 12.4	 24.7	0	    0
	    0
	    0
	    0
 1352	    5	 34.1	 26.3	 13.4	  8.1	 36.5	 94.0	0	    0
	    0
 1354	    3	 33.2	 32.4	 23.7	  4.6	 22.7	 36.8	0	    0
	    0
	    0
	    0
	    0
	    0
	    0
	    0
	    0
	    0
	    0
	    0
	    0
	    0
	    0
	    0
	    0
	    0
	    0
	    0
 1374	    5	 37.7	 26.8	 13.7	  8.7	 62.7	 84.5	0	    0
	    0
	    0
	    0
	    0
	    0
	    0
	    0
	    0
	    0
	    0
	    0
	    0
	    0
	    0
	    0
	    0
	    0
	    0
	    0
 1394	    3	 36.6	 33.5	 24.6	  4.9	  3.7	 56.3	0	    0
	    0
	    0
	    0
	    0
	    0
	    0
	    0
	    0
	    0
	    0
	    0
	    0
	    0
	    0
	    0
	    0
 1411	    3	 35.7	 33.1	 24.3	  4.8	  9.0	 40.1	0	    0
	    0
	    0
	    0
	    0
	    0
	    0
	    0
	    0
	    0
	    0
	    0
	    0
	    0
	    0
	    0
	    0
	    0
	    0
	    0
	    0
 1432	    5	 40.7	 27.1	 13.8	  9.2	 80.8	 14.1	0	    0
	    0
	    0
	    0
	    0
	    0
	    0
	    0
	    0
	    0
	    0
	    0
	    0
 1445	    5	 37.2	 26.7	 13.6	  8.6	 74.4	 76.7	0	    0
	    0
	    0
	    0
	    0
	    0
	    0
	    0
	    0
	    0
 1455	    5	 30.9	 25.9	 13.2	  7.6	 34.4	 50.6	0	    0
	    0
 1457	    5	 44.0	 28.0	 14.3	  9.6	 67.5	 89.8	0	    0
	    0
	    0
	    0
	    0
	    0
	    0
	    0
	    0
	    0
	    0
	    0
	    0
	    0
	    0
	    0
	    0
	    0
	    0
 1476	    5	 42.1	 27.7	 14.2	  9.3	  4.8	 12.8	0	    0
	    0
 1478	    3	 33.8	 32.8	 24.1	  4.6	 63.7	 69.7	0	    0
	    0
	    0
	    0
	    0
	    0
	    0
	    0
	    0
 1487	    5	 44.0	 28.0	 14.3	  9.6	 61.4	 11.7	0	    0
	    0
	    0
	    0
	    0
	    0
	    0
	    0
	    0
	    0
	    0
	    0
	    0
	    0
	    0
	    0
	    0
	    0
	    0
	    0
	    0
	    0
	    0
	    0
	    0
	    0
	    0
	    0
	    0
	    0
	    0
	    0
	    0
	    0
	    0
	    0
	    0
	    0
 1525	    5	 42.3	 27.8	 14.2	  9.4	 42.2	 15.5	0	    0
	    0
	    0
	    0
	    0
	    0
	    0
	    0
	    0
	    0
	    0
	    0
	    0
 1538	    5	 46.7	 28.2	 14.5	 10.0	 23.1	 51.3	1	    0
	    0
	    0
	    0
	    0
	    0
	    0
	    0
	    0
	    0
	    0
	    0
 1550	    3	 36.2	 33.2	 24.4	  4.8	 37.9	 92.7	0	    0
	    0
	    0
	    0
 1554	    3	 36.5	 33.2	 24.4	  4.9	 91.7	 54.1	0	    0
	    0
	    0
	    0
	    0
	    0
	    0
 1561	    3	 33.3	 32.4	 23.7	  4.6	 14.5	 12.9	0	    0
	    0
	    0
	    0
	    0
	    0
	    0
	    0
	    0
	    0
	    0
	    0
	    0
	    0
	    0
	    0
	    0
	    0
	    0
	    0
	    0
	    0
	    0
	    0
	    0
	    0
	    0
	    0
	    0
	    0
	    0
	    0
	    0
	    0
	    0
	    0
	    0
	    0
	    0
	    0
 1601	    5	 46.3	 27.9	 14.3	 10.0	 94.3	 11.4	0	    0
	    0
	    0
	    0
	    0
	    0
	    0
	    0
	    0
	    0
	    0
	    0
	    0
	    0
	    0
	    0
	    0
	    0
	    0
	    0
	    0
	    0
	    0
	    0
	    0
	    0
	    0
 1628	    5	 40.1	 27.7	 14.1	  9.0	 43.5	 86.1	0	    0
	    0
	    0
	    0
 1632	    3	 35.2	 32.7	 24.0	  4.8	 42.2	 86.4	0	    0
	    0
	    0
	    0
	    0
	    0
	    0
	    0
	    0
	    0
	    0
	    0
	    0
	    0
	    0
	    0
	    0
	    0
	    0
	    0
	    0
	    0
	    0
	    0
	    0
	    0
	    0
	    0
	    0
	    0
	    0
	    0
	    0
	    0
	    0
	    0
	    0
	    0
 1670	    5	 35.0	 26.9	 13.7	  8.2	 28.9	 51.5	0	    0
	    0
	    0
	    0
	    0
	    0
	    0
	    0
	    0
	    0
	    0
	    0
	    0
	    0
	    0
	    0
	    0
	    0
	    0
	    0
	    0
	    0
	    0
	    0
	    0
 1695	    3	 32.8	 32.2	 23.6	  4.5	 27.8	 53.9	0	    0
	    0
	    0
	    0
	    0
	    0
	    0
 1702	    5	 43.7	 27.8	 14.2	  9.6	 42.8	 65.1	0	    0
	    0
	    0
 1705	    5	 37.7	 27.0	 13.7	  8.7	 64.4	  2.6	0	    0
	    0
	    0
	    0
	    0
 1710	    3	 34.0	 32.5	 23.8	  4.6	 49.8	 74.0	0	    0
	    0
	    0
	    0
 1714	    5	 40.3	 27.4	 14.0	  9.1	 41.3	 18.9	0	    0
	    0
	    0
	    0
	    0
	    0
	    0
	    0
	    0
	    0
	    0
	    0
	    0
	    0
	    0
	    0
	    0
	    0
	    0
	    0
	    0
	    0
 1736	    5	 46.6	 28.3	 14.5	 10.0	 94.1	 80.7	0	    0
	    0
	    0
	    0
	    0
	    0
	    0
	    0
	    0
	    0
	    0
	    0
	    0
	    0
	    0
	    0
	    0
 1753	    5	 42.6	 28.0	 14.3	  9.4	 55.2	 69.5	0	    0
	    0
	    0
	    0
	    0
	    0
	    0
	    0
	    0
	    0
	    0
	    0
	    0
	    0
	    0
	    0
	    0
	    0
	    0
	    0
	    0
	    0
	    0
	    0
 1777	    3	 36.5	 33.3	 24.4	  4.9	 65.0	 56.2	0	    0
	    0
	    0
	    0
	    0
	    0
	    0
	    0
	    0
	    0
	    0
	    0
	    0
	    0
	    0
	    0
	    0
	    0
	    0
	    0
	    0
	    0
 1799	    3	 36.2	 33.3	 24.5	  4.9	 31.4	 18.9	0	    0
	    0
	    0
	    0
	    0
	    0
 1805	    5	 39.5	 27.3	 13.9	  9.0	 70.2	 26.3	0	    0
	    0
	    0
	    0
	    0
 1810	    5	 35.5	 26.7	 13.6	  8.3	 21.7	 89.6	0	    0
	    0
	    0
	    0
	    0
	    0
	    0
	    0
	    0
	    0
	    0
 1821	    5	 41.0	 28.0	 14.3	  9.1	 83.8	 44.3	0	    0
 1822	    5	 35.6	 26.4	 13.4	  8.4	 11.9	 56.3	0	    0
	    0
	    0
	    0
	    0
	    0
	    0
	    0
	    0
	    0
	    0
	    0
	    0
 1835	    5	 42.3	 27.8	 14.2	  9.3	 81.7	 55.0	0	    0
	    0
	    0
	    0
	    0
	    0
	    0
	    0
	    0
	    0
	    0
	    0
	    0
	    0
	    0
	    0
	    0
	    0
	    0
	    0
	    0
	    0
	    0
	    0
	    0
	    0
	    0
	    0
	    0
	    0
 1865	    5	 39.3	 27.0	 13.8	  8.9	 12.5	 30.8	0	    0
 1866	    3	 34.7	 32.7	 23.9	  4.7	 84.7	 29.0	0	    0
	    0
	    0
	    0
	    0
	    0
	    0
 1873	    5	 29.1	 24.8	 12.6	  7.4	 47.2	 85.4	0	    0
	    0
	    0
	    0
	    0
	    0
	    0
 1880	    5	 43.0	 27.9	 14.3	  9.4	 93.8	 92.4	0	    0
	    0
	    0
	    0
 1884	    5	 39.2	 27.5	 14.0	  8.9	 33.6	 94.1	0	    0
	    0
	    0
	    0
	    0
	    0
	    0
	    0
	    0
	    0
	    0
	    0
	    0
	    0
	    0
	    0
	    0
	    0
 1902	    5	 39.8	 27.5	 14.0	  9.0	 54.6	 66.3	0	    0
	    0
	    0
	    0
	    0
	    0
	    0
	    0
	    0
	    0
	    0
	    0
	    0
 1915	    5	 35.4	 26.7	 13.6	  8.3	 27.3	 91.3	0	    0
	    0
	    0
	    0
	    0
 1920	    5	 34.0	 26.6	 13.5	  8.1	 34.8	 51.0	0	    0
 1921	    5	 46.1	 28.2	 14.5	  9.9	 22.1	 99.1	0	    0
	    0
	    0
	    0
	    0
	    0
	    0
	    0
	    0
 1930	    5	 40.8	 27.5	 14.1	  9.1	 18.0	 84.4	0	    0
	    0
	    0
	    0
	    0
 1935	    5	 44.3	 27.8	 14.2	  9.7	 71.0	 40.2	0	    0
	    0
	    0
 1938	    3	 34.3	 32.7	 24.0	  4.7	 79.0	 39.4	1	    0
	    0
	    0
	    0
	    0
 1943	    5	 43.6	 27.3	 14.0	  9.6	  4.6	 45.3	0	    0
	    0
	    0
	    0
	    0
	    0
	    0
	    0
	    0
	    0
	    0
	    0
	    0
	    0
	    0
	    0
	    0
	    0
 1961	    5	 36.7	 26.4	 13.5	  8.6	 52.6	 92.8	0	    0
	    0
	    0
	    0
	    0
	    0
	    0
	    0
	    0
	    0
	    0
	    0
 1973	    3	 34.7	 32.9	 24.2	  4.7	 77.7	 92.0	0	    0
	    0
	    0
	    0
	    0
	    0
	    0
	    0
	    0
 1982	    3	 37.5	 33.3	 24.5	  5.0	 89.6	 14.4	0	    0
 1983	    5	 35.9	 26.4	 13.4	  8.4	  9.5	  0.4	0	    0
	    0
	    0
	    0
	    0
 1988	    5	 47.1	 28.5	 14.6	 10.0	 12.6	 66.2	1	    0
	    0
	    0
	    0
	    0
	    0
	    0
	    0
	    0
	    0
	    0
	    0
	    0
	    0
	    0
	    0
	    0
	    0
	    0
	    0
	    0
	    0
	    0
 2011	    5	 36.1	 26.4	 13.4	  8.5	 89.4	 89.7	0	    0
	    0
	    0
	    0
	    0
	    0
	    0
	    0
	    0
	    0
	    0
 2022	    5	 40.1	 27.2	 13.9	  9.1	 95.3	 55.4	0	    0
	    0
	    0
	    0
	    0
	    0
	    0
	    0
	    0
	    0
	    0
	    0
	    0
	    0
	    0
	    0
	    0
	    0
	    0
 2041	    5	 40.6	 27.5	 14.0	  9.1	 49.3	 88.0	0	    0
	    0
	    0
	    0
 2045	    5	 39.2	 27.0	 13.8	  8.9	 34.5	 65.7	0	    0
	    0
	    0
	    0
	    0
	    0
	    0
	    0
	    0
	    0
	    0
 2056	    5	 44.5	 28.1	 14.4	  9.7	 88.1	 98.0	0	    0
	    0
	    0
	    0
	    0
	    0
	    0
	    0
	    0
	    0
	    0
	    0
	    0
	    0
	    0
	    0
	    0
	    0
	    0
	    0
	    0
	    0
	    0
	    0
	    0
	    0
	    0
	    0
	    0
	    0
	    0
	    0
	    0
	    0
	    0
	    0
	    0
	    0
	    0
	    0
	    0
	    0
	    0
	    0
	    0
	    0
	    0
	    0
	    0
	    0
	    0
	    0
	    0
 2109	    5	 38.2	 26.7	 13.6	  8.8	 61.0	 93.6	0	    0
	    0
	    0
	    0
	    0
	    0
	    0
	    0
	    0
	    0
	    0
	    0
	    0
	    0
	    0
	    0
	    0
	    0
	    0
	    0
	    0
	    0
	    0
	    0
 2133	    5	 44.6	 28.6	 14.7	  9.6	 26.2	 89.7	0	    0
	    0
 2135	    3	 36.0	 33.3	 24.5	  4.8	 69.5	  4.2	0	    0
	    0
	    0
	    0
	    0
	    0
 2141	    5	 39.5	 27.1	 13.8	  9.0	 80.2	 45.9	0	    0
	    0
	    0
 2144	    5	 46.5	 28.4	 14.6	 10.0	 74.4	  2.9	0	    0
	    0
	    0
	    0
	    0
	    0
	    0
 2151	    3	 34.8	 32.9	 24.2	  4.7	  7.4	 83.3	0	    0
	    0
	    0
	    0
	    0
	    0
	    0
	    0
	    0
	    0
 2161	    5	 40.3	 27.3	 13.9	  9.1	  5.6	 97.4	0	    0
	    0
	    0
	    0
	    0
	    0
	    0
	    0
	    0
	    0
	    0
 2172	    5	 41.5	 27.4	 14.0	  9.3	 37.4	 78.5	0	    0
	    0
	    0
	    0
	    0
	    0
	    0
	    0
	    0
	    0
	    0
	    0
	    0
	    0
	    0
	    0
	    0
	    0
	    0
	    0
	    0
	    0
	    0
	    0
 2196	    5	 38.9	 27.2	 13.9	  8.9	 20.5	 89.6	0	    0
	    0
	    0
	    0
	    0
	    0
	    0
 2203	    5	 39.0	 27.2	 13.9	  8.9	 26.6	 49.2	0	    0
	    0
	    0
	    0
	    0
	    0
	    0
	    0
	    0
	    0
	    0
	    0
	    0
	    0
	    0
	    0
	    0
	    0
	    0
	    0
	    0
	    0
 2225	    3	 34.8	 33.0	 24.3	  4.7	 26.7	 67.7	0	    0
	    0
	    0
	    0
	    0
	    0
	    0
	    0
	    0
	    0
	    0
 2236	    5	 38.4	 27.2	 13.9	  8.8	 83.3	 88.5	0	    0
	    0
	    0
	    0
	    0
	    0
	    0
	    0
	    0
	    0
	    0
 2247	    5	 38.9	 27.6	 14.1	  8.8	 47.1	 40.5	0	    0
 2248	    5	 39.8	 27.6	 14.1	  9.0	 10.1	 97.6	0	    0
	    0
	    0
	    0
	    0
	    0
	    0
	    0
	    0
	    0
	    0
	    0
	    0
 2261	    5	 39.6	 27.6	 14.1	  8.9	 34.6	 59.0	1	    0
	    0
	    0
	    0
	    0
	    0
	    0
 2268	    5	 44.5	 27.8	 14.2	  9.7	 57.1	 31.0	0	    0
	    0
	    0
	    0
 2272	    5	 45.2	 27.9	 14.3	  9.8	 73.2	 36.1	0	    0
	    0
	    0
	    0
	    0
	    0
	    0
	    0
	    0
	    0
	    0
	    0
	    0
	    0
	    0
	    0
	    0
	    0
	    0
	    0
	    0
	    0
 2294	    5	 34.0	 26.7	 13.6	  8.1	 30.0	 41.0	1	    0
	    0
	    0
	    0
	    0
	    0
	    0
	    0
	    0
	    0
	    0
	    0
	    0
	    0
	    0
	    0
	    0
	    0
	    0
	    0
	    0
	    0
	    0
	    0
	    0
	    0
	    0
	    0
	    0
	    0
	    0
	    0
	    0
	    0
	    0
	    0
	    0
	    0
	    0
	    0
	    0
	    0
	    0
	    0
	    0
 2339	    5	 38.0	 27.1	 13.8	  8.7	 39.8	 91.2	0	    0
	    0
	    0
	    0
	    0
	    0
	    0
	    0
	    0
	    0
	    0
 2350	    5	 41.9	 27.6	 14.1	  9.3	 54.0	 46.5	0	    0
	    0
	    0
 2353	    5	 38.4	 27.2	 13.9	  8.8	 62.3	  1.4	1	    0
	    0
	    0
	    0
	    0
	    0
	    0
	    0
	    0
	    0
	    0
	    0
	    0
	    0
	    0
	    0
	    0
	    0
	    0
	    0
	    0
	    0
	    0
	    0
	    0
	    0
	    0
	    0
	    0
	    0
 2383	    5	 42.9	 27.7	 14.2	  9.5	 90.7	 65.4	0	    0
	    0
	    0
	    0
	    0
	    0
	    0
	    0
	    0
 2392	    3	 33.9	 32.8	 24.1	  4.6	 17.1	  7.9	1	    0
	    0
	    0
	    0
	    0
	    0
	    0
	    0
	    0
	    0
	    0
	    0
	    0
	    0
	    0
 2407	    5	 42.0	 27.9	 14.3	  9.3	 38.3	 64.6	0	    0
	    0
	    0
	    0
	    0
	    0
	    0
	    0
	    0
	    0
	    0
	    0
	    0
	    0
	    0
	    0
	    0
	    0
	    0
	    0
	    0
	    0
	    0
	    0
 2431	    5	 34.3	 26.3	 13.4	  8.2	 71.6	 17.6	0	    0
	    0
	    0
	    0
	    0
	    0
	    0
	    0
	    0
	    0
	    0
	    0
	    0
	    0
	    0
	    0
	    0
	    0
	    0
	    0
	    0
	    0
	    0
	    0
	    0
	    0
	    0
	    0
	    0
	    0
	    0
	    0
	    0
	    0
 2465	    5	 45.0	 27.9	 14.3	  9.8	 63.9	 31.0	0	    0
	    0
	    0
	    0
	    0
	    0
	    0
	    0
	    0
	    0
	    0
	    0
	    0
	    0
	    0
	    0
	    0
	    0
	    0
 2484	    5	 34.1	 26.2	 13.3	  8.1	 18.3	 70.9	0	    0
 2485	    5	 36.6	 26.5	 13.5	  8.6	 18.3	 56.7	0	    0
	    0
	    0
	    0
	    0
	    0
	    0
	    0
	    0
 2494	    5	 38.1	 27.2	 13.9	  8.7	 30.2	 43.2	0	    0
	    0
	    0
	    0
	    0
	    0
	    0
	    0
	    0
	    0
	    0
	    0
 2506	    5	 42.1	 27.8	 14.2	  9.3	 68.9	 82.3	0	    0
 2507	    5	 37.3	 26.3	 13.4	  8.7	  3.9	 80.9	0	    0
	    0
	    0
	    0
	    0
	    0
	    0
 2514	    5	 48.4	 28.5	 14.7	 10.2	 85.2	 61.7	0	    0
	    0
	    0
	    0
	    0
	    0
	    0
	    0
	    0
	    0
	    0
	    0
	    0
	    0
 2528	    3	 34.3	 32.9	 24.1	  4.7	 41.4	 96.3	0	    0
	    0
	    0
	    0
	    0
	    0
 2534	    3	 36.1	 33.4	 24.5	  4.8	 66.0	 36.0	0	    0
	    0
	    0
	    0
	    0
	    0
	    0
	    0
	    0
	    0
	    0
	    0
	    0
	    0
	    0
	    0
	    0
	    0
	    0
	    0
	    0
	    0
	    0
	    0
	    0
	    0
 2560	    3	 36.2	 33.0	 24.2	  4.9	 89.4	 66.2	0	    0
 2561	    5	 40.0	 27.0	 13.8	  9.1	 85.7	 36.5	0	    0
	    0
	    0
	    0
	    0
	    0
	    0
	    0
	    0
	    0
	    0
	    0
	    0
	    0
	    0
	    0
	    0
	    0
 2579	    3	 36.5	 33.4	 24.5	  4.9	 11.2	 26.8	0	    0
	    0
	    0
	    0
	    0
	    0
	    0
	    0
	    0
	    0
	    0
	    0
	    0
	    0
	    0
	    0
	    0
	    0
	    0
	    0
	    0
	    0
	    0
	    0
	    0
 2604	    5	 37.1	 27.1	 13.8	  8.6	 82.9	 69.9	0	    0
	    0
	    0
	    0
	    0
 2609	    5	 41.7	 27.5	 14.0	  9.3	 94.5	 96.5	0	    0
	    0
	    0
	    0
	    0
	    0
	    0
	    0
	    0
	    0
	    0
	    0
	    0
	    0
	    0
	    0
	    0
	    0
	    0
	    0
	    0
	    0
	    0
	    0
	    0
	    0
	    0
	    0
	    0
	    0
	    0
	    0
	    0
	    0
	    0
	    0
	    0
	    0
 2647	    5	 39.8	 27.0	 13.8	  9.0	 51.8	 97.3	0	    0
	    0
	    0
	    0
	    0
	    0
	    0
 2654	    5	 32.5	 25.9	 13.2	  7.9	 51.1	 25.0	0	    0
	    0
	    0
	    0
	    0
	    0
	    0
	    0
	    0
	    0
	    0
 2665	    5	 41.3	 27.3	 13.9	  9.2	 87.9	 53.6	0	    0
	    0
	    0
	    0
	    0
	    0
	    0
	    0
	    0
	    0
	    0
	    0
 2677	    5	 44.9	 27.9	 14.3	  9.8	 16.9	 24.9	0	    0
	    0
	    0
	    0
	    0
	    0
 2683	    5	 41.4	 27.5	 14.1	  9.2	 92.9	 21.4	0	    0
	    0
	    0
	    0
	    0
 2688	    5	 39.1	 27.1	 13.8	  8.9	 35.1	 10.8	0	    0
	    0
	    0
	    0
	    0
	    0
	    0
	    0
	    0
	    0
	    0
	    0
	    0
	    0
	    0
	    0
 2704	    5	 39.8	 27.4	 14.0	  9.0	 58.4	 74.4	0	    0
	    0
	    0
	    0
	    0
	    0
	    0
	    0
	    0
	    0
	    0
	    0
	    0
	    0
	    0
	    0
	    0
	    0
	    0
 2723	    5	 43.8	 27.9	 14.3	  9.6	 76.4	 31.7	0	    0
	    0
	    0
	    0
	    0
	    0
	    0
	    0
	    0
 2732	    3	 36.8	 33.4	 24.6	  4.9	 36.2	 53.7	0	    0
	    0
	    0
	    0
	    0
	    0
	    0
	    0
	    0
	    0
	    0
	    0
	    0
	    0
	    0
	    0
	    0
	    0
	    0
	    0
	    0
	    0
	    0
	    0
	    0
	    0
 2758	    5	 46.7	 28.2	 14.5	 10.0	 11.3	 44.2	0	    0
	    0
 2760	    5	 28.4	 24.7	 12.5	  7.3	 56.8	 66.9	0	    0
	    0
 2762	    5	 39.2	 27.3	 13.9	  8.9	  8.6	 27.4	0	    0
	    0
	    0
	    0
	    0
	    0
	    0
	    0
	    0
	    0
 2772	    5	 35.0	 26.4	 13.4	  8.3	 53.2	 93.9	0	    0
 2773	    5	 38.4	 26.9	 13.7	  8.8	 40.9	 70.7	0	    0
	    0
	    0
	    0
	    0
	    0
	    0
	    0
	    0
	    0
	    0
	    0
	    0
	    0
	    0
	    0
	    0
	    0
	    0
	    0
	    0
	    0
 2795	    5	 40.9	 27.5	 14.1	  9.2	 41.5	 92.5	0	    0
	    0
	    0
	    0
	    0
	    0
	    0
	    0
	    0
	    0
	    0
	    0
	    0
	    0
	    0
	    0
	    0
	    0
	    0
	    0
	    0
	    0
	    0
	    0
	    0
	    0
	    0
	    0
	    0
	    0
	    0
	    0
	    0
	    0
	    0
	    0
	    0
	    0
	    0
	    0
	    0
	    0
	    0
	    0
	    0
	    0
 2841	    5	 35.3	 26.3	 13.4	  8.3	 47.2	 80.7	0	    0
	    0
	    0
	    0
	    0
	    0
	    0
	    0
	    0
	    0
	    0
	    0
 2853	    5	 41.0	 27.2	 13.9	  9.2	 57.4	 77.1	0	    0
	    0
	    0
	    0
	    0
	    0
	    0
	    0
	    0
	    0
	    0
	    0
	    0
	    0
	    0
	    0
	    0
	    0
	    0
	    0
	    0
	    0
	    0
	    0
	    0
	    0
	    0
	    0
	    0
	    0
	    0
	    0
	    0
	    0
	    0
	    0
	    0
	    0
	    0
	    0
	    0
	    0
	    0
	    0
	    0
	    0
	    0
	    0
	    0
	    0
	    0
	    0
	    0
	    0
	    0
	    0
	    0
	    0
	    0
	    0
 2913	    5	 39.5	 27.2	 13.9	  9.0	 22.7	  3.1	0	    0
 2914	    5	 34.4	 26.3	 13.4	  8.2	 21.5	  4.0	0	    0
	    0
	    0
	    0
	    0
	    0
	    0
	    0
	    0
	    0
	    0
	    0
	    0
	    0
 2928	    5	 38.4	 27.2	 13.9	  8.8	 24.3	 92.0	0	    0
	    0
	    0
	    0
	    0
	    0
	    0
	    0
	    0
	    0
 2938	    3	 35.7	 33.1	 24.3	  4.8	 86.7	 55.9	1	    0
 2939	    3	 34.4	 32.9	 24.1	  4.7	 55.8	 51.8	0	    0
 2940	    5	 36.3	 26.9	 13.7	  8.4	 20.3	 76.3	0	    0
	    0
	    0
	    0
	    0
	    0
	    0
	    0
	    0
	    0
	    0
	    0
	    0
	    0
	    0
	    0
	    0
 2957	    5	 35.3	 26.8	 13.7	  8.3	 11.3	 58.5	0	    0
	    0
	    0
	    0
 2961	    5	 46.7	 28.2	 14.5	 10.0	 99.1	 64.7	0	    0
 2962	    3	 34.3	 32.7	 24.0	  4.7	 62.2	 90.7	1	    0
	    0
	    0
	    0
	    0
	    0
	    0
	    0
	    0
	    0
	    0
	    0
	    0
	    0
	    0
	    0
	    0
	    0
	    0
 2981	    5	 39.3	 27.4	 14.0	  8.9	 34.2	 33.2	0	    0
	    0
	    0
	    0
	    0
	    0
	    0
	    0
	    0
	    0
	    0
	    0
	    0
	    0
	    0
	    0
	    0
	    0
	    0
	    0
	    0
	    0
	    0
	    0
	    0
	    0
	    0
	    0
	    0
	    0
	    0
	    0
	    0
	    0
	    0
	    0
	    0
	    0
	    0
	    0
	    0
	    0
	    0
	    0
	    0
	    0
	    0
	    0
	    0
	    0
	    0
	    0
	    0
	    0
	    0
	    0
	    0
	    0
	    0
	    0
	    0
	    0
	    0
 3044	    3	 33.3	 32.6	 23.9	  4.6	 85.4	 10.2	0	    0
	    0
	    0
	    0
	    0
	    0
	    0
	    0
	    0
 3053	    5	 41.9	 27.6	 14.1	  9.3	 58.5	  5.0	0	    0
	    0
 3055	    3	 35.8	 33.2	 24.4	  4.8	  4.7	  7.9	0	    0
	    0
	    0
	    0
	    0
	    0
	    0
	    0
	    0
	    0
	    0
	    0
	    0
	    0
	    0
	    0
	    0
	    0
	    0
	    0
	    0
	    0
	    0
	    0
 3079	    5	 41.2	 27.5	 14.0	  9.2	 12.6	 78.3	0	    0
	    0
	    0
	    0
	    0
	    0
 3085	    5	 38.6	 26.7	 13.6	  8.9	  7.5	 35.4	0	    0
	    0
	    0
	    0
	    0
	    0
	    0
	    0
	    0
 3094	    3	 34.6	 32.6	 23.8	  4.7	 17.1	 67.8	0	    0
	    0
	    0
	    0
	    0
	    0
	    0
	    0
	    0
	    0
	    0
	    0
	    0
	    0
	    0
	    0
	    0
	    0
	    0
	    0
	    0
	    0
	    0
	    0
	    0
	    0
	    0
	    0
	    0
	    0
	    0
	    0
	    0
	    0
	    0
	    0
	    0
	    0
	    0
	    0
	    0
	    0
 3136	    5	 38.4	 26.8	 13.7	  8.8	 12.8	 83.0	0	    0
	    0
	    0
	    0
	    0
	    0
	    0
	    0
	    0
	    0
	    0
	    0
	    0
	    0
	    0
 3151	    5	 42.0	 27.8	 14.2	  9.3	 49.1	 44.4	0	    0
 3152	    5	 37.3	 26.9	 13.7	  8.6	 72.6	 62.1	0	    0
	    0
	    0
	    0
	    0
	    0
	    0
	    0
	    0
 3161	    5	 37.8	 26.9	 13.7	  8.7	  7.7	 88.7	0	    0
	    0
	    0
	    0
	    0
	    0
	    0
	    0
	    0
	    0
	    0
	    0
	    0
	    0
	    0
	    0
	    0
	    0
	    0
	    0
	    0
	    0
	    0
	    0
	    0
	    0
	    0
 3188	    3	 33.2	 32.4	 23.7	  4.6	 60.7	 28.4	1	    0
	    0
	    0
 3191	    5	 45.1	 28.1	 14.4	  9.8	 36.4	 37.4	0	    0
	    0
 3193	    5	 41.7	 27.6	 14.1	  9.3	 74.6	  6.9	0	    0
	    0
	    0
 3196	    5	 41.3	 27.3	 13.9	  9.3	 66.0	 60.2	0	    0
	    0
	    0
	    0
	    0
	    0
	    0
	    0
	    0
	    0
	    0
	    0
	    0
	    0
	    0
	    0
	    0
	    0
	    0
	    0
	    0
	    0
	    0
	    0
	    0
	    0
	    0
	    0
	    0
	    0
	    0
	    0
	    0
	    0
	    0
	    0
	    0
	    0
	    0
	    0
 3236	    5	 36.2	 26.7	 13.6	  8.5	  6.9	 18.6	0	    0
	    0
	    0
	    0
	    0
	    0
	    0
	    0
	    0
	    0
	    0
	    0
	    0
 3249	    5	 43.6	 28.0	 14.4	  9.5	 84.3	 82.7	0	    0
	    0
	    0
	    0
	    0
	    0
	    0
	    0
 3257	    3	 35.5	 32.9	 24.1	  4.8	 26.6	 11.1	0	    0
	    0
	    0
	    0
	    0
	    0
	    0
	    0
	    0
	    0
	    0
	    0
	    0
	    0
	    0
	    0
	    0
	    0
	    0
	    0
	    0
	    0
	    0
	    0
	    0
	    0
	    0
	    0
	    0
	    0
	    0
	    0
	    0
	    0
 3291	    5	 42.6	 27.8	 14.2	  9.4	 80.9	 42.2	0	    0
	    0
	    0
	    0
	    0
	    0
	    0
	    0
 3299	    3	 33.8	 32.6	 24.0	  4.6	 96.8	 89.6	0	    0
	    0
	    0
	    0
	    0
	    0
	    0
	    0
 3307	    3	 34.5	 32.7	 24.0	  4.7	 94.1	 89.1	0	    0
	    0
	    0
	    0
	    0
	    0
	    0
	    0
	    0
	    0
	    0
	    0
	    0
	    0
	    0
	    0
	    0
	    0
	    0
	    0
	    0
	    0
	    0
	    0
	    0
 3332	    5	 44.3	 28.0	 14.4	  9.7	 94.9	 74.3	0	    0
	    0
	    0
	    0
	    0
	    0
	    0
	    0
	    0
	    0
	    0
	    0
	    0
	    0
	    0
	    0
	    0
	    0
	    0
	    0
	    0
	    0
	    0
	    0
	    0
	    0
	    0
	    0
	    0
	    0
	    0
	    0
	    0
	    0
	    0
	    0
	    0
	    0
	    0
	    0
	    0
	    0
	    0
	    0
	    0
	    0
	    0
	    0
	    0
	    0
	    0
	    0
	    0
	    0
	    0
	    0
 3388	    5	 34.4	 26.4	 13.4	  8.2	 80.4	 69.4	0	    0
	    0
	    0
	    0
	    0
	    0
	    0
	    0
	    0
	    0
	    0
	    0
	    0
	    0
	    0
	    0
	    0
	    0
	    0
	    0
	    0
	    0
	    0
	    0
	    0
	    0
	    0
	    0
 3416	    5	 34.4	 26.4	 13.4	  8.2	 23.0	 71.2	0	    0
	    0
	    0
	    0
	    0
	    0
	    0
	    0
	    0
 3425	    3	 33.5	 32.5	 23.9	  4.6	  9.5	 77.3	1	    0
	    0
	    0
	    0
	    0
	    0
	    0
	    0
	    0
	    0
	    0
 3436	    5	 41.2	 27.4	 14.0	  9.2	 63.4	 77.7	0	    0
 3437	    5	 43.1	 27.7	 14.2	  9.5	 27.6	 37.9	0	    0
	    0
	    0
	    0
	    0
	    0
	    0
	    0
	    0
	    0
	    0
	    0
	    0
	    0
	    0
	    0
	    0
	    0
	    0
	    0
	    0
	    0
	    0
	    0
	    0
	    0
 3463	    5	 38.2	 27.2	 13.9	  8.7	 41.4	 68.9	0	    0
	    0
	    0
	    0
	    0
	    0
	    0
	    0
	    0
	    0
	    0
	    0
	    0
	    0
 3477	    5	 39.0	 27.0	 13.8	  8.9	 41.1	 37.7	0	    0
	    0
	    0
	    0
	    0
	    0
	    0
	    0
	    0
	    0
	    0
	    0
	    0
	    0
	    0
	    0
	    0
	    0
	    0
	    0
	    0
	    0
	    0
	    0
	    0
	    0
	    0
	    0
	    0
	    0
	    0
 3508	    3	 31.7	 32.0	 23.5	  4.4	  8.8	 16.9	0	    0
	    0
	    0
	    0
	    0
	    0
	    0
	    0
	    0
	    0
	    0
	    0
	    0
	    0
	    0
	    0
 3524	    3	 33.8	 32.7	 24.0	  4.6	 82.8	 74.1	0	    0
	    0
	    0
	    0
	    0
	    0
	    0
	    0
	    0
	    0
	    0
	    0
	    0
	    0
	    0
	    0
	    0
	    0
 3542	    5	 33.8	 26.3	 13.4	  8.1	 21.0	 72.9	0	    0
	    0
	    0
	    0
	    0
	    0
	    0
 3549	    5	 38.1	 26.6	 13.6	  8.8	 37.8	 24.9	0	    0
	    0
	    0
	    0
	    0
	    0
	    0
	    0
	    0
	    0
	    0
	    0
	    0
	    0
	    0
	    0
	    0
	    0
	    0
	    0
	    0
	    0
	    0
	    0
	    0
	    0
	    0
	    0
	    0
	    0
	    0
	    0
	    0
	    0
	    0
	    0
	    0
	    0
	    0
	    0
	    0
	    0
	    0
	    0
	    0
	    0
	    0
	    0
	    0
	    0
	    0
	    0
	    0
	    0
	    0
	    0
	    0
	    0
 3607	    5	 41.9	 27.5	 14.0	  9.3	 55.5	 37.9	0	    0
	    0
	    0
	    0
	    0
	    0
 3613	    5	 41.3	 27.4	 14.0	  9.2	 85.6	 91.1	0	    0
	    0
	    0
	    0
	    0
	    0
	    0
 3620	    5	 38.5	 27.0	 13.8	  8.8	 57.8	 84.7	0	    0
	    0
	    0
	    0
 3624	    5	 33.0	 26.2	 13.3	  7.9	 40.1	  8.8	0	    0
	    0
	    0
	    0
	    0
 3629	    3	 33.7	 32.6	 23.9	  4.6	 77.4	 51.9	0	    0
	    0
	    0
	    0
	    0
	    0
	    0
 3636	    5	 40.9	 27.4	 14.0	  9.2	 57.0	 92.9	0	    0
	    0
	    0
	    0
	    0
	    0
	    0
	    0
	    0
	    0
	    0
	    0
	    0
	    0
	    0
	    0
	    0
	    0
	    0
	    0
	    0
	    0
	    0
	    0
	    0
	    0
	    0
	    0
	    0
	    0
	    0
	    0
	    0
	    0
	    0
	    0
 3672	    5	 33.5	 26.7	 13.6	  8.0	  8.0	 51.7	0	    0
	    0
	    0
	    0
	    0
	    0
	    0
	    0
	    0
 3681	    5	 39.3	 27.6	 14.1	  8.9	 58.9	 19.3	0	    0
 3682	    5	 44.3	 27.9	 14.3	  9.7	 98.4	 48.2	1	    0
	    0
	    0
	    0
	    0
	    0
	    0
	    0
	    0
	    0
	    0
	    0
	    0
	    0
 3696	    5	 30.5	 25.3	 12.8	  7.6	 34.8	 95.4	0	    0
	    0
	    0
	    0
	    0
	    0
	    0
	    0
 3704	    5	 46.3	 28.4	 14.6	  9.9	 10.7	 53.9	0	    0
	    0
	    0
	    0
	    0
	    0
	    0
	    0
	    0
	    0
	    0
 3715	    5	 39.4	 27.4	 14.0	  8.9	 49.4	 31.5	0	    0
	    0
	    0
	    0
	    0
	    0
	    0
	    0
	    0
	    0
	    0
	    0
 3727	    3	 31.4	 31.7	 23.2	  4.4	 54.5	 34.8	0	    0
 3728	    3	 34.1	 32.6	 23.9	  4.7	 34.8	 70.0	0	    0
	    0
 3730	    3	 32.1	 32.3	 23.7	  4.4	 44.8	 99.3	1	    0
 3731	    5	 47.2	 28.2	 14.5	 10.1	 59.4	 36.7	0	    0
	    0
	    0
	    0
	    0
	    0
	    0
	    0
	    0
	    0
 3741	    3	 35.6	 33.1	 24.3	  4.8	 43.4	 23.6	0	    0
	    0
	    0
	    0
	    0
	    0
	    0
	    0
	    0
	    0
	    0
	    0
	    0
	    0
	    0
	    0
	    0
	    0
	    0
	    0
	    0
	    0
	    0
	    0
	    0
 3766	    5	 36.1	 26.7	 13.6	  8.4	 93.1	 18.5	0	    0
	    0
	    0
	    0
	    0
	    0
	    0
	    0
	    0
	    0
 3776	    5	 32.5	 25.8	 13.1	  7.9	 39.5	 81.6	0	    0
	    0
	    0
	    0
	    0
	    0
 3782	    3	 33.5	 32.2	 23.6	  4.6	 18.9	 61.8	1	    0
	    0
 3784	    3	 36.1	 33.2	 24.4	  4.8	 96.7	 56.6	0	    0
	    0
	    0
	    0
	    0
	    0
	    0
	    0
	    0
	    0
	    0
	    0
	    0
	    0
	    0
	    0
	    0
	    0
	    0
	    0
	    0
	    0
	    0
	    0
	    0
	    0
 3810	    5	 35.3	 26.1	 13.2	  8.4	 59.2	 41.3	0	    0
	    0
	    0
	    0
	    0
	    0
	    0
	    0
	    0
	    0
	    0
	    0
	    0
 3823	    5	 37.5	 27.1	 13.8	  8.6	 81.5	  9.8	0	    0
	    0
	    0
 3826	    5	 37.1	 27.1	 13.8	  8.5	 16.4	 70.3	0	    0
	    0
	    0
	    0
	    0
	    0
	    0
	    0
	    0
	    0
	    0
	    0
	    0
	    0
	    0
	    0
	    0
	    0
	    0
	    0
	    0
	    0
 3848	    3	 34.6	 32.6	 23.9	  4.7	 31.1	 80.9	0	    0
	    0
	    0
	    0
	    0
	    0
	    0
	    0
	    0
	    0
	    0
	    0
	    0
	    0
	    0
	    0
	    0
	    0
 3866	    5	 38.8	 26.8	 13.7	  8.9	 81.9	 22.8	0	    0
	    0
	    0
	    0
	    0
	    0
	    0
	    0
	    0
	    0
	    0
	    0
	    0
	    0
	    0
	    0
	    0
 3883	    5	 44.0	 27.2	 13.9	  9.7	 89.5	 76.0	0	    0
	    0
	    0
	    0
	    0
	    0
	    0
	    0
	    0
	    0
	    0
	    0
	    0
	    0
	    0
	    0
	    0
	    0
	    0
	    0
	    0
	    0
	    0
	    0
	    0
	    0
	    0
	    0
	    0
	    0
	    0
	    0
	    0
	    0
	    0
	    0
	    0
	    0
	    0
	    0
	    0
	    0
	    0
	    0
	    0
	    0
	    0
	    0
	    0
	    0
	    0
	    0
	    0
	    0
	    0
	    0
	    0
	    0
	    0
	    0
	    0
	    0
 3945	    5	 47.1	 28.2	 14.5	 10.1	 32.3	 73.4	0	    0
	    0
	    0
	    0
	    0
	    0
	    0
	    0
	    0
	    0
	    0
	    0
	    0
	    0
	    0
	    0
	    0
	    0
	    0
	    0
	    0
	    0
	    0
	    0
	    0
	    0
	    0
	    0
	    0
	    0
	    0
	    0
	    0
	    0
 3979	    5	 44.9	 27.8	 14.2	  9.8	 24.1	 44.8	0	    0
	    0
	    0
	    0
	    0
	    0
	    0
	    0
	    0
	    0
	    0
	    0
	    0
	    0
	    0
	    0
	    0
	    0
	    0
	    0
	    0
	    0
	    0
	    0
	    0
	    0
	    0
	    0
	    0
 4008	    5	 37.9	 27.3	 13.9	  8.7	  8.0	 74.0	0	    0
	    0
	    0
	    0
	    0
	    0
	    0
	    0
	    0
	    0
 4018	    5	 38.9	 27.4	 14.0	  8.8	 18.5	 50.7	0	    0
	    0
	    0
	    0
	    0
	    0
	    0
	    0
 4026	    5	 31.0	 25.4	 12.9	  7.7	 52.2	 49.7	0	    0
	    0
	    0
	    0
	    0
	    0
	    0
	    0
	    0
	    0
	    0
	    0
	    0
 4039	    3	 35.3	 33.0	 24.3	  4.8	 70.1	 52.9	0	    0
	    0
	    0
	    0
	    0
	    0
	    0
	    0
	    0
	    0
	    0
	    0
	    0
	    0
	    0
	    0
	    0
	    0
	    0
	    0
	    0
	    0
	    0
	    0
 4063	    3	 37.3	 33.5	 24.7	  5.0	 31.2	 46.1	0	    0
	    0
	    0
	    0
	    0
	    0
	    0
	    0
	    0
 4072	    5	 38.6	 26.8	 13.6	  8.9	  7.5	  7.6	0	    0
	    0
	    0
	    0
 4076	    5	 36.9	 27.1	 13.8	  8.5	 65.9	 47.4	0	    0
	    0
	    0
	    0
	    0
	    0
	    0
	    0
	    0
	    0
	    0
	    0
 4088	    3	 34.7	 32.7	 24.0	  4.7	 64.5	 97.6	1	    0
 4089	    3	 35.3	 32.9	 24.2	  4.8	 65.3	 64.0	0	    0
	    0
	    0
 4092	    5	 41.8	 27.4	 14.0	  9.3	 37.5	 99.2	0	    0
	    0
	    0
	    0
	    0
	    0
	    0
	    0
 4100	    5	 40.7	 27.6	 14.1	  9.1	 13.8	 48.6	0	    0
	    0
	    0
	    0
	    0
	    0
	    0
	    0
	    0
	    0
	    0
	    0
	    0
	    0
	    0
	    0
	    0
	    0
	    0
	    0
	    0
	    0
	    0
	    0
	    0
	    0
	    0
 4127	    3	 34.8	 33.1	 24.4	  4.7	 28.6	 65.3	0	    0
	    0
	    0
	    0
	    0
	    0
	    0
	    0
	    0
	    0
 4137	    5	 40.8	 27.3	 14.0	  9.2	 70.8	 66.9	0	    0
	    0
	    0
	    0
 4141	    5	 42.9	 27.8	 14.2	  9.4	 46.2	  1.6	0	    0
	    0
	    0
	    0
	    0
	    0
	    0
	    0
	    0
	    0
	    0
	    0
	    0
 4154	    5	 44.6	 27.9	 14.3	  9.7	 49.2	  5.0	1	    0
	    0
	    0
	    0
	    0
	    0
	    0
	    0
	    0
	    0
	    0
	    0
	    0
 4167	    5	 44.7	 28.1	 14.4	  9.7	 75.6	 63.2	0	    0
	    0
	    0
	    0
	    0
	    0
	    0
	    0
	    0
	    0
	    0
	    0
	    0
	    0
	    0
	    0
	    0
 4184	    5	 42.2	 27.6	 14.1	  9.4	 13.2	 71.9	0	    0
	    0
	    0
	    0
	    0
	    0
	    0
	    0
	    0
	    0
	    0
	    0
 4196	    3	 33.6	 32.2	 23.5	  4.6	 43.1	 22.6	0	    0
	    0
	    0
	    0
	    0
	    0
	    0
	    0
	    0
	    0
	    0
	    0
	    0
	    0
	    0
	    0
	    0
	    0
	    0
	    0
	    0
	    0
	    0
	    0
	    0
	    0
	    0
	    0
	    0
	    0
	    0
	    0
	    0
	    0
	    0
	    0
 4232	    5	 45.4	 28.0	 14.4	  9.8	 99.1	 79.0	0	    0
 4233	    5	 30.2	 25.3	 12.9	  7.5	 31.6	 96.3	0	    0
	    0
	    0
	    0
	    0
	    0
	    0
	    0
	    0
	    0
	    0
	    0
	    0
	    0
	    0
	    0
	    0
 4250	    3	 35.2	 32.8	 24.0	  4.8	 77.2	 34.4	1	    0
	    0
	    0
	    0
	    0
	    0
	    0
	    0
	    0
	    0
	    0
	    0
 4262	    5	 41.5	 27.3	 14.0	  9.3	 46.9	 75.3	0	    0
	    0
	    0
	    0
	    0
	    0
	    0
	    0
	    0
	    0
	    0
	    0
	    0
	    0
	    0
	    0
	    0
	    0
	    0
	    0
	    0
	    0
	    0
	    0
	    0
	    0
	    0
	    0
	    0
	    0
	    0
	    0
	    0
	    0
 4296	    5	 39.1	 27.2	 13.9	  8.9	 24.1	 38.4	0	    0
	    0
	    0
	    0
	    0
	    0
	    0
	    0
	    0
 4305	    5	 36.2	 26.7	 13.6	  8.5	 60.5	 83.1	0	    0
	    0
	    0
	    0
	    0
	    0
	    0
	    0
	    0
	    0
	    0
 4316	    3	 36.2	 32.9	 24.1	  4.9	 47.8	  1.8	0	    0
	    0
	    0
	    0
	    0
	    0
	    0
	    0
	    0
	    0
	    0
	    0
	    0
	    0
	    0
 4331	    3	 34.5	 32.3	 23.6	  4.7	 68.6	 88.9	0	    0
	    0
	    0
	    0
 4335	    3	 34.0	 32.8	 24.1	  4.6	 52.5	 81.4	0	    0
 4336	    5	 40.1	 27.6	 14.1	  9.0	 87.5	 47.6	0	    0
	    0
	    0
 4339	    5	 36.5	 26.7	 13.6	  8.5	 66.4	 78.0	0	    0
	    0
	    0
	    0
	    0
	    0
	    0
	    0
	    0
	    0
	    0
	    0
	    0
	    0
	    0
	    0
	    0
 4356	    3	 34.7	 33.0	 24.2	  4.7	  5.0	 61.7	0	    0
	    0
	    0
	    0
	    0
	    0
	    0
	    0
	    0
	    0
	    0
	    0
	    0
	    0
	    0
	    0
 4372	    5	 33.8	 26.1	 13.3	  8.1	  8.5	 51.4	0	    0
 4373	    5	 34.1	 26.6	 13.5	  8.1	 81.5	 83.9	0	    0
	    0
	    0
	    0
	    0
	    0
	    0
	    0
	    0
	    0
	    0
	    0
	    0
 4386	    5	 41.6	 27.7	 14.2	  9.2	 36.4	 14.8	0	    0
	    0
	    0
	    0
	    0
	    0
	    0
	    0
	    0
	    0
	    0
	    0
	    0
	    0
	    0
	    0
	    0
	    0
	    0
	    0
	    0
	    0
 4408	    5	 38.9	 27.1	 13.8	  8.9	 76.9	 78.9	0	    0
	    0
	    0
	    0
	    0
	    0
	    0
	    0
	    0
	    0
	    0
	    0
	    0
	    0
	    0
	    0
	    0
	    0
	    0
	    0
	    0
	    0
	    0
	    0
	    0
	    0
	    0
	    0
	    0
	    0
 4438	    5	 40.1	 27.3	 13.9	  9.1	 44.9	 17.3	1	    0
	    0
	    0
	    0
	    0
	    0
	    0
	    0
	    0
	    0
	    0
	    0
	    0
	    0
	    0
	    0
	    0
	    0
	    0
	    0
	    0
	    0
	    0
	    0
	    0
	    0
	    0
	    0
	    0
	    0
	    0
	    0
	    0
	    0
	    0
 4473	    5	 43.4	 28.0	 14.3	  9.5	 40.1	 47.3	0	    0
	    0
	    0
	    0
	    0
	    0
	    0
	    0
	    0
	    0
	    0
	    0
	    0
	    0
	    0
	    0
	    0
	    0
	    0
	    0
	    0
	    0
	    0
	    0
	    0
	    0
	    0
	    0
	    0
	    0
	    0
	    0
	    0
	    0
	    0
	    0
	    0
	    0
	    0
	    0
	    0
	    0
	    0
	    0
 4517	    5	 41.3	 27.4	 14.0	  9.2	 97.4	 20.8	0	    0
	    0
	    0
	    0
	    0
	    0
	    0
	    0
	    0
	    0
	    0
	    0
	    0
	    0
	    0
	    0
 4533	    5	 42.5	 27.8	 14.2	  9.4	 38.7	  1.4	0	    0
	    0
	    0
	    0
	    0
	    0
	    0
	    0
	    0
	    0
	    0
	    0
	    0
 4546	    5	 41.5	 27.5	 14.1	  9.2	 99.0	 60.3	0	    0
	    0
	    0
 4549	    3	 33.9	 32.8	 24.1	  4.6	 36.0	  6.5	0	    0
	    0
	    0
	    0
 4553	    5	 44.5	 28.0	 14.4	  9.7	 64.3	 24.9	0	    0
	    0
	    0
	    0
	    0
	    0
	    0
	    0
	    0
	    0
	    0
	    0
	    0
	    0
	    0
	    0
	    0
	    0
	    0
	    0
	    0
	    0
	    0
	    0
	    0
	    0
	    0
	    0
	    0
	    0
	    0
	    0
	    0
	    0
	    0
	    0
	    0
	    0
	    0
	    0
	    0
	    0
 4595	    5	 42.9	 28.0	 14.3	  9.4	 35.4	  2.1	0	    0
 4596	    3	 34.6	 32.9	 24.1	  4.7	 56.1	 22.1	0	    0
	    0
	    0
	    0
	    0
	    0
 4602	    5	 43.8	 27.8	 14.3	  9.6	 45.4	 88.7	0	    0
	    0
	    0
 4605	    5	 35.5	 26.7	 13.6	  8.3	 77.4	 11.5	0	    0
	    0
	    0
	    0
	    0
	    0
	    0
 4612	    5	 35.7	 26.7	 13.6	  8.4	 50.8	 66.3	0	    0
	    0
	    0
	    0
	    0
	    0
	    0
	    0
	    0
	    0
	    0
	    0
	    0
	    0
	    0
	    0
	    0
	    0
	    0
	    0
	    0
	    0
	    0
	    0
	    0
	    0
	    0
	    0
 4640	    5	 44.6	 28.1	 14.4	  9.7	 84.3	 48.7	0	    0
	    0
	    0
	    0
	    0
	    0
	    0
	    0
	    0
	    0
	    0
 4651	    5	 42.8	 27.6	 14.1	  9.5	 17.0	  4.4	0	    0
	    0
	    0
	    0
	    0
	    0
	    0
	    0
	    0
 4660	    5	 31.1	 25.5	 13.0	  7.7	 48.6	 41.9	0	    0
	    0
	    0
	    0
	    0
	    0
	    0
	    0
	    0
 4669	    5	 39.1	 27.4	 14.0	  8.9	 82.8	 13.4	0	    0
	    0
	    0
	    0
	    0
	    0
	    0
	    0
	    0
	    0
	    0
	    0
	    0
	    0
	    0
	    0
	    0
	    0
 4687	    5	 31.0	 25.4	 12.9	  7.7	 91.0	 90.6	0	    0
	    0
	    0
	    0
	    0
	    0
	    0
	    0
	    0
	    0
	    0
	    0
	    0
	    0
	    0
	    0
	    0
	    0
	    0
	    0
	    0
	    0
	    0
	    0
	    0
	    0
	    0
	    0
	    0
	    0
	    0
	    0
 4719	    5	 40.3	 27.4	 14.0	  9.1	 30.9	 50.0	0	    0
	    0
 4721	    5	 38.0	 27.1	 13.8	  8.7	 68.7	 78.7	0	    0
	    0
 4723	    5	 35.8	 26.1	 13.3	  8.5	 48.2	 24.9	0	    0
 4724	    5	 40.5	 27.5	 14.1	  9.1	 59.7	 15.7	0	    0
	    0
 4726	    5	 41.1	 27.5	 14.0	  9.2	 13.7	 42.2	0	    0
	    0
	    0
	    0
	    0
	    0
	    0
	    0
	    0
 4735	    3	 34.8	 32.9	 24.1	  4.7	 82.3	 63.4	0	    0
	    0
 4737	    5	 41.3	 27.5	 14.1	  9.2	 43.3	  8.5	0	    0
	    0
	    0
	    0
	    0
	    0
	    0
	    0
	    0
	    0
	    0
	    0
	    0
	    0
	    0
	    0
	    0
	    0
	    0
	    0
	    0
	    0
	    0
	    0
	    0
	    0
	    0
	    0
	    0
	    0
	    0
	    0
	    0
	    0
	    0
	    0
	    0
	    0
	    0
	    0
	    0
	    0
 4779	    5	 33.4	 26.1	 13.3	  8.0	 11.1	 74.7	0	    0
	    0
	    0
	    0
	    0
	    0
	    0
	    0
	    0
	    0
	    0
	    0
	    0
	    0
	    0
	    0
	    0
 4796	    5	 45.3	 28.1	 14.4	  9.8	 71.6	 87.4	0	    0
	    0
	    0
	    0
	    0
	    0
	    0
	    0
	    0
	    0
	    0
	    0
	    0
 4809	    3	 35.9	 32.9	 24.1	  4.8	 94.3	 86.0	0	    0
	    0
	    0
	    0
	    0
	    0
	    0
	    0
	    0
	    0
	    0
	    0
	    0
	    0
	    0
 4824	    5	 35.1	 26.2	 13.3	  8.3	 60.9	 69.0	0	    0
	    0
	    0
	    0
	    0
	    0
	    0
	    0
	    0
	    0
	    0
	    0
	    0
	    0
	    0
	    0
	    0
	    0
	    0
	    0
	    0
	    0
	    0
 4847	    3	 33.6	 32.5	 23.8	  4.6	 83.7	 59.6	0	    0
	    0
	    0
	    0
	    0
	    0
	    0
	    0
	    0
	    0
	    0
	    0
	    0
	    0
	    0
	    0
	    0
	    0
	    0
	    0
	    0
	    0
	    0
	    0
	    0
	    0
	    0
	    0
	    0
	    0
	    0
 4878	    3	 36.0	 33.2	 24.4	  4.8	 94.9	  4.8	0	    0
	    0
	    0
	    0
	    0
	    0
	    0
	    0
	    0
	    0
	    0
	    0
	    0
	    0
	    0
	    0
	    0
	    0
	    0
	    0
	    0
	    0
	    0
	    0
 4902	    5	 43.2	 27.7	 14.2	  9.5	 22.3	 25.1	0	    0
	    0
	    0
	    0
 4906	    5	 40.1	 26.9	 13.7	  9.1	  3.2	 30.6	1	    0
	    0
	    0
	    0
	    0
 4911	    5	 40.8	 27.5	 14.0	  9.1	 85.0	 16.5	0	    0
	    0
	    0
	    0
	    0
	    0
	    0
	    0
	    0
	    0
	    0
	    0
	    0
	    0
	    0
	    0
	    0
	    0
	    0
	    0
	    0
 4932	    5	 33.4	 26.1	 13.3	  8.0	  7.4	 72.6	0	    0
	    0
	    0
	    0
	    0
	    0
	    0
	    0
	    0
	    0
	    0
	    0
	    0
	    0
	    0
	    0
	    0
	    0
	    0
	    0
	    0
	    0
	    0
 4955	    5	 42.1	 27.8	 14.2	  9.3	 10.2	 86.6	0	    0
	    0
	    0
	    0
	    0
	    0
	    0
	    0
	    0
	    0
	    0
	    0
	    0
	    0
	    0
	    0
	    0
	    0
	    0
	    0
	    0
	    0
	    0
	    0
	    0
	    0
	    0
	    0
	    0
	    0
	    0
 4986	    5	 39.4	 27.5	 14.1	  8.9	 46.8	 83.2	0	    0
	    0
	    0
	    0
	    0
	    0
	    0
	    0
	    0
	    0
	    0
	    0
	    0
	    0
	    0
