Nr	Art	BHD	h	kra	kd	x	y	kenn	mort
	    0
	    0
    3	    5	 37.5	 26.9	 13.7	  8.7	 63.6	 44.7	0	    0
	    0
	    0
	    0
	    0
	    0
	    0
	    0
	    0
	    0
	    0
	    0
	    0
   16	    5	 43.4	 27.3	 14.0	  9.6	 65.2	 90.0	0	    0
	    0
	    0
	    0
	    0
	    0
	    0
	    0
   24	    5	 44.7	 27.8	 14.3	  9.7	 74.2	 32.6	0	    0
	    0
	    0
	    0
	    0
   29	    3	 31.8	 31.8	 23.2	  4.4	 54.6	 75.8	0	    0
	    0
	    0
	    0
   33	    5	 33.5	 26.0	 13.2	  8.1	 82.6	 24.4	0	    0
	    0
	    0
	    0
	    0
	    0
	    0
	    0
	    0
	    0
	    0
	    0
	    0
	    0
	    0
   48	    3	 34.4	 32.4	 23.7	  4.7	 71.9	 22.4	0	    0
	    0
	    0
	    0
	    0
	    0
	    0
   55	    5	 38.6	 27.4	 14.0	  8.8	 17.6	 91.4	0	    0
	    0
	    0
	    0
	    0
	    0
	    0
	    0
	    0
	    0
	    0
	    0
	    0
	    0
	    0
	    0
	    0
	    0
	    0
	    0
	    0
	    0
	    0
   78	    3	 35.2	 32.5	 23.7	  4.8	 17.9	 69.9	0	    0
	    0
   80	    5	 48.7	 28.5	 14.7	 10.3	 90.1	 33.3	0	    0
	    0
	    0
	    0
	    0
	    0
	    0
	    0
	    0
	    0
	    0
	    0
	    0
	    0
	    0
	    0
   96	    3	 32.4	 32.0	 23.4	  4.5	 82.2	 27.2	0	    0
	    0
	    0
	    0
	    0
	    0
	    0
	    0
	    0
	    0
	    0
	    0
  108	    5	 39.6	 27.1	 13.8	  9.0	 69.7	 32.3	0	    0
	    0
	    0
	    0
	    0
	    0
	    0
	    0
  116	    3	 32.8	 32.2	 23.6	  4.5	 29.4	 18.7	0	    0
	    0
	    0
	    0
	    0
	    0
	    0
	    0
  124	    3	 33.9	 32.3	 23.6	  4.6	 64.0	 72.6	0	    0
	    0
	    0
	    0
	    0
	    0
	    0
	    0
	    0
  133	    5	 43.1	 27.7	 14.2	  9.5	 17.8	 81.9	0	    0
	    0
	    0
	    0
	    0
	    0
	    0
	    0
  141	    5	 39.6	 27.2	 13.9	  9.0	 13.0	 85.5	0	    0
	    0
	    0
	    0
	    0
	    0
	    0
  148	    3	 30.9	 31.0	 22.6	  4.4	 57.4	 83.8	0	    0
	    0
	    0
	    0
  152	    5	 48.5	 28.3	 14.5	 10.3	 78.9	 74.1	0	    0
	    0
	    0
	    0
	    0
	    0
	    0
	    0
  160	    3	 28.5	 30.2	 22.0	  4.1	 33.4	 90.5	1	    0
	    0
	    0
	    0
	    0
	    0
  166	    3	 33.5	 31.3	 22.7	  4.6	 38.1	 25.2	0	    0
	    0
	    0
	    0
	    0
	    0
	    0
	    0
	    0
	    0
	    0
	    0
	    0
	    0
	    0
	    0
	    0
	    0
  184	    5	 45.7	 28.1	 14.4	  9.9	 62.3	  4.7	0	    0
  185	    5	 40.6	 27.6	 14.1	  9.1	 19.1	  0.5	0	    0
	    0
  187	    3	 33.5	 32.1	 23.4	  4.6	 15.6	 60.6	0	    0
	    0
	    0
	    0
	    0
	    0
	    0
	    0
	    0
	    0
	    0
	    0
	    0
	    0
	    0
	    0
	    0
	    0
	    0
	    0
	    0
	    0
	    0
	    0
  211	    3	 33.2	 31.7	 23.0	  4.6	 94.6	 38.2	0	    0
	    0
	    0
	    0
	    0
	    0
	    0
	    0
	    0
	    0
	    0
	    0
	    0
	    0
	    0
	    0
  227	    3	 32.9	 31.5	 22.9	  4.6	 22.3	  0.9	0	    0
	    0
	    0
	    0
	    0
	    0
	    0
	    0
	    0
	    0
	    0
  238	    3	 31.6	 30.9	 22.3	  4.5	 96.9	 50.7	1	    0
	    0
	    0
	    0
	    0
	    0
	    0
  245	    5	 45.9	 28.0	 14.4	  9.9	  0.8	 93.8	0	    0
	    0
	    0
	    0
	    0
	    0
	    0
	    0
	    0
	    0
	    0
	    0
	    0
	    0
	    0
	    0
	    0
	    0
	    0
	    0
	    0
	    0
  267	    3	 30.4	 30.7	 22.3	  4.3	 34.8	 57.3	1	    0
	    0
	    0
  270	    3	 34.3	 32.2	 23.5	  4.7	 26.4	  5.1	0	    0
	    0
	    0
	    0
	    0
	    0
  276	    3	 32.2	 31.8	 23.2	  4.5	 41.1	  1.5	0	    0
	    0
	    0
	    0
	    0
	    0
	    0
	    0
	    0
	    0
	    0
	    0
	    0
	    0
	    0
	    0
	    0
	    0
	    0
	    0
	    0
	    0
	    0
	    0
	    0
	    0
	    0
	    0
	    0
	    0
	    0
	    0
	    0
	    0
	    0
	    0
	    0
	    0
	    0
	    0
	    0
	    0
	    0
	    0
	    0
	    0
	    0
	    0
	    0
  325	    3	 35.0	 32.5	 23.7	  4.8	  4.7	 28.5	0	    0
	    0
	    0
	    0
  329	    3	 33.8	 32.3	 23.6	  4.6	 47.8	 16.6	1	    0
	    0
	    0
  332	    3	 34.2	 32.1	 23.4	  4.7	 17.0	 14.3	0	    0
  333	    3	 32.0	 30.9	 22.3	  4.5	 34.5	 41.8	0	    0
	    0
	    0
	    0
	    0
	    0
	    0
	    0
	    0
	    0
	    0
	    0
	    0
	    0
	    0
	    0
	    0
	    0
	    0
	    0
	    0
	    0
	    0
	    0
	    0
	    0
	    0
	    0
	    0
	    0
	    0
	    0
  365	    5	 44.4	 27.7	 14.2	  9.7	 94.6	  1.2	0	    0
	    0
	    0
	    0
	    0
	    0
	    0
	    0
	    0
	    0
	    0
	    0
  377	    3	 33.6	 32.4	 23.8	  4.6	 94.2	 10.5	1	    0
	    0
	    0
	    0
	    0
	    0
	    0
	    0
	    0
	    0
	    0
	    0
	    0
	    0
  391	    5	 45.5	 27.8	 14.2	  9.9	 54.8	 61.6	0	    0
  392	    3	 32.9	 30.8	 22.2	  4.6	 50.4	 15.0	0	    0
	    0
	    0
	    0
	    0
	    0
	    0
	    0
	    0
	    0
	    0
	    0
	    0
	    0
	    0
	    0
	    0
	    0
	    0
	    0
	    0
	    0
	    0
	    0
	    0
	    0
	    0
	    0
	    0
	    0
	    0
	    0
	    0
	    0
	    0
	    0
	    0
	    0
	    0
	    0
	    0
	    0
	    0
	    0
	    0
	    0
	    0
	    0
	    0
	    0
	    0
	    0
	    0
	    0
	    0
	    0
	    0
  449	    5	 41.4	 27.6	 14.1	  9.2	 53.8	  5.7	0	    0
	    0
	    0
	    0
	    0
	    0
	    0
	    0
	    0
	    0
	    0
	    0
	    0
	    0
	    0
	    0
	    0
  466	    3	 34.6	 32.4	 23.7	  4.7	  8.6	 87.5	0	    0
	    0
  468	    5	 38.6	 27.0	 13.8	  8.8	 24.7	 98.4	0	    0
  469	    3	 32.8	 32.2	 23.6	  4.5	 75.5	 70.3	0	    0
	    0
	    0
	    0
	    0
	    0
	    0
	    0
	    0
	    0
	    0
	    0
	    0
	    0
	    0
	    0
	    0
	    0
	    0
	    0
	    0
	    0
	    0
  492	    3	 33.3	 32.3	 23.6	  4.6	  7.3	 67.6	0	    0
	    0
	    0
	    0
  496	    5	 42.0	 27.3	 13.9	  9.4	 76.0	 45.1	0	    0
	    0
  498	    3	 31.6	 31.5	 23.0	  4.4	  2.5	  8.3	0	    0
	    0
	    0
	    0
	    0
	    0
	    0
	    0
	    0
	    0
	    0
  509	    5	 44.8	 28.0	 14.4	  9.7	 90.0	 73.9	0	    0
	    0
	    0
	    0
	    0
	    0
	    0
	    0
	    0
	    0
	    0
	    0
	    0
	    0
	    0
	    0
	    0
	    0
	    0
	    0
	    0
	    0
	    0
	    0
	    0
	    0
	    0
	    0
	    0
	    0
  539	    3	 34.2	 32.7	 24.0	  4.6	 12.4	 63.3	0	    0
	    0
	    0
	    0
	    0
	    0
	    0
  546	    3	 34.1	 32.5	 23.8	  4.7	 76.4	 48.5	1	    0
	    0
	    0
  549	    3	 33.1	 31.3	 22.7	  4.6	 35.2	 51.1	0	    0
  550	    3	 29.1	 30.0	 21.7	  4.2	 48.7	 57.4	1	    0
	    0
	    0
	    0
	    0
  555	    3	 35.2	 32.6	 23.9	  4.8	 20.0	 26.3	1	    0
	    0
	    0
	    0
	    0
	    0
	    0
	    0
	    0
	    0
	    0
	    0
	    0
	    0
	    0
	    0
	    0
	    0
	    0
	    0
	    0
	    0
	    0
	    0
	    0
	    0
	    0
	    0
	    0
	    0
	    0
  586	    5	 44.9	 27.6	 14.2	  9.8	 93.1	 78.7	0	    0
	    0
	    0
	    0
	    0
	    0
	    0
	    0
  594	    3	 32.5	 31.7	 23.1	  4.5	 85.9	 86.2	0	    0
	    0
	    0
	    0
	    0
	    0
	    0
	    0
	    0
	    0
	    0
	    0
	    0
	    0
	    0
	    0
	    0
	    0
	    0
	    0
	    0
	    0
	    0
	    0
	    0
	    0
	    0
  621	    3	 34.2	 32.4	 23.7	  4.7	 68.1	 94.8	0	    0
	    0
	    0
	    0
	    0
	    0
	    0
	    0
	    0
	    0
	    0
	    0
	    0
	    0
	    0
	    0
	    0
	    0
	    0
	    0
	    0
	    0
	    0
	    0
	    0
	    0
	    0
	    0
	    0
	    0
	    0
	    0
	    0
	    0
	    0
	    0
	    0
	    0
  659	    3	 35.4	 33.0	 24.3	  4.8	 28.3	 18.3	0	    0
	    0
  661	    3	 31.5	 31.1	 22.6	  4.4	 57.0	 10.7	1	    0
	    0
	    0
	    0
	    0
  666	    3	 34.3	 32.3	 23.6	  4.7	 29.5	 50.5	0	    0
	    0
	    0
	    0
	    0
  671	    5	 43.5	 27.5	 14.1	  9.6	 32.8	 55.7	0	    0
	    0
	    0
	    0
	    0
	    0
	    0
	    0
	    0
	    0
	    0
	    0
	    0
	    0
	    0
	    0
	    0
	    0
	    0
	    0
	    0
	    0
	    0
	    0
	    0
	    0
	    0
	    0
	    0
	    0
	    0
	    0
	    0
	    0
	    0
	    0
  707	    3	 34.6	 32.9	 24.2	  4.7	  5.4	 99.5	0	    0
	    0
	    0
	    0
	    0
	    0
	    0
	    0
	    0
	    0
	    0
	    0
	    0
	    0
	    0
  722	    3	 34.4	 32.4	 23.7	  4.7	 11.4	 49.5	1	    0
	    0
	    0
  725	    5	 43.3	 28.0	 14.3	  9.5	 19.6	 50.8	0	    0
	    0
	    0
	    0
	    0
	    0
	    0
	    0
	    0
	    0
	    0
	    0
	    0
	    0
	    0
	    0
	    0
	    0
	    0
	    0
	    0
  746	    3	 34.2	 32.6	 23.9	  4.7	 90.7	  9.5	0	    0
	    0
	    0
	    0
	    0
	    0
	    0
	    0
	    0
	    0
	    0
	    0
	    0
	    0
	    0
	    0
	    0
	    0
  764	    5	 40.5	 27.4	 14.0	  9.1	 59.7	 86.1	0	    0
	    0
	    0
	    0
	    0
	    0
	    0
	    0
	    0
	    0
  774	    5	 39.6	 27.5	 14.0	  8.9	 89.2	 20.2	0	    0
	    0
  776	    5	 47.2	 27.7	 14.2	 10.2	 76.0	 12.1	0	    0
	    0
	    0
	    0
	    0
	    0
	    0
	    0
	    0
	    0
	    0
	    0
	    0
	    0
  790	    5	 51.0	 28.9	 14.9	 10.6	 52.4	 96.1	0	    0
	    0
	    0
	    0
	    0
  795	    5	 46.3	 27.9	 14.3	 10.0	 99.3	 39.6	0	    0
	    0
	    0
	    0
	    0
	    0
	    0
	    0
	    0
	    0
	    0
	    0
	    0
  808	    3	 33.2	 31.7	 23.0	  4.6	 49.9	 52.7	0	    0
	    0
	    0
  811	    5	 45.9	 27.8	 14.3	  9.9	 23.5	 80.3	0	    0
	    0
	    0
	    0
	    0
	    0
	    0
	    0
	    0
	    0
	    0
	    0
	    0
	    0
	    0
	    0
	    0
	    0
	    0
	    0
	    0
	    0
	    0
	    0
  835	    3	 30.2	 30.7	 22.3	  4.3	 81.2	 45.8	0	    0
	    0
	    0
	    0
	    0
	    0
	    0
	    0
	    0
	    0
	    0
	    0
	    0
	    0
	    0
	    0
	    0
	    0
	    0
	    0
	    0
	    0
	    0
  858	    5	 48.0	 28.1	 14.5	 10.2	 77.3	  6.5	0	    0
	    0
	    0
	    0
	    0
	    0
	    0
	    0
	    0
	    0
	    0
  869	    3	 33.6	 32.4	 23.8	  4.6	 81.5	 34.7	0	    0
	    0
  871	    3	 33.5	 32.1	 23.5	  4.6	 84.9	 62.5	0	    0
	    0
	    0
	    0
	    0
  876	    5	 38.0	 26.9	 13.7	  8.7	 20.9	 74.2	0	    0
	    0
  878	    3	 31.4	 31.2	 22.7	  4.4	 96.7	 36.6	0	    0
	    0
	    0
	    0
	    0
	    0
  884	    3	 32.6	 32.0	 23.3	  4.5	  7.4	 96.7	0	    0
	    0
	    0
	    0
	    0
	    0
	    0
	    0
	    0
	    0
	    0
	    0
	    0
	    0
	    0
	    0
	    0
	    0
	    0
	    0
	    0
	    0
	    0
	    0
	    0
	    0
	    0
	    0
	    0
	    0
	    0
	    0
	    0
	    0
	    0
	    0
	    0
  921	    5	 34.3	 26.4	 13.4	  8.2	 34.4	 14.9	0	    0
	    0
	    0
	    0
	    0
	    0
	    0
	    0
	    0
	    0
  931	    3	 31.7	 31.1	 22.5	  4.5	 39.8	 28.1	0	    0
	    0
	    0
	    0
	    0
	    0
	    0
	    0
	    0
	    0
	    0
	    0
	    0
	    0
	    0
	    0
	    0
	    0
	    0
	    0
	    0
	    0
  953	    5	 34.9	 26.5	 13.5	  8.2	 79.6	 38.5	0	    0
	    0
	    0
	    0
	    0
	    0
	    0
	    0
	    0
	    0
	    0
	    0
	    0
	    0
  967	    5	 43.3	 27.5	 14.1	  9.6	 95.8	 30.6	0	    0
	    0
  969	    5	 38.7	 26.8	 13.6	  8.9	 26.3	 50.1	0	    0
	    0
	    0
	    0
	    0
	    0
	    0
	    0
	    0
  978	    5	 43.2	 27.4	 14.0	  9.5	 56.9	 18.3	0	    0
	    0
	    0
	    0
	    0
  983	    3	 31.4	 31.3	 22.8	  4.4	 93.4	 95.8	0	    0
	    0
	    0
	    0
	    0
	    0
	    0
	    0
	    0
	    0
	    0
	    0
	    0
	    0
	    0
	    0
	    0
	    0
	    0
	    0
	    0
	    0
 1005	    5	 44.3	 27.6	 14.1	  9.7	 32.9	 34.3	0	    0
	    0
	    0
	    0
	    0
	    0
	    0
	    0
	    0
	    0
	    0
	    0
	    0
	    0
	    0
	    0
	    0
	    0
	    0
	    0
	    0
	    0
	    0
	    0
	    0
	    0
	    0
	    0
	    0
	    0
	    0
	    0
	    0
	    0
	    0
	    0
	    0
	    0
	    0
	    0
	    0
	    0
	    0
	    0
 1049	    3	 33.1	 31.9	 23.3	  4.6	 81.9	 21.5	0	    0
	    0
	    0
	    0
	    0
	    0
	    0
	    0
	    0
	    0
	    0
	    0
	    0
	    0
	    0
	    0
	    0
	    0
	    0
	    0
	    0
	    0
	    0
	    0
	    0
	    0
	    0
	    0
	    0
	    0
	    0
	    0
	    0
 1082	    5	 45.0	 27.9	 14.3	  9.8	  4.2	 61.7	0	    0
	    0
	    0
	    0
	    0
	    0
	    0
	    0
	    0
	    0
	    0
	    0
 1094	    5	 41.3	 27.3	 13.9	  9.3	 23.8	 13.0	0	    0
	    0
	    0
	    0
	    0
	    0
	    0
	    0
	    0
	    0
	    0
	    0
	    0
	    0
	    0
	    0
	    0
	    0
	    0
	    0
	    0
	    0
	    0
	    0
	    0
	    0
	    0
	    0
	    0
 1123	    5	 43.8	 27.4	 14.0	  9.7	 22.6	 22.8	0	    0
	    0
	    0
	    0
	    0
	    0
	    0
	    0
	    0
	    0
 1133	    3	 29.6	 30.9	 22.5	  4.2	 92.4	 13.4	0	    0
	    0
	    0
	    0
	    0
	    0
	    0
	    0
	    0
	    0
	    0
 1144	    3	 34.3	 32.4	 23.6	  4.7	 50.7	 74.3	0	    0
	    0
	    0
	    0
	    0
	    0
	    0
	    0
	    0
	    0
	    0
	    0
	    0
 1157	    5	 44.6	 27.7	 14.2	  9.8	 87.8	 93.1	0	    0
 1158	    5	 39.6	 27.3	 13.9	  9.0	 65.9	 67.2	0	    0
	    0
	    0
	    0
	    0
	    0
	    0
	    0
	    0
	    0
	    0
	    0
	    0
	    0
	    0
	    0
	    0
	    0
	    0
 1177	    3	 32.5	 31.8	 23.2	  4.5	 36.7	 90.9	1	    0
	    0
	    0
	    0
	    0
	    0
	    0
	    0
	    0
	    0
 1187	    3	 32.1	 31.5	 23.0	  4.5	  8.0	 81.3	0	    0
	    0
	    0
	    0
	    0
	    0
	    0
 1194	    5	 43.9	 27.6	 14.1	  9.6	 32.5	 72.4	0	    0
	    0
	    0
	    0
 1198	    3	 32.9	 31.6	 22.9	  4.6	 92.6	 21.6	0	    0
	    0
	    0
	    0
	    0
	    0
	    0
	    0
	    0
	    0
	    0
	    0
	    0
	    0
	    0
	    0
	    0
	    0
	    0
	    0
	    0
 1219	    5	 42.4	 27.4	 14.0	  9.4	 60.5	 97.7	0	    0
	    0
	    0
	    0
	    0
	    0
	    0
	    0
	    0
	    0
	    0
	    0
	    0
	    0
	    0
	    0
	    0
	    0
	    0
	    0
	    0
	    0
 1241	    5	 36.9	 26.9	 13.7	  8.6	 58.9	 76.9	0	    0
	    0
	    0
	    0
	    0
	    0
	    0
	    0
	    0
	    0
	    0
	    0
	    0
	    0
	    0
	    0
 1257	    3	 31.9	 30.8	 22.2	  4.5	 78.6	  6.6	1	    0
	    0
	    0
	    0
 1261	    3	 33.0	 32.3	 23.7	  4.5	 80.1	 24.6	0	    0
	    0
 1263	    5	 43.8	 28.0	 14.3	  9.6	 31.6	 96.1	0	    0
 1264	    5	 44.5	 27.7	 14.2	  9.7	 28.1	 74.2	0	    0
	    0
	    0
	    0
 1268	    3	 33.5	 32.2	 23.5	  4.6	 25.5	 39.7	1	    0
	    0
	    0
	    0
	    0
	    0
	    0
	    0
	    0
	    0
	    0
	    0
	    0
	    0
	    0
	    0
	    0
	    0
	    0
	    0
	    0
	    0
	    0
	    0
	    0
	    0
	    0
	    0
	    0
	    0
	    0
	    0
	    0
	    0
	    0
	    0
	    0
	    0
	    0
	    0
	    0
 1309	    3	 35.3	 33.1	 24.3	  4.8	 16.5	 32.1	0	    0
 1310	    5	 45.0	 28.0	 14.4	  9.8	 48.0	 13.9	0	    0
	    0
	    0
	    0
	    0
	    0
	    0
	    0
	    0
	    0
	    0
	    0
	    0
 1323	    3	 33.1	 31.9	 23.3	  4.6	 71.8	 26.7	0	    0
	    0
	    0
	    0
	    0
	    0
	    0
	    0
	    0
	    0
	    0
	    0
	    0
	    0
	    0
	    0
	    0
	    0
	    0
	    0
	    0
	    0
	    0
	    0
	    0
	    0
	    0
 1350	    3	 31.2	 31.0	 22.5	  4.4	 82.2	 41.7	0	    0
	    0
	    0
 1353	    5	 44.6	 27.7	 14.2	  9.7	 41.5	 84.1	0	    0
	    0
	    0
	    0
	    0
	    0
	    0
	    0
 1361	    3	 33.2	 31.9	 23.3	  4.6	 55.1	 92.1	0	    0
	    0
	    0
 1364	    3	 34.2	 32.0	 23.3	  4.7	 74.7	  4.0	0	    0
	    0
	    0
	    0
	    0
	    0
	    0
	    0
	    0
	    0
 1374	    5	 39.8	 27.3	 13.9	  9.0	 62.7	 84.5	0	    0
	    0
	    0
	    0
	    0
	    0
	    0
	    0
	    0
	    0
	    0
	    0
	    0
	    0
	    0
	    0
	    0
	    0
	    0
	    0
	    0
	    0
	    0
	    0
	    0
	    0
	    0
	    0
	    0
	    0
	    0
	    0
	    0
	    0
	    0
	    0
	    0
	    0
	    0
	    0
	    0
 1415	    3	 34.9	 32.5	 23.8	  4.7	 79.7	 87.1	1	    0
	    0
	    0
	    0
	    0
	    0
	    0
	    0
	    0
	    0
	    0
 1426	    5	 39.8	 27.1	 13.8	  9.0	 28.8	 50.2	0	    0
	    0
	    0
	    0
	    0
	    0
	    0
	    0
	    0
	    0
	    0
	    0
	    0
	    0
 1440	    5	 46.7	 28.3	 14.5	 10.0	 96.3	 59.7	0	    0
	    0
	    0
	    0
	    0
	    0
	    0
	    0
	    0
	    0
	    0
	    0
 1452	    5	 46.3	 28.0	 14.4	 10.0	  6.7	 90.2	0	    0
	    0
	    0
	    0
	    0
	    0
	    0
	    0
	    0
	    0
	    0
	    0
	    0
	    0
	    0
	    0
	    0
	    0
	    0
	    0
	    0
 1473	    5	 41.5	 27.5	 14.0	  9.3	 98.6	 17.5	0	    0
	    0
	    0
	    0
	    0
	    0
	    0
	    0
	    0
	    0
	    0
	    0
	    0
	    0
 1487	    5	 37.7	 27.0	 13.8	  8.7	 61.4	 11.7	0	    0
	    0
	    0
	    0
	    0
	    0
	    0
 1494	    5	 49.8	 28.7	 14.8	 10.4	 71.6	 43.2	0	    0
	    0
	    0
	    0
	    0
	    0
	    0
	    0
	    0
	    0
	    0
	    0
	    0
	    0
	    0
	    0
	    0
	    0
 1512	    3	 30.4	 30.9	 22.5	  4.3	 90.1	 12.1	0	    0
	    0
 1514	    5	 40.5	 27.2	 13.9	  9.1	 48.5	 93.8	0	    0
	    0
	    0
	    0
	    0
	    0
	    0
	    0
	    0
	    0
	    0
	    0
	    0
	    0
	    0
	    0
	    0
	    0
	    0
	    0
	    0
	    0
	    0
	    0
	    0
	    0
	    0
	    0
 1542	    5	 42.0	 27.6	 14.1	  9.3	 90.8	 48.3	0	    0
	    0
	    0
	    0
	    0
	    0
	    0
	    0
	    0
	    0
	    0
	    0
 1554	    3	 32.0	 31.4	 22.8	  4.5	 91.7	 54.1	0	    0
	    0
	    0
	    0
	    0
	    0
	    0
	    0
	    0
	    0
	    0
	    0
	    0
	    0
	    0
	    0
	    0
	    0
	    0
	    0
	    0
	    0
	    0
	    0
	    0
	    0
	    0
	    0
	    0
	    0
	    0
	    0
	    0
	    0
	    0
	    0
	    0
	    0
	    0
	    0
	    0
	    0
	    0
	    0
	    0
	    0
	    0
	    0
	    0
	    0
	    0
	    0
	    0
	    0
	    0
 1609	    3	 32.9	 31.8	 23.1	  4.6	 93.2	 73.0	0	    0
	    0
	    0
	    0
	    0
	    0
	    0
	    0
	    0
	    0
	    0
	    0
	    0
	    0
	    0
	    0
	    0
	    0
 1627	    5	 36.2	 26.8	 13.7	  8.4	 83.0	 25.3	0	    0
	    0
	    0
	    0
	    0
	    0
	    0
	    0
	    0
	    0
	    0
	    0
	    0
	    0
	    0
	    0
	    0
	    0
	    0
	    0
	    0
	    0
	    0
	    0
	    0
	    0
	    0
	    0
	    0
	    0
	    0
	    0
	    0
	    0
	    0
	    0
	    0
	    0
	    0
	    0
	    0
	    0
	    0
	    0
	    0
	    0
	    0
	    0
	    0
	    0
	    0
 1678	    5	 42.1	 27.7	 14.2	  9.3	  3.5	 87.5	0	    0
	    0
	    0
	    0
	    0
	    0
	    0
	    0
	    0
	    0
	    0
	    0
	    0
	    0
	    0
	    0
	    0
	    0
	    0
	    0
	    0
	    0
	    0
	    0
	    0
	    0
	    0
	    0
	    0
	    0
	    0
	    0
	    0
	    0
	    0
	    0
	    0
	    0
	    0
 1717	    3	 33.1	 32.0	 23.4	  4.6	 10.7	 36.7	0	    0
	    0
	    0
 1720	    5	 40.3	 26.9	 13.7	  9.1	 38.1	 18.7	0	    0
 1721	    5	 34.8	 26.4	 13.4	  8.2	 52.0	 14.7	0	    0
	    0
	    0
	    0
	    0
	    0
	    0
	    0
	    0
 1730	    3	 36.2	 32.6	 23.8	  4.9	 29.0	 70.1	0	    0
	    0
	    0
	    0
	    0
	    0
	    0
	    0
	    0
	    0
	    0
	    0
	    0
	    0
	    0
 1745	    3	 33.8	 32.3	 23.6	  4.6	 42.2	 19.9	0	    0
	    0
	    0
	    0
	    0
	    0
	    0
	    0
	    0
	    0
	    0
	    0
	    0
	    0
	    0
	    0
	    0
	    0
	    0
	    0
	    0
	    0
	    0
	    0
	    0
	    0
 1771	    3	 32.5	 32.2	 23.6	  4.5	 39.3	 74.9	0	    0
	    0
	    0
	    0
	    0
	    0
	    0
	    0
	    0
	    0
	    0
	    0
	    0
	    0
 1785	    5	 37.4	 26.7	 13.6	  8.7	 65.9	  1.1	1	    0
	    0
	    0
	    0
	    0
	    0
	    0
	    0
	    0
	    0
	    0
	    0
	    0
	    0
	    0
	    0
	    0
	    0
	    0
	    0
	    0
	    0
	    0
 1808	    3	 31.7	 32.0	 23.5	  4.4	 85.9	 27.7	0	    0
	    0
 1810	    5	 42.9	 27.2	 13.9	  9.5	 21.7	 89.6	0	    0
	    0
	    0
	    0
	    0
	    0
	    0
	    0
	    0
	    0
	    0
	    0
	    0
	    0
	    0
	    0
	    0
	    0
	    0
	    0
	    0
	    0
	    0
	    0
	    0
	    0
	    0
	    0
	    0
	    0
	    0
	    0
	    0
	    0
	    0
	    0
	    0
	    0
	    0
	    0
	    0
 1851	    5	 35.2	 26.6	 13.6	  8.3	 34.3	 94.0	1	    0
	    0
	    0
	    0
	    0
	    0
	    0
	    0
	    0
	    0
	    0
	    0
	    0
	    0
	    0
	    0
	    0
	    0
	    0
	    0
	    0
	    0
	    0
	    0
	    0
	    0
	    0
	    0
	    0
	    0
	    0
 1882	    5	 33.7	 25.8	 13.1	  8.1	 54.3	 68.6	0	    0
	    0
	    0
	    0
	    0
	    0
	    0
	    0
	    0
	    0
	    0
	    0
	    0
	    0
	    0
	    0
	    0
	    0
	    0
	    0
 1902	    5	 43.4	 27.8	 14.2	  9.5	 54.6	 66.3	1	    0
	    0
	    0
	    0
	    0
	    0
	    0
	    0
 1910	    3	 34.2	 32.3	 23.6	  4.7	 42.1	 30.9	0	    0
	    0
	    0
	    0
	    0
	    0
	    0
	    0
	    0
	    0
	    0
	    0
	    0
 1923	    3	 32.9	 32.3	 23.7	  4.5	 79.3	 13.2	0	    0
	    0
	    0
 1926	    3	 32.0	 31.5	 23.0	  4.5	 28.3	 55.8	0	    0
	    0
	    0
	    0
	    0
	    0
	    0
	    0
	    0
	    0
 1936	    3	 32.4	 31.9	 23.3	  4.5	 82.0	  5.8	0	    0
	    0
	    0
	    0
	    0
	    0
	    0
	    0
	    0
	    0
	    0
	    0
	    0
	    0
	    0
	    0
	    0
	    0
	    0
	    0
	    0
	    0
	    0
	    0
	    0
	    0
	    0
	    0
	    0
	    0
	    0
	    0
	    0
	    0
	    0
	    0
	    0
	    0
	    0
	    0
	    0
	    0
	    0
	    0
	    0
	    0
	    0
	    0
	    0
	    0
	    0
	    0
	    0
	    0
	    0
	    0
	    0
	    0
	    0
	    0
	    0
	    0
	    0
	    0
	    0
	    0
	    0
	    0
	    0
	    0
	    0
	    0
	    0
	    0
	    0
	    0
	    0
	    0
	    0
	    0
	    0
	    0
	    0
	    0
	    0
	    0
	    0
	    0
	    0
	    0
	    0
	    0
 2028	    3	 31.9	 30.7	 22.2	  4.5	 95.3	 50.7	0	    0
	    0
	    0
	    0
	    0
	    0
 2034	    5	 39.9	 27.2	 13.9	  9.0	 86.4	 21.8	0	    0
	    0
	    0
	    0
	    0
	    0
	    0
	    0
	    0
	    0
	    0
	    0
	    0
	    0
	    0
	    0
	    0
	    0
	    0
	    0
	    0
	    0
 2056	    5	 34.9	 26.4	 13.4	  8.3	 88.1	 98.0	0	    0
	    0
 2058	    3	 31.8	 31.4	 22.9	  4.4	 97.4	 87.8	0	    0
	    0
	    0
	    0
	    0
	    0
	    0
	    0
 2066	    3	 35.7	 33.2	 24.4	  4.8	  0.5	 42.8	0	    0
	    0
	    0
	    0
	    0
	    0
	    0
	    0
	    0
	    0
 2076	    3	 33.5	 32.3	 23.6	  4.6	 72.9	 79.7	1	    0
	    0
	    0
	    0
	    0
 2081	    3	 35.2	 32.8	 24.1	  4.8	  5.2	 81.8	0	    0
	    0
	    0
	    0
	    0
	    0
	    0
	    0
 2089	    5	 40.8	 27.4	 14.0	  9.2	 91.4	 96.7	0	    0
	    0
	    0
	    0
	    0
	    0
	    0
	    0
	    0
	    0
	    0
	    0
	    0
	    0
	    0
 2104	    5	 45.5	 28.5	 14.6	  9.8	 69.9	 65.2	0	    0
	    0
	    0
	    0
	    0
	    0
	    0
	    0
	    0
	    0
	    0
	    0
 2116	    5	 41.6	 27.4	 14.0	  9.3	 24.3	 35.0	0	    0
	    0
	    0
	    0
	    0
	    0
	    0
	    0
 2124	    5	 41.1	 27.5	 14.0	  9.2	 97.0	  9.0	0	    0
	    0
 2126	    5	 43.6	 27.7	 14.2	  9.6	 51.6	 56.6	0	    0
	    0
 2128	    3	 31.5	 31.7	 23.1	  4.4	 79.3	 57.7	0	    0
	    0
	    0
	    0
	    0
	    0
	    0
	    0
	    0
	    0
	    0
	    0
	    0
	    0
	    0
	    0
	    0
	    0
	    0
	    0
 2148	    5	 40.3	 27.5	 14.0	  9.1	 60.6	 10.1	0	    0
	    0
	    0
	    0
	    0
 2153	    3	 32.6	 31.8	 23.2	  4.5	 40.2	 29.9	0	    0
	    0
	    0
	    0
	    0
	    0
	    0
	    0
	    0
	    0
	    0
	    0
	    0
	    0
	    0
 2168	    3	 34.0	 32.1	 23.4	  4.7	 65.9	 57.9	0	    0
	    0
	    0
	    0
	    0
	    0
	    0
	    0
 2176	    3	 37.2	 32.4	 23.6	  5.0	 68.7	 11.0	0	    0
	    0
	    0
	    0
 2180	    5	 41.4	 27.5	 14.1	  9.2	 40.1	 37.6	1	    0
	    0
	    0
	    0
	    0
	    0
	    0
	    0
	    0
	    0
	    0
	    0
	    0
	    0
	    0
	    0
	    0
	    0
	    0
	    0
 2200	    5	 42.4	 27.9	 14.3	  9.3	 55.8	  7.3	0	    0
	    0
	    0
	    0
 2204	    3	 32.2	 31.6	 23.1	  4.5	 97.8	 11.1	0	    0
	    0
	    0
	    0
	    0
	    0
	    0
	    0
	    0
	    0
	    0
	    0
	    0
	    0
	    0
	    0
 2220	    5	 43.2	 27.5	 14.1	  9.5	 13.4	 43.9	0	    0
 2221	    5	 45.0	 27.9	 14.3	  9.8	 69.2	 50.4	0	    0
	    0
	    0
	    0
	    0
	    0
 2227	    3	 33.6	 32.1	 23.4	  4.6	 41.5	 96.2	0	    0
	    0
	    0
	    0
	    0
	    0
	    0
	    0
 2235	    5	 42.6	 27.5	 14.1	  9.4	 12.2	  7.3	0	    0
	    0
	    0
	    0
	    0
	    0
	    0
 2242	    5	 46.1	 28.4	 14.6	  9.9	 29.0	 99.3	0	    0
	    0
	    0
	    0
	    0
	    0
	    0
	    0
	    0
	    0
 2252	    3	 33.2	 32.1	 23.5	  4.6	  2.2	 70.7	1	    0
	    0
	    0
	    0
	    0
	    0
	    0
	    0
	    0
	    0
	    0
	    0
	    0
	    0
	    0
	    0
	    0
	    0
	    0
	    0
	    0
	    0
	    0
	    0
	    0
	    0
	    0
	    0
	    0
	    0
	    0
	    0
	    0
	    0
	    0
	    0
	    0
	    0
	    0
	    0
	    0
	    0
	    0
	    0
 2296	    3	 32.7	 31.4	 22.8	  4.6	 63.9	 17.9	0	    0
	    0
	    0
 2299	    3	 31.4	 31.5	 23.0	  4.4	 74.8	 87.4	1	    0
	    0
	    0
	    0
	    0
	    0
	    0
	    0
	    0
	    0
	    0
	    0
	    0
	    0
	    0
 2314	    3	 35.3	 32.8	 24.0	  4.8	 53.9	 39.7	0	    0
	    0
	    0
	    0
	    0
 2319	    3	 32.0	 31.4	 22.8	  4.5	 28.3	  7.6	0	    0
	    0
	    0
	    0
	    0
	    0
	    0
	    0
 2327	    3	 31.9	 31.5	 23.0	  4.5	  0.9	  8.2	0	    0
	    0
	    0
	    0
	    0
	    0
	    0
	    0
	    0
	    0
	    0
	    0
	    0
 2340	    3	 32.4	 31.8	 23.2	  4.5	  9.7	 78.2	0	    0
 2341	    5	 38.2	 27.2	 13.9	  8.7	 24.5	 74.7	0	    0
 2342	    5	 45.2	 27.9	 14.3	  9.8	 58.5	 53.2	0	    0
	    0
 2344	    5	 40.8	 27.0	 13.8	  9.2	 34.0	 86.5	0	    0
	    0
 2346	    5	 44.9	 27.9	 14.3	  9.8	 28.3	 66.4	0	    0
 2347	    3	 33.8	 32.3	 23.6	  4.6	 25.5	 87.5	0	    0
	    0
 2349	    5	 34.8	 26.7	 13.6	  8.2	 15.8	  1.8	0	    0
 2350	    5	 38.7	 27.2	 13.9	  8.8	 54.0	 46.5	0	    0
	    0
	    0
	    0
	    0
	    0
	    0
	    0
	    0
	    0
	    0
	    0
	    0
	    0
	    0
	    0
	    0
	    0
 2368	    3	 33.6	 32.7	 24.1	  4.6	 71.9	 90.8	0	    0
	    0
	    0
	    0
	    0
	    0
	    0
	    0
	    0
	    0
	    0
	    0
	    0
	    0
	    0
	    0
	    0
	    0
	    0
	    0
	    0
	    0
	    0
	    0
	    0
	    0
	    0
	    0
	    0
	    0
	    0
	    0
	    0
	    0
	    0
	    0
 2404	    5	 41.3	 27.4	 14.0	  9.2	 94.5	 85.9	0	    0
	    0
	    0
	    0
	    0
	    0
	    0
	    0
	    0
	    0
	    0
	    0
	    0
	    0
	    0
	    0
 2420	    5	 39.7	 27.0	 13.8	  9.0	 33.7	 41.4	0	    0
	    0
	    0
	    0
	    0
 2425	    3	 36.3	 32.7	 23.9	  4.9	 95.6	 74.0	0	    0
	    0
	    0
	    0
 2429	    3	 32.8	 31.7	 23.1	  4.5	 16.7	 96.8	0	    0
	    0
	    0
	    0
	    0
	    0
 2435	    5	 35.0	 26.7	 13.6	  8.3	 89.9	 30.5	0	    0
	    0
	    0
	    0
	    0
	    0
	    0
	    0
	    0
	    0
	    0
	    0
	    0
	    0
	    0
	    0
	    0
	    0
	    0
 2454	    3	 33.6	 32.5	 23.8	  4.6	 81.2	 71.7	0	    0
	    0
	    0
	    0
	    0
	    0
	    0
	    0
	    0
	    0
	    0
	    0
	    0
	    0
	    0
	    0
	    0
	    0
	    0
	    0
	    0
	    0
	    0
 2477	    5	 48.1	 28.2	 14.5	 10.2	 82.4	 66.5	0	    0
	    0
	    0
	    0
	    0
	    0
	    0
	    0
	    0
	    0
	    0
	    0
	    0
	    0
	    0
	    0
	    0
	    0
	    0
	    0
	    0
	    0
	    0
	    0
	    0
	    0
 2503	    3	 33.5	 32.6	 23.9	  4.6	 99.7	 98.5	1	    0
	    0
	    0
	    0
	    0
	    0
	    0
	    0
	    0
	    0
	    0
	    0
	    0
	    0
	    0
	    0
	    0
	    0
	    0
	    0
	    0
	    0
	    0
	    0
	    0
	    0
	    0
	    0
	    0
	    0
	    0
	    0
	    0
	    0
	    0
	    0
	    0
	    0
	    0
	    0
	    0
	    0
	    0
	    0
	    0
	    0
	    0
	    0
	    0
	    0
	    0
 2554	    5	 40.0	 27.2	 13.9	  9.0	 31.4	 22.3	0	    0
	    0
	    0
	    0
 2558	    5	 47.0	 28.5	 14.7	 10.0	 66.5	 82.2	0	    0
	    0
	    0
	    0
	    0
	    0
	    0
	    0
	    0
	    0
	    0
	    0
	    0
 2571	    5	 39.8	 26.9	 13.7	  9.0	 75.7	 16.9	0	    0
	    0
	    0
	    0
	    0
	    0
	    0
	    0
	    0
	    0
	    0
	    0
	    0
	    0
 2585	    5	 45.4	 28.2	 14.4	  9.8	 38.5	 65.9	0	    0
	    0
	    0
	    0
	    0
	    0
 2591	    3	 34.1	 31.2	 22.5	  4.7	 41.3	 35.0	0	    0
	    0
	    0
	    0
	    0
	    0
	    0
	    0
 2599	    5	 44.4	 27.7	 14.2	  9.7	 28.9	 44.5	0	    0
	    0
	    0
	    0
	    0
	    0
	    0
	    0
	    0
	    0
	    0
	    0
	    0
	    0
	    0
	    0
	    0
	    0
	    0
	    0
	    0
	    0
	    0
	    0
	    0
	    0
 2625	    5	 41.8	 27.6	 14.1	  9.3	 39.1	 61.9	0	    0
	    0
	    0
	    0
 2629	    3	 31.1	 31.7	 23.3	  4.3	 39.5	 89.9	0	    0
	    0
 2631	    5	 39.1	 27.3	 13.9	  8.9	 60.1	 78.0	0	    0
	    0
	    0
	    0
 2635	    3	 33.1	 31.9	 23.3	  4.6	 96.0	 71.5	0	    0
	    0
	    0
	    0
	    0
	    0
	    0
	    0
	    0
	    0
	    0
 2646	    3	 33.8	 32.0	 23.3	  4.6	 91.5	 52.2	0	    0
	    0
	    0
	    0
	    0
	    0
	    0
	    0
	    0
 2655	    5	 41.5	 27.6	 14.1	  9.3	 61.2	 35.5	0	    0
	    0
	    0
	    0
	    0
	    0
	    0
	    0
	    0
	    0
 2665	    5	 37.8	 27.0	 13.8	  8.7	 87.9	 53.6	0	    0
	    0
	    0
	    0
	    0
	    0
	    0
	    0
	    0
	    0
 2675	    3	 32.1	 31.5	 22.9	  4.5	 57.6	 42.3	0	    0
	    0
	    0
	    0
	    0
	    0
 2681	    3	 32.3	 32.0	 23.4	  4.5	 56.1	 96.7	0	    0
	    0
	    0
	    0
	    0
	    0
	    0
 2688	    5	 45.4	 28.2	 14.5	  9.8	 35.1	 10.8	0	    0
 2689	    3	 33.9	 32.2	 23.6	  4.6	  4.2	 78.9	0	    0
	    0
	    0
	    0
	    0
	    0
	    0
	    0
	    0
	    0
	    0
	    0
 2701	    3	 32.8	 31.7	 23.1	  4.5	 34.6	 90.9	0	    0
	    0
	    0
	    0
	    0
	    0
	    0
	    0
	    0
	    0
	    0
	    0
	    0
	    0
	    0
	    0
	    0
 2718	    3	 32.9	 31.7	 23.1	  4.6	 47.8	 59.2	0	    0
	    0
	    0
	    0
	    0
	    0
	    0
	    0
	    0
	    0
	    0
	    0
 2730	    5	 44.1	 27.8	 14.2	  9.6	  6.3	 41.2	0	    0
	    0
	    0
	    0
	    0
	    0
	    0
	    0
	    0
	    0
	    0
	    0
	    0
	    0
 2744	    3	 33.4	 32.1	 23.5	  4.6	 78.3	 61.8	0	    0
	    0
	    0
	    0
	    0
	    0
	    0
	    0
	    0
	    0
	    0
 2755	    3	 32.3	 32.1	 23.5	  4.5	 84.4	 69.7	1	    0
	    0
 2757	    5	 48.4	 28.4	 14.6	 10.2	 20.7	 56.4	0	    0
	    0
	    0
	    0
	    0
 2762	    5	 39.4	 27.2	 13.9	  8.9	  8.6	 27.4	1	    0
 2763	    5	 42.3	 27.7	 14.2	  9.4	 32.0	 27.2	0	    0
	    0
	    0
	    0
	    0
	    0
	    0
	    0
	    0
	    0
	    0
	    0
	    0
	    0
	    0
	    0
	    0
	    0
	    0
	    0
	    0
	    0
	    0
	    0
	    0
	    0
	    0
	    0
	    0
	    0
	    0
	    0
	    0
 2796	    3	 34.8	 33.0	 24.2	  4.7	 56.9	 58.8	0	    0
	    0
	    0
	    0
	    0
	    0
	    0
	    0
	    0
	    0
 2806	    5	 44.0	 27.8	 14.2	  9.6	 15.0	 81.8	0	    0
 2807	    3	 31.3	 30.7	 22.2	  4.4	 10.7	 85.3	0	    0
	    0
	    0
	    0
	    0
	    0
	    0
	    0
	    0
	    0
	    0
 2818	    5	 49.2	 28.2	 14.5	 10.4	 45.1	  9.6	0	    0
	    0
	    0
	    0
	    0
	    0
	    0
	    0
	    0
	    0
	    0
	    0
	    0
	    0
	    0
	    0
	    0
	    0
 2836	    3	 34.3	 32.4	 23.7	  4.7	 69.1	 24.2	0	    0
	    0
	    0
	    0
	    0
	    0
	    0
	    0
	    0
	    0
	    0
	    0
	    0
	    0
	    0
	    0
	    0
	    0
	    0
	    0
	    0
 2857	    5	 36.6	 26.7	 13.6	  8.5	 96.7	 65.6	0	    0
	    0
	    0
	    0
	    0
	    0
	    0
	    0
	    0
	    0
	    0
	    0
	    0
	    0
	    0
	    0
	    0
	    0
	    0
	    0
	    0
	    0
 2879	    3	 32.3	 31.7	 23.1	  4.5	 74.9	 78.9	1	    0
	    0
	    0
	    0
	    0
	    0
	    0
	    0
	    0
	    0
 2889	    5	 45.6	 27.8	 14.2	  9.9	 36.1	 27.4	0	    0
	    0
	    0
	    0
	    0
	    0
	    0
	    0
	    0
	    0
	    0
	    0
	    0
 2902	    3	 32.9	 31.9	 23.3	  4.6	 20.2	 36.1	0	    0
	    0
	    0
	    0
	    0
	    0
	    0
 2909	    5	 46.4	 28.1	 14.4	 10.0	  8.1	 70.4	0	    0
	    0
	    0
	    0
	    0
	    0
	    0
	    0
	    0
	    0
	    0
	    0
	    0
	    0
	    0
	    0
	    0
	    0
	    0
	    0
	    0
 2930	    3	 33.4	 31.9	 23.3	  4.6	 54.6	 89.1	0	    0
	    0
	    0
	    0
	    0
	    0
 2936	    5	 39.2	 27.3	 13.9	  8.9	 89.9	 22.6	0	    0
	    0
	    0
	    0
	    0
	    0
	    0
	    0
	    0
	    0
	    0
	    0
	    0
	    0
	    0
	    0
	    0
	    0
	    0
	    0
	    0
	    0
	    0
	    0
	    0
	    0
	    0
	    0
	    0
	    0
	    0
	    0
	    0
	    0
 2970	    3	 32.6	 31.6	 23.0	  4.5	 50.0	 43.2	0	    0
	    0
	    0
	    0
	    0
	    0
	    0
	    0
	    0
	    0
	    0
	    0
	    0
	    0
	    0
	    0
	    0
	    0
 2988	    3	 35.3	 32.6	 23.8	  4.8	 97.8	 82.8	0	    0
	    0
	    0
	    0
	    0
	    0
	    0
	    0
	    0
	    0
	    0
	    0
	    0
	    0
	    0
	    0
	    0
	    0
	    0
	    0
	    0
	    0
	    0
 3011	    3	 32.4	 31.7	 23.1	  4.5	 88.7	 62.7	0	    0
	    0
	    0
	    0
	    0
	    0
	    0
	    0
	    0
	    0
	    0
	    0
	    0
	    0
	    0
	    0
	    0
 3028	    5	 42.0	 27.3	 14.0	  9.4	  1.4	 28.3	0	    0
	    0
	    0
	    0
	    0
	    0
	    0
	    0
	    0
	    0
 3038	    5	 39.0	 27.2	 13.9	  8.9	 60.8	 90.1	0	    0
	    0
	    0
	    0
	    0
	    0
	    0
	    0
	    0
	    0
	    0
	    0
	    0
	    0
	    0
	    0
	    0
	    0
	    0
 3057	    5	 46.4	 28.4	 14.6	  9.9	 17.6	  4.8	0	    0
	    0
	    0
	    0
	    0
	    0
	    0
	    0
	    0
	    0
	    0
	    0
	    0
	    0
	    0
 3072	    3	 34.9	 32.4	 23.7	  4.7	 89.0	 63.7	0	    0
	    0
	    0
	    0
	    0
	    0
	    0
	    0
	    0
	    0
	    0
	    0
	    0
	    0
	    0
	    0
	    0
	    0
 3090	    5	 35.9	 26.6	 13.5	  8.4	 98.2	 50.9	0	    0
	    0
 3092	    5	 40.8	 27.8	 14.2	  9.1	 67.3	 40.5	0	    0
 3093	    5	 45.8	 27.8	 14.3	  9.9	 20.9	 64.8	0	    0
 3094	    3	 33.4	 31.8	 23.1	  4.6	 17.1	 67.8	0	    0
	    0
	    0
	    0
	    0
	    0
	    0
	    0
	    0
	    0
	    0
	    0
	    0
	    0
	    0
	    0
	    0
	    0
	    0
	    0
	    0
	    0
	    0
	    0
 3118	    5	 37.0	 26.6	 13.6	  8.6	 36.9	 97.7	0	    0
 3119	    5	 43.3	 27.5	 14.1	  9.6	 12.4	 21.9	0	    0
	    0
	    0
	    0
	    0
	    0
	    0
	    0
	    0
	    0
	    0
	    0
	    0
	    0
	    0
	    0
	    0
	    0
	    0
	    0
	    0
	    0
	    0
 3142	    3	 31.1	 31.3	 22.8	  4.4	 66.0	 71.5	0	    0
	    0
	    0
	    0
	    0
	    0
	    0
 3149	    3	 33.5	 32.1	 23.5	  4.6	  0.0	 65.7	0	    0
	    0
	    0
	    0
	    0
	    0
	    0
	    0
	    0
	    0
	    0
	    0
	    0
	    0
	    0
	    0
	    0
	    0
	    0
	    0
	    0
	    0
	    0
	    0
	    0
	    0
 3175	    3	 34.6	 32.8	 24.1	  4.7	 85.3	 80.7	0	    0
 3176	    3	 33.2	 31.8	 23.2	  4.6	 24.7	  1.4	0	    0
	    0
	    0
	    0
	    0
	    0
	    0
	    0
	    0
	    0
	    0
	    0
	    0
 3189	    5	 48.2	 28.4	 14.6	 10.2	 70.5	  3.3	0	    0
	    0
	    0
	    0
	    0
	    0
	    0
 3196	    5	 44.5	 27.4	 14.0	  9.8	 66.0	 60.2	0	    0
	    0
	    0
	    0
	    0
	    0
	    0
	    0
	    0
	    0
	    0
	    0
	    0
	    0
	    0
	    0
	    0
	    0
	    0
	    0
	    0
	    0
	    0
	    0
	    0
	    0
	    0
	    0
	    0
	    0
	    0
	    0
	    0
	    0
	    0
	    0
	    0
	    0
	    0
	    0
	    0
 3237	    5	 41.7	 27.5	 14.0	  9.3	 90.0	 27.4	0	    0
	    0
	    0
	    0
	    0
	    0
	    0
	    0
	    0
	    0
	    0
	    0
	    0
	    0
	    0
 3252	    5	 49.4	 28.5	 14.7	 10.4	 48.5	 26.5	0	    0
	    0
	    0
	    0
	    0
	    0
	    0
 3259	    5	 37.9	 27.2	 13.9	  8.7	 11.6	 10.5	0	    0
	    0
	    0
	    0
	    0
	    0
	    0
	    0
	    0
	    0
 3269	    5	 48.5	 29.0	 14.9	 10.2	 87.0	 38.4	0	    0
	    0
	    0
	    0
	    0
	    0
	    0
	    0
	    0
	    0
	    0
	    0
	    0
	    0
	    0
	    0
	    0
	    0
	    0
	    0
	    0
 3290	    5	 42.3	 27.7	 14.1	  9.4	 49.2	 82.9	0	    0
	    0
	    0
 3293	    3	 33.9	 32.5	 23.8	  4.6	 13.3	 96.9	0	    0
 3294	    5	 38.1	 26.4	 13.4	  8.8	 17.1	 94.3	0	    0
 3295	    3	 33.1	 31.9	 23.3	  4.6	 24.0	 52.1	1	    0
	    0
	    0
	    0
	    0
	    0
	    0
	    0
	    0
	    0
	    0
 3306	    3	 32.2	 31.6	 23.1	  4.5	  0.8	  6.3	0	    0
	    0
	    0
	    0
	    0
 3311	    5	 45.4	 28.0	 14.4	  9.8	 31.9	  0.3	0	    0
	    0
	    0
	    0
	    0
	    0
	    0
	    0
	    0
	    0
	    0
	    0
	    0
 3324	    3	 34.1	 31.9	 23.2	  4.7	 30.9	 10.1	0	    0
	    0
	    0
	    0
	    0
	    0
	    0
	    0
	    0
	    0
 3334	    3	 33.3	 32.1	 23.4	  4.6	 73.3	 98.6	0	    0
	    0
	    0
	    0
	    0
	    0
	    0
	    0
	    0
	    0
	    0
	    0
	    0
	    0
	    0
	    0
	    0
	    0
	    0
	    0
 3354	    5	 36.7	 26.9	 13.7	  8.5	 51.7	 42.7	0	    0
	    0
	    0
	    0
	    0
	    0
	    0
	    0
 3362	    3	 29.9	 30.4	 22.0	  4.3	 29.0	 64.9	0	    0
 3363	    3	 33.6	 31.9	 23.3	  4.6	 52.0	 12.1	0	    0
	    0
	    0
	    0
	    0
	    0
	    0
	    0
	    0
	    0
	    0
	    0
	    0
	    0
	    0
	    0
	    0
	    0
	    0
	    0
	    0
	    0
	    0
	    0
	    0
	    0
	    0
	    0
	    0
	    0
	    0
	    0
	    0
	    0
	    0
 3398	    3	 34.6	 32.4	 23.6	  4.7	 90.8	 17.5	0	    0
	    0
	    0
	    0
	    0
	    0
	    0
	    0
	    0
	    0
	    0
	    0
	    0
	    0
	    0
	    0
	    0
	    0
 3416	    5	 44.7	 28.0	 14.4	  9.7	 23.0	 71.2	0	    0
	    0
	    0
	    0
	    0
	    0
	    0
 3423	    3	 29.6	 30.1	 21.7	  4.3	 72.5	  3.8	1	    0
	    0
	    0
 3426	    5	 43.0	 27.7	 14.2	  9.5	 37.9	 79.6	1	    0
	    0
	    0
	    0
	    0
	    0
	    0
	    0
	    0
	    0
	    0
 3437	    5	 39.9	 27.3	 13.9	  9.0	 27.6	 37.9	0	    0
 3438	    3	 32.7	 31.7	 23.1	  4.5	 27.0	 61.7	0	    0
	    0
	    0
	    0
 3442	    3	 33.1	 31.5	 22.9	  4.6	 37.9	 46.9	0	    0
	    0
	    0
	    0
	    0
	    0
	    0
	    0
	    0
 3451	    3	 32.8	 31.6	 23.0	  4.6	 21.0	  0.0	1	    0
	    0
	    0
	    0
	    0
	    0
	    0
	    0
	    0
	    0
	    0
	    0
	    0
	    0
	    0
	    0
	    0
	    0
	    0
	    0
	    0
	    0
	    0
	    0
	    0
	    0
	    0
	    0
	    0
	    0
	    0
 3482	    3	 32.7	 31.7	 23.1	  4.5	 82.7	 47.9	0	    0
	    0
	    0
	    0
	    0
	    0
	    0
	    0
	    0
	    0
	    0
	    0
	    0
	    0
 3496	    3	 32.5	 31.3	 22.7	  4.5	 26.7	 47.8	1	    0
	    0
	    0
 3499	    5	 45.4	 28.1	 14.4	  9.8	 43.2	 40.9	0	    0
	    0
	    0
	    0
 3503	    3	 35.9	 32.6	 23.8	  4.9	 91.2	 45.3	0	    0
	    0
	    0
	    0
	    0
	    0
	    0
	    0
	    0
	    0
	    0
	    0
	    0
	    0
	    0
	    0
	    0
	    0
	    0
	    0
	    0
	    0
	    0
	    0
	    0
	    0
	    0
 3530	    3	 34.8	 32.5	 23.8	  4.7	 98.1	 96.2	0	    0
	    0
	    0
	    0
	    0
	    0
	    0
	    0
	    0
 3539	    5	 42.8	 27.4	 14.0	  9.5	  5.7	 13.1	0	    0
	    0
	    0
	    0
	    0
	    0
	    0
	    0
	    0
	    0
	    0
	    0
	    0
	    0
	    0
	    0
	    0
	    0
	    0
	    0
	    0
	    0
	    0
	    0
 3563	    5	 41.5	 27.7	 14.2	  9.2	 13.5	  3.4	0	    0
	    0
	    0
	    0
	    0
	    0
	    0
	    0
	    0
 3572	    3	 30.2	 30.9	 22.5	  4.3	 85.9	 46.5	1	    0
	    0
	    0
	    0
	    0
	    0
	    0
	    0
	    0
	    0
	    0
	    0
	    0
 3585	    5	 45.1	 28.2	 14.5	  9.8	 79.7	 97.3	0	    0
	    0
	    0
	    0
	    0
	    0
	    0
	    0
 3593	    3	 30.1	 30.9	 22.6	  4.3	 17.0	 95.8	1	    0
	    0
	    0
	    0
	    0
	    0
	    0
	    0
	    0
	    0
	    0
	    0
	    0
	    0
	    0
	    0
	    0
	    0
 3611	    3	 34.2	 32.7	 24.0	  4.7	  3.4	 25.6	0	    0
	    0
	    0
	    0
	    0
	    0
	    0
	    0
	    0
	    0
	    0
	    0
	    0
	    0
	    0
	    0
	    0
	    0
	    0
 3630	    5	 45.0	 27.7	 14.2	  9.8	 35.3	 61.3	0	    0
	    0
	    0
	    0
	    0
	    0
	    0
	    0
	    0
 3639	    3	 33.4	 32.1	 23.4	  4.6	 98.7	 35.8	1	    0
	    0
 3641	    5	 30.9	 25.2	 12.8	  7.7	 41.6	 48.2	0	    0
	    0
	    0
	    0
	    0
	    0
	    0
	    0
	    0
	    0
	    0
	    0
 3653	    3	 34.3	 32.5	 23.8	  4.7	 56.6	 64.8	0	    0
	    0
	    0
	    0
	    0
 3658	    5	 47.5	 28.3	 14.6	 10.1	 99.9	 13.9	0	    0
	    0
 3660	    5	 41.6	 27.8	 14.2	  9.2	 37.0	 49.8	0	    0
	    0
	    0
	    0
	    0
	    0
	    0
 3667	    3	 34.3	 32.3	 23.6	  4.7	 27.8	 12.0	1	    0
	    0
	    0
	    0
	    0
	    0
	    0
	    0
	    0
	    0
	    0
	    0
	    0
	    0
	    0
	    0
	    0
	    0
	    0
	    0
	    0
 3688	    3	 33.2	 31.9	 23.3	  4.6	  4.7	 16.7	0	    0
	    0
	    0
	    0
	    0
	    0
	    0
 3695	    5	 39.7	 27.6	 14.1	  8.9	 36.0	 95.4	0	    0
	    0
	    0
	    0
	    0
	    0
	    0
	    0
	    0
	    0
	    0
	    0
	    0
	    0
	    0
	    0
	    0
	    0
	    0
	    0
	    0
	    0
	    0
	    0
	    0
	    0
 3721	    5	 41.8	 27.4	 14.0	  9.3	  6.8	 37.8	0	    0
	    0
	    0
 3724	    5	 41.4	 27.4	 14.0	  9.3	 63.5	 15.8	0	    0
	    0
	    0
	    0
 3728	    3	 32.3	 31.5	 22.9	  4.5	 34.8	 70.0	0	    0
	    0
	    0
	    0
	    0
	    0
 3734	    5	 40.4	 27.2	 13.9	  9.1	 83.1	  1.3	0	    0
	    0
	    0
	    0
	    0
	    0
	    0
	    0
 3742	    5	 35.3	 26.4	 13.4	  8.3	 53.0	 44.2	0	    0
	    0
	    0
	    0
	    0
	    0
	    0
	    0
	    0
	    0
	    0
	    0
	    0
	    0
	    0
	    0
	    0
	    0
	    0
	    0
	    0
	    0
	    0
	    0
	    0
	    0
	    0
	    0
	    0
 3771	    5	 39.9	 27.5	 14.1	  9.0	 15.9	 52.0	0	    0
	    0
	    0
	    0
 3775	    3	 32.0	 31.5	 22.9	  4.5	 32.4	 64.0	0	    0
	    0
	    0
	    0
	    0
	    0
	    0
	    0
	    0
	    0
	    0
	    0
	    0
	    0
	    0
	    0
	    0
	    0
	    0
	    0
	    0
	    0
	    0
	    0
	    0
	    0
	    0
	    0
	    0
	    0
	    0
	    0
	    0
	    0
	    0
	    0
	    0
	    0
	    0
	    0
	    0
	    0
	    0
	    0
	    0
	    0
	    0
	    0
	    0
	    0
	    0
	    0
	    0
	    0
	    0
	    0
	    0
 3832	    5	 39.4	 27.4	 14.0	  8.9	 65.8	 39.3	0	    0
	    0
	    0
	    0
	    0
	    0
 3838	    3	 31.1	 31.4	 22.9	  4.4	 24.3	 84.0	0	    0
	    0
	    0
	    0
	    0
	    0
	    0
	    0
	    0
	    0
	    0
	    0
	    0
	    0
	    0
	    0
	    0
	    0
	    0
	    0
	    0
	    0
	    0
	    0
	    0
	    0
	    0
	    0
	    0
	    0
	    0
	    0
	    0
	    0
	    0
	    0
	    0
	    0
	    0
	    0
	    0
	    0
	    0
	    0
	    0
	    0
	    0
	    0
	    0
 3887	    5	 45.7	 27.7	 14.2	  9.9	  3.1	 51.9	0	    0
	    0
	    0
	    0
	    0
	    0
	    0
	    0
	    0
	    0
	    0
	    0
	    0
	    0
	    0
	    0
	    0
	    0
	    0
	    0
	    0
	    0
	    0
	    0
	    0
	    0
	    0
	    0
	    0
	    0
	    0
	    0
	    0
	    0
	    0
 3922	    5	 44.3	 27.8	 14.3	  9.7	  8.8	 60.8	0	    0
	    0
	    0
	    0
	    0
	    0
 3928	    3	 31.2	 30.8	 22.3	  4.4	 44.0	  5.4	0	    0
	    0
	    0
 3931	    3	 34.1	 32.0	 23.3	  4.7	 61.3	 29.3	0	    0
	    0
	    0
	    0
	    0
	    0
	    0
	    0
	    0
	    0
	    0
	    0
 3943	    3	 33.9	 31.8	 23.1	  4.7	 12.1	 81.1	0	    0
	    0
	    0
 3946	    5	 41.6	 27.3	 14.0	  9.3	 45.9	 77.7	0	    0
	    0
 3948	    5	 44.3	 27.9	 14.3	  9.7	 46.4	 47.5	0	    0
	    0
	    0
	    0
	    0
	    0
	    0
	    0
	    0
	    0
	    0
	    0
	    0
	    0
	    0
	    0
	    0
	    0
	    0
	    0
	    0
	    0
	    0
	    0
	    0
	    0
	    0
	    0
	    0
	    0
	    0
	    0
	    0
	    0
	    0
	    0
	    0
	    0
	    0
	    0
	    0
 3989	    5	 44.0	 27.9	 14.3	  9.6	 37.5	  6.8	0	    0
	    0
	    0
	    0
	    0
	    0
	    0
	    0
 3997	    5	 40.8	 27.5	 14.0	  9.1	 40.2	 21.7	0	    0
	    0
	    0
	    0
	    0
	    0
	    0
	    0
	    0
	    0
	    0
	    0
	    0
	    0
	    0
	    0
	    0
	    0
	    0
	    0
	    0
	    0
	    0
	    0
	    0
	    0
	    0
	    0
	    0
 4026	    5	 42.5	 27.6	 14.1	  9.4	 52.2	 49.7	0	    0
	    0
	    0
	    0
	    0
 4031	    3	 33.6	 32.0	 23.3	  4.6	 96.3	 63.6	1	    0
	    0
	    0
	    0
	    0
	    0
	    0
	    0
	    0
	    0
	    0
	    0
 4043	    5	 45.3	 28.1	 14.4	  9.8	  7.8	 56.7	0	    0
	    0
	    0
	    0
	    0
	    0
	    0
	    0
	    0
	    0
	    0
	    0
	    0
	    0
 4057	    3	 30.1	 30.9	 22.5	  4.3	 92.8	 71.3	1	    0
	    0
	    0
 4060	    3	 32.3	 31.3	 22.7	  4.5	 12.6	 80.8	1	    0
	    0
 4062	    3	 34.3	 32.7	 24.0	  4.7	 79.7	 36.1	0	    0
 4063	    3	 34.7	 32.7	 23.9	  4.7	 31.2	 46.1	0	    0
	    0
 4065	    5	 45.6	 28.2	 14.5	  9.8	 11.7	 73.2	0	    0
	    0
	    0
	    0
	    0
	    0
	    0
	    0
	    0
	    0
	    0
	    0
	    0
	    0
	    0
	    0
	    0
	    0
	    0
 4084	    5	 42.7	 27.7	 14.2	  9.4	 98.3	  3.1	0	    0
	    0
	    0
	    0
	    0
	    0
	    0
 4091	    5	 46.5	 28.0	 14.4	 10.0	 31.5	 81.3	0	    0
	    0
	    0
	    0
	    0
	    0
	    0
	    0
	    0
 4100	    5	 44.6	 27.9	 14.3	  9.7	 13.8	 48.6	0	    0
	    0
	    0
	    0
	    0
	    0
	    0
	    0
	    0
	    0
	    0
 4111	    3	 32.0	 31.7	 23.2	  4.4	 60.7	 64.5	0	    0
	    0
	    0
	    0
	    0
	    0
 4117	    3	 33.4	 31.5	 22.9	  4.6	 39.6	  5.3	1	    0
	    0
	    0
 4120	    5	 46.0	 28.2	 14.5	  9.9	 46.6	 58.7	0	    0
	    0
	    0
	    0
	    0
	    0
	    0
	    0
	    0
	    0
	    0
	    0
 4132	    5	 38.0	 26.8	 13.6	  8.8	 96.1	 27.7	0	    0
	    0
	    0
	    0
	    0
	    0
	    0
	    0
	    0
	    0
	    0
	    0
	    0
 4145	    3	 30.3	 30.7	 22.3	  4.3	  9.0	 40.8	1	    0
	    0
	    0
	    0
	    0
	    0
	    0
	    0
	    0
	    0
	    0
	    0
	    0
	    0
	    0
	    0
	    0
	    0
	    0
	    0
	    0
	    0
	    0
	    0
	    0
	    0
 4171	    3	 33.8	 32.3	 23.6	  4.6	  5.6	 50.5	1	    0
	    0
	    0
	    0
	    0
	    0
	    0
	    0
	    0
	    0
	    0
	    0
	    0
	    0
 4185	    3	 36.0	 33.2	 24.4	  4.8	 75.2	 85.5	0	    0
	    0
	    0
 4188	    5	 43.3	 27.2	 13.9	  9.6	 91.5	 90.4	0	    0
	    0
	    0
	    0
 4192	    5	 40.0	 27.7	 14.2	  9.0	 32.8	 13.8	0	    0
 4193	    3	 34.0	 32.4	 23.7	  4.6	 24.6	 25.7	1	    0
	    0
	    0
	    0
	    0
	    0
	    0
	    0
	    0
	    0
	    0
	    0
	    0
	    0
	    0
 4208	    3	 33.2	 31.9	 23.3	  4.6	 68.1	 13.2	0	    0
	    0
	    0
	    0
	    0
	    0
	    0
	    0
	    0
	    0
	    0
	    0
	    0
	    0
	    0
	    0
	    0
	    0
	    0
	    0
	    0
	    0
	    0
	    0
	    0
	    0
	    0
	    0
	    0
	    0
	    0
	    0
	    0
	    0
	    0
	    0
	    0
	    0
	    0
	    0
	    0
	    0
	    0
	    0
	    0
	    0
	    0
	    0
	    0
	    0
	    0
	    0
	    0
	    0
	    0
 4263	    3	 32.0	 31.2	 22.6	  4.5	 35.0	 79.2	0	    0
	    0
	    0
	    0
	    0
	    0
	    0
	    0
	    0
	    0
	    0
	    0
	    0
	    0
	    0
 4278	    5	 42.0	 27.5	 14.0	  9.4	 15.6	 88.9	0	    0
	    0
	    0
	    0
	    0
	    0
	    0
	    0
	    0
 4287	    5	 47.6	 28.4	 14.6	 10.1	 18.5	 44.3	0	    0
	    0
	    0
	    0
	    0
	    0
	    0
	    0
	    0
	    0
	    0
	    0
	    0
	    0
	    0
	    0
	    0
	    0
	    0
	    0
	    0
	    0
	    0
	    0
	    0
	    0
	    0
	    0
	    0
 4316	    3	 34.5	 32.7	 24.0	  4.7	 47.8	  1.8	0	    0
	    0
	    0
 4319	    5	 43.8	 27.8	 14.2	  9.6	 27.4	 23.1	0	    0
	    0
	    0
	    0
	    0
 4324	    5	 32.6	 25.9	 13.2	  7.9	 99.6	 66.5	0	    0
 4325	    3	 35.4	 32.0	 23.2	  4.8	 98.6	 25.4	0	    0
	    0
	    0
	    0
	    0
	    0
	    0
	    0
	    0
	    0
	    0
	    0
	    0
 4338	    5	 39.4	 27.5	 14.0	  8.9	 45.2	 81.2	0	    0
	    0
	    0
	    0
	    0
	    0
	    0
	    0
	    0
	    0
	    0
	    0
	    0
	    0
	    0
	    0
	    0
	    0
	    0
	    0
	    0
	    0
	    0
	    0
	    0
 4363	    3	 32.8	 31.6	 23.0	  4.6	 43.9	 59.4	0	    0
	    0
	    0
	    0
	    0
	    0
 4369	    3	 33.6	 31.9	 23.2	  4.6	 92.6	 39.0	0	    0
	    0
	    0
	    0
	    0
	    0
	    0
	    0
	    0
	    0
	    0
	    0
	    0
	    0
	    0
	    0
	    0
	    0
	    0
	    0
	    0
	    0
	    0
 4392	    3	 31.3	 31.5	 23.0	  4.4	 41.3	 98.6	0	    0
	    0
	    0
	    0
	    0
	    0
	    0
	    0
 4400	    5	 37.4	 26.9	 13.7	  8.6	 11.8	  1.1	0	    0
	    0
	    0
 4403	    3	 33.1	 32.0	 23.3	  4.6	  4.3	 19.3	0	    0
	    0
	    0
 4406	    3	 32.6	 31.6	 23.0	  4.5	 95.3	 56.2	0	    0
	    0
	    0
	    0
	    0
	    0
	    0
	    0
	    0
	    0
	    0
	    0
	    0
	    0
	    0
	    0
	    0
	    0
	    0
	    0
	    0
	    0
 4428	    5	 44.2	 28.2	 14.5	  9.6	 96.0	 48.2	0	    0
	    0
	    0
	    0
	    0
	    0
	    0
	    0
	    0
	    0
	    0
	    0
	    0
	    0
	    0
	    0
	    0
	    0
	    0
	    0
	    0
	    0
	    0
	    0
	    0
	    0
	    0
	    0
	    0
	    0
	    0
	    0
	    0
	    0
	    0
	    0
	    0
	    0
	    0
	    0
	    0
	    0
	    0
	    0
	    0
 4473	    5	 43.1	 27.6	 14.1	  9.5	 40.1	 47.3	0	    0
	    0
	    0
	    0
	    0
	    0
	    0
	    0
	    0
	    0
	    0
	    0
	    0
 4486	    3	 32.9	 31.8	 23.1	  4.6	  5.7	 43.7	0	    0
	    0
	    0
	    0
	    0
 4491	    3	 34.9	 32.8	 24.0	  4.7	 22.3	 95.3	0	    0
	    0
 4493	    3	 33.2	 32.2	 23.6	  4.6	 93.7	 61.8	1	    0
 4494	    5	 42.2	 27.3	 13.9	  9.4	 38.7	 35.3	0	    0
	    0
	    0
	    0
	    0
	    0
	    0
	    0
	    0
	    0
	    0
	    0
	    0
	    0
	    0
	    0
	    0
	    0
	    0
	    0
 4514	    5	 46.4	 28.5	 14.7	  9.9	 63.2	 48.6	0	    0
	    0
	    0
	    0
	    0
 4519	    3	 32.0	 31.3	 22.8	  4.5	 41.1	 40.6	0	    0
	    0
	    0
	    0
	    0
	    0
	    0
	    0
	    0
	    0
	    0
	    0
	    0
	    0
	    0
	    0
	    0
	    0
	    0
	    0
	    0
	    0
	    0
	    0
	    0
	    0
	    0
	    0
	    0
	    0
	    0
	    0
	    0
	    0
 4553	    5	 42.3	 27.4	 14.0	  9.4	 64.3	 24.9	0	    0
	    0
	    0
	    0
	    0
	    0
	    0
	    0
	    0
	    0
	    0
	    0
	    0
	    0
 4567	    3	 32.5	 31.8	 23.2	  4.5	 66.9	 51.5	0	    0
	    0
	    0
	    0
	    0
	    0
	    0
	    0
	    0
	    0
	    0
	    0
	    0
	    0
	    0
	    0
	    0
	    0
	    0
	    0
	    0
	    0
	    0
	    0
	    0
	    0
	    0
	    0
	    0
	    0
	    0
	    0
	    0
	    0
	    0
	    0
	    0
	    0
	    0
	    0
 4607	    3	 32.2	 31.5	 22.9	  4.5	 60.6	 81.3	0	    0
	    0
	    0
 4610	    5	 43.9	 27.6	 14.1	  9.6	  8.7	 18.2	0	    0
	    0
	    0
	    0
	    0
	    0
	    0
 4617	    5	 43.7	 27.9	 14.3	  9.6	 63.6	 29.4	0	    0
	    0
	    0
	    0
	    0
	    0
	    0
	    0
 4625	    5	 38.0	 27.0	 13.8	  8.7	 32.2	 38.4	0	    0
	    0
	    0
	    0
	    0
	    0
	    0
	    0
	    0
	    0
	    0
	    0
	    0
	    0
	    0
 4640	    5	 49.9	 28.8	 14.9	 10.4	 84.3	 48.7	0	    0
	    0
	    0
	    0
	    0
	    0
	    0
	    0
	    0
	    0
	    0
	    0
	    0
	    0
	    0
	    0
	    0
	    0
 4658	    5	 34.6	 26.4	 13.4	  8.2	 28.5	 27.7	0	    0
	    0
	    0
 4661	    3	 32.4	 31.7	 23.1	  4.5	 33.6	 21.0	0	    0
	    0
	    0
	    0
	    0
	    0
	    0
	    0
	    0
	    0
	    0
	    0
	    0
	    0
	    0
	    0
	    0
	    0
	    0
	    0
	    0
	    0
	    0
	    0
	    0
	    0
	    0
	    0
	    0
	    0
 4691	    3	 32.9	 31.9	 23.3	  4.5	 53.0	  2.2	0	    0
	    0
	    0
	    0
	    0
	    0
	    0
	    0
	    0
	    0
	    0
	    0
	    0
	    0
	    0
 4706	    3	 31.5	 31.3	 22.8	  4.4	 16.0	 55.0	0	    0
	    0
	    0
 4709	    3	 31.8	 31.4	 22.8	  4.4	 28.4	  5.2	0	    0
	    0
	    0
	    0
	    0
	    0
	    0
	    0
	    0
	    0
	    0
	    0
 4721	    5	 38.6	 26.9	 13.7	  8.8	 68.7	 78.7	0	    0
	    0
	    0
	    0
	    0
	    0
	    0
	    0
	    0
	    0
 4731	    5	 40.2	 27.0	 13.8	  9.1	 48.7	 77.9	0	    0
	    0
	    0
	    0
	    0
	    0
	    0
 4738	    5	 45.0	 28.0	 14.3	  9.8	 46.3	  4.7	0	    0
	    0
	    0
	    0
	    0
 4743	    3	 33.2	 31.7	 23.1	  4.6	 30.4	  6.3	0	    0
	    0
	    0
 4746	    3	 32.0	 31.7	 23.2	  4.5	 65.1	 55.5	0	    0
	    0
	    0
 4749	    5	 40.4	 27.4	 14.0	  9.1	 33.1	 47.1	1	    0
	    0
	    0
	    0
	    0
	    0
	    0
	    0
 4757	    5	 45.7	 28.0	 14.4	  9.9	 90.5	 41.6	0	    0
 4758	    5	 38.4	 26.8	 13.7	  8.8	 49.6	 51.4	0	    0
 4759	    3	 31.9	 31.8	 23.2	  4.4	  9.6	 94.5	0	    0
	    0
	    0
	    0
	    0
	    0
	    0
	    0
	    0
	    0
	    0
	    0
	    0
	    0
	    0
	    0
	    0
	    0
	    0
	    0
	    0
	    0
	    0
	    0
	    0
	    0
	    0
	    0
	    0
	    0
	    0
	    0
	    0
	    0
	    0
	    0
	    0
	    0
	    0
 4798	    3	 33.2	 32.1	 23.5	  4.6	 51.0	 87.5	0	    0
	    0
	    0
	    0
	    0
	    0
	    0
	    0
	    0
	    0
	    0
	    0
	    0
	    0
	    0
	    0
	    0
	    0
	    0
	    0
	    0
	    0
	    0
	    0
	    0
	    0
	    0
	    0
	    0
	    0
	    0
	    0
 4830	    3	 34.4	 32.7	 24.0	  4.7	 22.2	 39.7	0	    0
	    0
	    0
	    0
	    0
	    0
	    0
	    0
	    0
	    0
	    0
	    0
	    0
	    0
	    0
	    0
	    0
	    0
	    0
	    0
	    0
	    0
 4852	    5	 42.9	 27.9	 14.3	  9.4	 78.9	 40.1	0	    0
	    0
	    0
	    0
	    0
	    0
	    0
	    0
	    0
	    0
	    0
	    0
	    0
	    0
	    0
 4867	    3	 35.2	 32.9	 24.2	  4.8	 36.2	 34.6	0	    0
	    0
	    0
	    0
	    0
	    0
	    0
	    0
	    0
	    0
	    0
	    0
	    0
	    0
	    0
	    0
	    0
	    0
	    0
	    0
	    0
	    0
	    0
	    0
	    0
	    0
	    0
	    0
	    0
	    0
	    0
	    0
	    0
	    0
	    0
	    0
	    0
	    0
	    0
	    0
	    0
	    0
	    0
	    0
 4911	    5	 44.4	 28.0	 14.3	  9.7	 85.0	 16.5	0	    0
	    0
	    0
	    0
	    0
	    0
	    0
	    0
	    0
	    0
	    0
	    0
	    0
	    0
	    0
	    0
	    0
	    0
 4929	    3	 31.8	 31.9	 23.4	  4.4	 63.2	 33.5	0	    0
	    0
	    0
	    0
	    0
	    0
	    0
	    0
	    0
	    0
	    0
	    0
	    0
	    0
 4943	    3	 33.4	 32.1	 23.5	  4.6	 48.2	 71.1	0	    0
	    0
	    0
 4946	    5	 39.4	 27.4	 14.0	  8.9	 96.2	  6.7	0	    0
	    0
	    0
	    0
	    0
	    0
	    0
	    0
 4954	    3	 33.6	 32.3	 23.6	  4.6	 38.8	 72.1	0	    0
	    0
	    0
	    0
	    0
	    0
	    0
	    0
	    0
	    0
	    0
	    0
	    0
	    0
	    0
	    0
	    0
	    0
	    0
	    0
	    0
	    0
	    0
 4977	    5	 41.0	 27.5	 14.0	  9.2	  9.7	 25.3	0	    0
	    0
 4979	    5	 40.8	 27.4	 14.0	  9.2	 75.5	 35.6	0	    0
	    0
	    0
	    0
	    0
	    0
	    0
	    0
	    0
	    0
	    0
	    0
	    0
	    0
	    0
	    0
	    0
	    0
	    0
	    0
	    0
	    0
