Nr	Art	BHD	h	kra	kd	x	y	kenn	mort
	    0
	    0
	    0
	    0
	    0
	    0
	    0
	    0
	    0
	    0
	    0
	    0
	    0
	    0
	    0
	    0
	    0
	    0
	    0
	    0
	    0
	    0
	    0
	    0
	    0
	    0
	    0
	    0
	    0
	    0
	    0
	    0
	    0
	    0
	    0
	    0
	    0
   38	    5	 28.9	 19.2	  9.5	  8.1	 37.6	 65.9	0	    0
   39	    5	 27.0	 19.2	  9.5	  7.7	 57.1	 65.6	0	    0
	    0
	    0
	    0
	    0
	    0
	    0
	    0
	    0
	    0
	    0
	    0
	    0
	    0
   53	    5	 25.7	 18.6	  9.2	  7.5	  3.9	 70.9	0	    0
	    0
	    0
	    0
   57	    5	 26.1	 18.5	  9.2	  7.7	 59.2	 23.3	0	    0
   58	    5	 28.3	 19.3	  9.6	  8.0	 99.3	 84.3	0	    0
	    0
	    0
	    0
	    0
	    0
	    0
	    0
	    0
	    0
	    0
   69	    5	 30.9	 19.6	  9.8	  8.5	 26.1	 83.5	0	    0
	    0
	    0
	    0
	    0
	    0
	    0
	    0
	    0
	    0
	    0
	    0
	    0
   82	    3	 25.7	 24.8	 16.9	  4.1	 61.1	 15.5	0	    0
   83	    3	 25.2	 24.4	 16.5	  4.0	 66.1	 12.9	0	    0
	    0
	    0
	    0
	    0
	    0
	    0
	    0
	    0
	    0
	    0
   94	    5	 25.9	 18.5	  9.2	  7.6	 27.9	 95.9	0	    0
	    0
	    0
	    0
   98	    3	 25.6	 24.4	 16.6	  4.1	 76.5	 38.7	0	    0
	    0
	    0
	    0
  102	    5	 23.3	 17.7	  8.8	  7.2	 30.2	 92.1	0	    0
	    0
	    0
	    0
	    0
	    0
  108	    5	 28.8	 19.3	  9.6	  8.1	 69.7	 32.3	0	    0
	    0
	    0
	    0
	    0
	    0
	    0
	    0
	    0
	    0
	    0
	    0
	    0
	    0
	    0
	    0
	    0
  125	    5	 32.9	 19.4	  9.7	  8.9	 32.2	 81.9	0	    0
	    0
	    0
	    0
	    0
	    0
	    0
  132	    5	 27.0	 19.0	  9.4	  7.8	  2.5	 87.9	0	    0
	    0
	    0
	    0
	    0
	    0
	    0
	    0
	    0
	    0
	    0
	    0
	    0
	    0
	    0
	    0
	    0
	    0
	    0
	    0
	    0
	    0
	    0
	    0
	    0
  157	    5	 29.4	 19.5	  9.7	  8.2	 56.9	 17.5	0	    0
	    0
	    0
	    0
	    0
	    0
	    0
	    0
	    0
	    0
	    0
	    0
  169	    5	 23.8	 17.8	  8.8	  7.2	 25.4	 70.8	0	    0
	    0
  171	    3	 26.4	 25.1	 17.1	  4.1	  0.7	 40.5	0	    0
	    0
	    0
	    0
  175	    5	 29.1	 19.3	  9.6	  8.2	  5.7	 92.4	0	    0
	    0
	    0
	    0
	    0
	    0
	    0
	    0
	    0
	    0
	    0
	    0
	    0
	    0
	    0
	    0
  191	    5	 24.8	 18.4	  9.2	  7.4	 39.9	 11.4	0	    0
	    0
  193	    5	 25.7	 18.6	  9.2	  7.6	 77.7	 82.1	0	    0
  194	    5	 28.6	 19.4	  9.7	  8.0	 41.4	 80.5	0	    0
  195	    5	 29.6	 19.4	  9.6	  8.3	 47.8	 60.3	0	    0
	    0
	    0
  198	    3	 24.5	 24.6	 16.8	  3.9	 78.5	 67.4	1	    0
	    0
	    0
  201	    5	 30.4	 19.3	  9.6	  8.4	 92.9	 37.0	0	    0
	    0
  203	    5	 28.0	 18.8	  9.3	  8.0	 57.3	 60.6	0	    0
	    0
	    0
  206	    3	 23.5	 24.3	 16.7	  3.8	 56.7	  7.0	1	    0
	    0
	    0
	    0
	    0
	    0
	    0
	    0
	    0
  215	    5	 29.0	 19.1	  9.5	  8.2	 43.0	 27.6	0	    0
	    0
	    0
	    0
	    0
	    0
  221	    5	 26.5	 18.7	  9.3	  7.7	 33.1	 20.2	0	    0
	    0
	    0
	    0
	    0
	    0
	    0
	    0
	    0
	    0
	    0
  232	    3	 24.4	 24.6	 16.9	  3.9	 34.2	 78.2	1	    0
	    0
	    0
	    0
	    0
	    0
  238	    3	 23.4	 24.2	 16.7	  3.8	 96.9	 50.7	1	    0
	    0
	    0
	    0
	    0
	    0
	    0
  245	    5	 29.8	 19.5	  9.7	  8.3	  0.8	 93.8	0	    0
	    0
  247	    5	 27.3	 18.8	  9.3	  7.9	  6.4	 69.8	0	    0
	    0
	    0
  250	    5	 30.3	 19.5	  9.7	  8.4	 98.3	 98.4	0	    0
	    0
	    0
	    0
	    0
  255	    5	 28.0	 18.9	  9.4	  8.0	  5.1	 26.1	0	    0
	    0
	    0
	    0
	    0
  260	    3	 25.8	 24.1	 16.3	  4.1	 31.0	 31.9	0	    0
	    0
	    0
	    0
	    0
	    0
	    0
	    0
	    0
	    0
	    0
	    0
	    0
	    0
	    0
  275	    5	 27.8	 18.8	  9.3	  8.0	  2.0	 58.8	0	    0
	    0
	    0
  278	    5	 28.4	 18.9	  9.4	  8.1	 51.1	 77.7	0	    0
	    0
  280	    5	 29.6	 19.3	  9.6	  8.3	 30.3	 10.0	0	    0
	    0
	    0
	    0
	    0
	    0
	    0
	    0
  288	    5	 29.1	 19.5	  9.7	  8.1	 29.9	 45.6	0	    0
	    0
	    0
	    0
	    0
	    0
	    0
	    0
	    0
	    0
	    0
	    0
	    0
	    0
	    0
	    0
  304	    3	 25.6	 24.7	 16.8	  4.0	 17.4	  3.6	1	    0
	    0
	    0
	    0
	    0
	    0
	    0
	    0
  312	    3	 26.1	 24.9	 17.0	  4.1	 68.9	 24.0	0	    0
	    0
  314	    3	 26.8	 25.1	 17.1	  4.2	 38.4	 87.5	0	    0
	    0
	    0
  317	    5	 24.9	 18.4	  9.1	  7.4	 87.9	 19.7	0	    0
	    0
	    0
	    0
	    0
	    0
	    0
	    0
  325	    3	 23.3	 24.2	 16.6	  3.8	  4.7	 28.5	0	    0
	    0
	    0
	    0
  329	    3	 22.4	 23.9	 16.5	  3.7	 47.8	 16.6	0	    0
	    0
	    0
	    0
	    0
	    0
	    0
	    0
  337	    5	 24.5	 18.2	  9.0	  7.3	 49.1	 40.0	0	    0
  338	    3	 26.0	 24.9	 17.0	  4.1	  9.3	 13.1	0	    0
	    0
	    0
	    0
	    0
	    0
	    0
  345	    3	 26.2	 25.1	 17.2	  4.1	 71.4	 68.2	0	    0
	    0
	    0
	    0
	    0
	    0
	    0
  352	    5	 25.2	 18.5	  9.2	  7.5	 52.0	 49.0	0	    0
  353	    3	 25.0	 24.8	 17.0	  4.0	 68.7	 49.5	0	    0
	    0
	    0
	    0
	    0
	    0
	    0
	    0
	    0
  362	    3	 25.6	 24.8	 17.0	  4.0	 98.4	 59.0	0	    0
	    0
	    0
	    0
  366	    5	 29.6	 19.4	  9.7	  8.3	 79.8	 78.9	0	    0
	    0
	    0
  369	    3	 26.5	 25.0	 17.1	  4.1	 19.9	 35.9	0	    0
	    0
	    0
	    0
	    0
	    0
	    0
	    0
	    0
  378	    5	 24.8	 18.5	  9.2	  7.4	 31.4	  4.5	0	    0
  379	    3	 24.0	 24.3	 16.6	  3.9	 28.0	 93.0	0	    0
  380	    3	 25.5	 24.7	 16.9	  4.0	  1.1	  8.7	0	    0
  381	    5	 28.1	 18.9	  9.4	  8.0	 39.3	 88.3	0	    0
	    0
	    0
	    0
	    0
	    0
	    0
	    0
  389	    5	 27.6	 19.2	  9.5	  7.9	 69.8	 70.1	0	    0
	    0
	    0
	    0
	    0
	    0
	    0
  396	    5	 26.5	 18.1	  9.0	  7.8	 45.2	 55.1	0	    0
	    0
  398	    3	 26.0	 25.0	 17.0	  4.1	  2.5	 88.8	1	    0
	    0
	    0
	    0
	    0
	    0
	    0
  405	    5	 27.8	 18.7	  9.3	  8.0	 28.5	 11.7	0	    0
  406	    3	 25.2	 24.8	 16.9	  4.0	 67.1	 66.5	1	    0
	    0
  408	    5	 24.1	 18.1	  9.0	  7.3	 17.5	 49.6	0	    0
	    0
	    0
	    0
	    0
	    0
	    0
	    0
	    0
	    0
	    0
	    0
	    0
	    0
  422	    5	 30.4	 19.5	  9.7	  8.4	 77.7	  9.1	0	    0
	    0
	    0
	    0
	    0
	    0
	    0
	    0
	    0
  431	    5	 27.5	 18.8	  9.3	  7.9	  2.6	 36.9	0	    0
	    0
	    0
	    0
	    0
	    0
	    0
	    0
	    0
	    0
	    0
	    0
	    0
	    0
	    0
	    0
	    0
	    0
  449	    5	 27.3	 18.5	  9.2	  7.9	 53.8	  5.7	0	    0
	    0
	    0
	    0
	    0
	    0
	    0
  456	    5	 30.2	 19.5	  9.7	  8.4	 59.9	 45.2	0	    0
  457	    5	 25.9	 18.7	  9.3	  7.6	  0.5	  5.1	0	    0
	    0
	    0
  460	    3	 26.0	 25.0	 17.1	  4.1	 89.0	 47.2	0	    0
	    0
	    0
	    0
	    0
	    0
	    0
	    0
	    0
  469	    3	 25.5	 24.8	 16.9	  4.0	 75.5	 70.3	0	    0
	    0
	    0
	    0
	    0
	    0
	    0
	    0
	    0
	    0
	    0
	    0
	    0
  482	    3	 25.9	 24.8	 16.9	  4.1	 85.7	 40.3	0	    0
	    0
	    0
	    0
	    0
	    0
  488	    5	 28.0	 18.9	  9.4	  8.0	 78.9	 52.6	0	    0
	    0
	    0
	    0
	    0
	    0
	    0
	    0
	    0
	    0
	    0
	    0
	    0
	    0
  502	    3	 24.3	 24.5	 16.8	  3.9	  4.5	 32.6	0	    0
	    0
	    0
	    0
  506	    5	 24.9	 18.7	  9.3	  7.4	 36.5	 57.6	0	    0
	    0
	    0
	    0
	    0
	    0
	    0
	    0
	    0
  515	    5	 27.0	 18.9	  9.4	  7.8	 75.5	 15.1	0	    0
	    0
	    0
	    0
	    0
	    0
	    0
	    0
	    0
	    0
  525	    5	 26.6	 18.7	  9.3	  7.7	 78.2	 49.1	0	    0
	    0
	    0
	    0
	    0
	    0
	    0
  532	    5	 29.9	 19.3	  9.6	  8.3	 40.6	  5.3	0	    0
	    0
	    0
	    0
	    0
	    0
  538	    3	 26.1	 24.9	 17.0	  4.1	 74.3	 78.4	0	    0
	    0
	    0
	    0
	    0
	    0
	    0
	    0
	    0
	    0
	    0
	    0
	    0
	    0
	    0
	    0
	    0
	    0
	    0
  557	    5	 27.6	 18.8	  9.3	  7.9	 21.7	  1.3	0	    0
	    0
	    0
	    0
  561	    3	 27.2	 25.3	 17.3	  4.2	 88.6	  1.2	0	    0
	    0
	    0
	    0
	    0
	    0
	    0
	    0
	    0
	    0
	    0
	    0
	    0
	    0
	    0
	    0
  577	    3	 24.9	 24.6	 16.9	  4.0	 36.1	 22.9	0	    0
	    0
	    0
	    0
	    0
  582	    5	 35.9	 20.3	 10.1	  9.4	 13.6	 97.1	0	    0
	    0
	    0
	    0
	    0
	    0
	    0
	    0
  590	    3	 22.1	 23.8	 16.5	  3.6	 64.0	 43.6	0	    0
	    0
  592	    5	 25.8	 18.4	  9.1	  7.6	 98.5	 51.2	0	    0
	    0
	    0
  595	    5	 28.4	 19.1	  9.5	  8.1	 69.5	 93.0	0	    0
	    0
  597	    3	 24.7	 24.5	 16.8	  3.9	 51.1	 91.7	1	    0
	    0
	    0
	    0
  601	    5	 30.2	 19.4	  9.7	  8.4	 70.9	 13.8	0	    0
	    0
	    0
	    0
	    0
	    0
	    0
	    0
	    0
	    0
	    0
	    0
	    0
  614	    5	 27.7	 19.0	  9.5	  7.9	 74.4	 27.8	0	    0
	    0
	    0
	    0
	    0
	    0
	    0
	    0
	    0
	    0
  624	    5	 25.8	 18.8	  9.3	  7.5	 52.2	 50.3	0	    0
	    0
	    0
	    0
	    0
  629	    5	 26.0	 18.8	  9.3	  7.6	  1.7	 52.7	0	    0
	    0
	    0
  632	    3	 25.5	 24.8	 17.0	  4.0	 56.6	 50.2	1	    0
	    0
	    0
	    0
	    0
	    0
	    0
	    0
	    0
	    0
	    0
	    0
	    0
	    0
	    0
	    0
	    0
  649	    5	 30.4	 19.7	  9.8	  8.4	 62.8	 49.7	0	    0
	    0
	    0
	    0
	    0
	    0
	    0
	    0
	    0
  658	    5	 27.9	 18.9	  9.4	  8.0	 20.2	 58.3	0	    0
	    0
	    0
	    0
	    0
  663	    5	 24.6	 18.2	  9.0	  7.4	 34.4	 47.5	0	    0
	    0
	    0
	    0
	    0
	    0
	    0
	    0
  671	    5	 28.5	 18.9	  9.4	  8.1	 32.8	 55.7	1	    0
	    0
	    0
	    0
	    0
	    0
	    0
	    0
	    0
	    0
  681	    5	 25.7	 18.9	  9.4	  7.5	 64.0	 46.2	0	    0
	    0
	    0
  684	    5	 24.9	 18.4	  9.1	  7.4	 57.7	 82.6	0	    0
	    0
	    0
	    0
	    0
	    0
	    0
	    0
	    0
	    0
	    0
	    0
  696	    5	 22.0	 17.1	  8.5	  6.9	 26.6	 60.7	0	    0
	    0
	    0
	    0
	    0
	    0
	    0
	    0
	    0
  705	    3	 27.2	 25.3	 17.2	  4.2	 75.9	  9.0	0	    0
	    0
  707	    3	 25.4	 24.7	 16.8	  4.0	  5.4	 99.5	1	    0
	    0
	    0
	    0
	    0
	    0
	    0
	    0
	    0
	    0
	    0
	    0
	    0
	    0
	    0
	    0
	    0
	    0
	    0
	    0
	    0
	    0
	    0
	    0
	    0
	    0
	    0
	    0
	    0
	    0
	    0
	    0
	    0
	    0
  741	    3	 25.0	 24.4	 16.6	  4.0	 25.1	 11.8	0	    0
	    0
	    0
	    0
	    0
  746	    3	 25.8	 24.8	 16.9	  4.1	 90.7	  9.5	0	    0
	    0
	    0
	    0
	    0
	    0
	    0
	    0
	    0
	    0
	    0
	    0
	    0
	    0
	    0
	    0
	    0
	    0
	    0
	    0
	    0
  767	    5	 27.5	 18.8	  9.3	  7.9	 97.8	 81.3	0	    0
	    0
	    0
  770	    5	 25.2	 18.5	  9.2	  7.5	 84.7	 27.3	0	    0
	    0
  772	    3	 26.0	 24.8	 16.9	  4.1	 81.5	 85.5	0	    0
	    0
	    0
	    0
  776	    5	 25.7	 18.3	  9.1	  7.6	 76.0	 12.1	0	    0
	    0
	    0
  779	    5	 25.3	 18.7	  9.3	  7.4	 81.7	 68.3	0	    0
	    0
	    0
	    0
	    0
	    0
	    0
	    0
	    0
  788	    5	 29.2	 19.0	  9.4	  8.2	 29.1	 26.4	0	    0
	    0
  790	    5	 24.0	 18.2	  9.0	  7.2	 52.4	 96.1	0	    0
	    0
	    0
	    0
	    0
	    0
	    0
	    0
  798	    5	 28.0	 18.7	  9.3	  8.1	  7.5	 21.2	0	    0
	    0
	    0
	    0
	    0
	    0
	    0
	    0
	    0
	    0
	    0
	    0
	    0
	    0
  812	    5	 27.0	 18.6	  9.2	  7.8	 39.1	 84.1	0	    0
	    0
	    0
	    0
	    0
	    0
  818	    5	 26.9	 18.6	  9.3	  7.8	  1.8	 72.8	0	    0
	    0
	    0
  821	    5	 27.8	 18.9	  9.4	  8.0	 71.4	 48.3	0	    0
	    0
	    0
	    0
	    0
  826	    5	 29.9	 19.2	  9.5	  8.4	 21.9	  8.0	0	    0
	    0
	    0
	    0
	    0
	    0
	    0
	    0
	    0
	    0
	    0
	    0
	    0
	    0
  840	    5	 26.9	 18.7	  9.3	  7.8	 48.7	 23.5	0	    0
	    0
	    0
	    0
	    0
	    0
	    0
  847	    3	 25.7	 24.4	 16.6	  4.1	 70.9	 19.8	0	    0
	    0
	    0
	    0
	    0
	    0
  853	    5	 25.0	 18.2	  9.0	  7.4	 90.5	 70.1	0	    0
  854	    5	 28.8	 19.2	  9.5	  8.1	 89.4	 13.2	0	    0
	    0
  856	    3	 27.4	 25.4	 17.3	  4.2	 38.1	 32.8	0	    0
	    0
	    0
	    0
	    0
	    0
	    0
	    0
	    0
	    0
	    0
	    0
	    0
	    0
	    0
	    0
  872	    5	 26.0	 18.7	  9.3	  7.6	 88.0	 18.2	0	    0
	    0
	    0
	    0
	    0
	    0
	    0
	    0
	    0
	    0
	    0
	    0
	    0
	    0
	    0
	    0
  888	    5	 26.1	 18.9	  9.4	  7.6	 74.4	 69.2	0	    0
	    0
	    0
  891	    5	 31.1	 19.5	  9.7	  8.6	  4.7	 22.5	1	    0
  892	    5	 23.9	 18.1	  9.0	  7.2	 59.9	 73.3	0	    0
	    0
	    0
	    0
	    0
	    0
	    0
	    0
	    0
	    0
	    0
	    0
	    0
	    0
	    0
	    0
	    0
	    0
	    0
	    0
	    0
  913	    5	 28.7	 19.4	  9.6	  8.1	 46.5	 29.2	0	    0
	    0
	    0
  916	    3	 23.6	 24.3	 16.7	  3.8	 55.0	 98.4	0	    0
	    0
	    0
  919	    3	 25.0	 24.4	 16.6	  4.0	 49.4	 31.9	1	    0
	    0
  921	    5	 27.7	 18.8	  9.3	  7.9	 34.4	 14.9	0	    0
	    0
  923	    3	 26.2	 24.9	 16.9	  4.1	 89.4	 27.4	0	    0
  924	    3	 25.5	 24.6	 16.8	  4.0	 67.9	 33.2	1	    0
	    0
	    0
	    0
	    0
	    0
	    0
	    0
  932	    5	 27.4	 18.5	  9.2	  7.9	  5.6	 85.0	0	    0
	    0
	    0
	    0
	    0
	    0
	    0
	    0
  940	    3	 26.1	 24.9	 17.0	  4.1	 11.9	 74.9	0	    0
	    0
	    0
	    0
	    0
	    0
  946	    5	 28.6	 19.0	  9.5	  8.1	 61.8	 59.2	0	    0
	    0
	    0
	    0
	    0
  951	    5	 25.5	 18.5	  9.2	  7.5	 26.0	 51.0	1	    0
	    0
	    0
	    0
	    0
	    0
	    0
	    0
  959	    5	 25.9	 19.0	  9.5	  7.5	 90.5	 52.7	0	    0
	    0
	    0
	    0
	    0
	    0
  965	    5	 26.4	 18.7	  9.3	  7.7	 21.8	 16.6	0	    0
	    0
	    0
  968	    3	 25.0	 24.6	 16.9	  4.0	 60.7	 81.3	1	    0
	    0
	    0
	    0
	    0
	    0
	    0
	    0
  976	    5	 31.1	 19.6	  9.8	  8.5	 31.1	 34.1	0	    0
	    0
	    0
	    0
	    0
	    0
	    0
	    0
  984	    3	 25.2	 24.5	 16.7	  4.0	 30.3	 24.4	0	    0
	    0
	    0
	    0
  988	    5	 27.4	 18.9	  9.4	  7.9	 37.0	 85.2	0	    0
	    0
	    0
  991	    5	 31.2	 19.5	  9.7	  8.6	 42.3	 61.5	0	    0
	    0
	    0
	    0
	    0
  996	    5	 27.8	 18.5	  9.2	  8.0	 98.4	  8.9	0	    0
	    0
  998	    3	 26.3	 25.0	 17.1	  4.1	  4.0	 64.6	0	    0
	    0
	    0
	    0
	    0
	    0
 1004	    5	 29.0	 19.0	  9.4	  8.2	 58.4	 57.9	0	    0
	    0
	    0
	    0
	    0
	    0
	    0
	    0
	    0
 1013	    5	 29.4	 19.3	  9.6	  8.2	 33.9	 41.0	0	    0
	    0
	    0
	    0
	    0
	    0
	    0
	    0
 1021	    5	 26.9	 18.9	  9.4	  7.8	 92.5	 16.2	0	    0
	    0
 1023	    5	 26.4	 18.8	  9.3	  7.7	 27.4	  2.5	0	    0
 1024	    5	 25.3	 18.6	  9.2	  7.5	 96.3	 52.1	0	    0
	    0
	    0
	    0
	    0
	    0
	    0
 1031	    5	 22.9	 17.9	  8.9	  7.0	 47.5	 34.1	0	    0
	    0
	    0
	    0
 1035	    3	 26.3	 25.0	 17.1	  4.1	 19.0	 79.1	0	    0
	    0
	    0
	    0
	    0
	    0
	    0
	    0
	    0
	    0
	    0
	    0
	    0
 1048	    5	 28.1	 19.0	  9.4	  8.0	  3.7	 15.2	0	    0
	    0
	    0
	    0
	    0
 1053	    5	 27.1	 18.8	  9.3	  7.8	 62.3	 63.3	0	    0
	    0
	    0
	    0
	    0
	    0
 1059	    5	 23.3	 18.3	  9.1	  7.1	 66.6	 71.6	0	    0
 1060	    3	 25.7	 24.7	 16.8	  4.1	 97.9	 27.1	0	    0
	    0
	    0
 1063	    3	 25.0	 24.2	 16.4	  4.0	 16.4	 59.7	0	    0
 1064	    5	 30.8	 19.8	  9.9	  8.4	 31.1	  2.5	0	    0
	    0
	    0
	    0
 1068	    5	 28.0	 18.9	  9.4	  8.0	 77.9	 87.0	1	    0
	    0
	    0
	    0
	    0
	    0
	    0
	    0
	    0
	    0
	    0
	    0
	    0
 1081	    3	 27.8	 25.6	 17.5	  4.3	 14.4	 66.5	0	    0
	    0
	    0
	    0
	    0
	    0
	    0
	    0
	    0
	    0
	    0
	    0
	    0
	    0
	    0
	    0
 1097	    5	 27.6	 18.8	  9.3	  7.9	 84.7	 21.8	0	    0
	    0
	    0
	    0
	    0
	    0
	    0
	    0
	    0
	    0
	    0
 1108	    3	 26.0	 24.9	 17.0	  4.1	 52.8	 75.5	0	    0
	    0
 1110	    5	 27.4	 19.1	  9.5	  7.8	 25.5	 71.7	0	    0
	    0
	    0
	    0
	    0
	    0
	    0
 1117	    5	 24.7	 18.5	  9.2	  7.3	 43.3	 47.4	0	    0
	    0
	    0
	    0
	    0
	    0
	    0
	    0
 1125	    5	 28.6	 19.2	  9.5	  8.1	 68.7	 43.6	0	    0
	    0
	    0
 1128	    3	 23.7	 24.4	 16.8	  3.8	 35.5	 46.5	0	    0
	    0
	    0
	    0
 1132	    3	 25.1	 24.2	 16.4	  4.0	 62.3	 36.8	0	    0
	    0
	    0
 1135	    3	 27.8	 24.9	 16.8	  4.3	 56.9	 93.2	0	    0
	    0
	    0
	    0
	    0
	    0
	    0
	    0
 1143	    3	 25.1	 24.3	 16.5	  4.0	 89.1	 93.1	0	    0
	    0
	    0
	    0
	    0
	    0
	    0
 1150	    5	 29.1	 19.1	  9.5	  8.2	 58.1	 79.8	0	    0
	    0
	    0
	    0
	    0
	    0
	    0
	    0
	    0
	    0
	    0
	    0
	    0
	    0
	    0
 1165	    3	 25.1	 24.7	 16.9	  4.0	 79.1	  2.0	1	    0
	    0
	    0
	    0
	    0
	    0
	    0
	    0
	    0
	    0
	    0
	    0
	    0
	    0
	    0
 1180	    3	 25.1	 24.7	 16.9	  4.0	 10.9	 56.1	1	    0
	    0
	    0
	    0
 1184	    5	 26.3	 18.4	  9.1	  7.7	 26.5	 80.6	0	    0
	    0
	    0
	    0
	    0
	    0
	    0
	    0
	    0
	    0
	    0
	    0
	    0
	    0
	    0
	    0
	    0
	    0
	    0
 1203	    3	 25.6	 24.6	 16.8	  4.1	 40.7	 69.6	1	    0
	    0
	    0
	    0
	    0
	    0
	    0
	    0
	    0
	    0
	    0
	    0
	    0
	    0
 1217	    3	 24.7	 24.4	 16.7	  3.9	 30.4	 88.5	0	    0
	    0
 1219	    5	 27.7	 19.0	  9.4	  7.9	 60.5	 97.7	0	    0
	    0
 1221	    5	 31.0	 19.5	  9.7	  8.5	 39.7	 30.4	0	    0
	    0
	    0
	    0
	    0
	    0
	    0
	    0
	    0
	    0
	    0
	    0
	    0
	    0
	    0
 1236	    5	 29.4	 19.2	  9.5	  8.3	 15.1	 93.9	0	    0
	    0
	    0
	    0
 1240	    5	 29.4	 19.3	  9.6	  8.2	 78.7	 95.7	0	    0
	    0
	    0
	    0
	    0
	    0
	    0
	    0
	    0
	    0
	    0
	    0
 1252	    3	 26.4	 25.1	 17.1	  4.1	 22.8	 66.3	0	    0
	    0
	    0
	    0
	    0
	    0
	    0
	    0
	    0
 1261	    3	 25.5	 24.9	 17.0	  4.0	 80.1	 24.6	0	    0
	    0
	    0
	    0
	    0
	    0
	    0
	    0
	    0
	    0
	    0
	    0
 1273	    3	 25.3	 24.8	 16.9	  4.0	  7.1	 54.0	0	    0
	    0
	    0
	    0
	    0
 1278	    3	 24.3	 24.5	 16.8	  3.9	 98.0	 11.9	0	    0
	    0
	    0
	    0
	    0
	    0
 1284	    5	 27.7	 18.8	  9.3	  8.0	 42.8	 45.3	0	    0
	    0
	    0
	    0
	    0
	    0
	    0
	    0
	    0
	    0
	    0
	    0
	    0
	    0
 1298	    5	 29.2	 19.6	  9.7	  8.1	  7.3	 60.6	0	    0
 1299	    3	 26.8	 25.2	 17.2	  4.2	 33.8	 51.0	0	    0
	    0
	    0
	    0
	    0
 1304	    5	 25.6	 18.7	  9.3	  7.5	 31.7	 98.3	1	    0
 1305	    5	 27.1	 18.5	  9.2	  7.9	 49.6	 68.4	0	    0
	    0
	    0
	    0
	    0
	    0
	    0
	    0
	    0
	    0
	    0
	    0
	    0
	    0
	    0
	    0
	    0
	    0
	    0
	    0
	    0
	    0
	    0
	    0
	    0
	    0
	    0
 1332	    5	 29.2	 19.1	  9.5	  8.2	 65.6	 95.7	0	    0
	    0
	    0
	    0
	    0
	    0
	    0
	    0
	    0
	    0
	    0
	    0
	    0
	    0
	    0
	    0
 1348	    5	 24.4	 18.0	  8.9	  7.4	 12.4	 24.7	0	    0
	    0
	    0
	    0
 1352	    5	 24.4	 18.2	  9.0	  7.3	 36.5	 94.0	0	    0
	    0
 1354	    3	 23.4	 24.2	 16.7	  3.8	 22.7	 36.8	0	    0
	    0
	    0
	    0
	    0
	    0
	    0
	    0
	    0
	    0
	    0
	    0
	    0
	    0
	    0
	    0
	    0
	    0
	    0
	    0
 1374	    5	 25.9	 18.3	  9.1	  7.6	 62.7	 84.5	0	    0
	    0
	    0
	    0
	    0
	    0
	    0
	    0
	    0
	    0
 1384	    5	 27.2	 18.9	  9.4	  7.8	 22.7	 61.6	0	    0
 1385	    5	 30.9	 19.5	  9.7	  8.5	 85.8	 12.6	0	    0
	    0
	    0
	    0
	    0
	    0
	    0
	    0
	    0
 1394	    3	 25.6	 24.9	 17.0	  4.0	  3.7	 56.3	0	    0
	    0
	    0
	    0
	    0
	    0
	    0
	    0
	    0
 1403	    5	 29.2	 19.2	  9.5	  8.2	  4.7	 79.2	1	    0
	    0
	    0
	    0
 1407	    5	 26.6	 18.6	  9.2	  7.7	 77.9	 24.4	0	    0
	    0
	    0
	    0
 1411	    3	 26.1	 24.9	 17.0	  4.1	  9.0	 40.1	0	    0
	    0
	    0
	    0
	    0
	    0
	    0
	    0
	    0
 1420	    5	 26.3	 18.3	  9.1	  7.7	  7.1	 58.7	0	    0
	    0
	    0
	    0
	    0
	    0
	    0
	    0
	    0
	    0
	    0
	    0
 1432	    5	 29.9	 19.1	  9.5	  8.4	 80.8	 14.1	0	    0
	    0
	    0
	    0
	    0
	    0
	    0
	    0
	    0
	    0
	    0
	    0
	    0
 1445	    5	 25.2	 18.3	  9.1	  7.5	 74.4	 76.7	0	    0
	    0
	    0
	    0
	    0
	    0
	    0
	    0
	    0
	    0
 1455	    5	 22.2	 17.9	  8.9	  6.9	 34.4	 50.6	0	    0
	    0
 1457	    5	 29.2	 19.4	  9.6	  8.2	 67.5	 89.8	0	    0
	    0
	    0
	    0
	    0
	    0
	    0
	    0
	    0
	    0
	    0
	    0
	    0
	    0
	    0
	    0
	    0
	    0
 1475	    3	 26.1	 25.0	 17.0	  4.1	 80.3	  7.7	0	    0
 1476	    5	 28.1	 19.2	  9.6	  8.0	  4.8	 12.8	0	    0
	    0
 1478	    3	 24.8	 24.7	 17.0	  3.9	 63.7	 69.7	0	    0
	    0
	    0
	    0
	    0
	    0
	    0
	    0
	    0
 1487	    5	 29.6	 19.4	  9.6	  8.3	 61.4	 11.7	0	    0
	    0
	    0
 1490	    3	 26.3	 24.5	 16.6	  4.1	 62.8	 18.8	0	    0
	    0
	    0
	    0
	    0
	    0
	    0
	    0
	    0
	    0
	    0
	    0
	    0
	    0
	    0
	    0
	    0
	    0
	    0
	    0
	    0
	    0
	    0
	    0
	    0
	    0
	    0
	    0
	    0
	    0
	    0
	    0
	    0
	    0
	    0
 1525	    5	 29.8	 19.5	  9.7	  8.3	 42.2	 15.5	0	    0
	    0
	    0
	    0
	    0
	    0
	    0
	    0
	    0
	    0
	    0
 1536	    3	 24.9	 24.4	 16.7	  4.0	 71.8	  5.0	0	    0
	    0
 1538	    5	 30.3	 19.2	  9.5	  8.4	 23.1	 51.3	0	    0
 1539	    3	 24.8	 24.4	 16.6	  4.0	 16.3	 78.8	0	    0
	    0
	    0
	    0
	    0
	    0
	    0
	    0
	    0
	    0
	    0
 1550	    3	 26.4	 25.1	 17.2	  4.1	 37.9	 92.7	0	    0
	    0
	    0
	    0
 1554	    3	 27.4	 25.2	 17.1	  4.3	 91.7	 54.1	0	    0
	    0
	    0
	    0
	    0
	    0
	    0
 1561	    3	 24.6	 24.3	 16.6	  3.9	 14.5	 12.9	0	    0
	    0
	    0
	    0
	    0
	    0
	    0
	    0
 1569	    3	 24.4	 24.4	 16.7	  3.9	 39.6	 36.3	1	    0
	    0
	    0
	    0
	    0
	    0
	    0
	    0
	    0
	    0
	    0
	    0
	    0
	    0
	    0
	    0
 1585	    3	 23.4	 24.0	 16.5	  3.8	 15.6	 51.7	0	    0
	    0
	    0
	    0
	    0
	    0
	    0
	    0
	    0
	    0
	    0
 1596	    5	 27.9	 18.9	  9.4	  8.0	 93.8	 83.5	0	    0
	    0
	    0
	    0
	    0
 1601	    5	 29.7	 19.0	  9.4	  8.3	 94.3	 11.4	0	    0
	    0
	    0
	    0
	    0
	    0
	    0
	    0
	    0
	    0
	    0
	    0
	    0
	    0
	    0
	    0
	    0
	    0
	    0
 1620	    3	 24.2	 24.0	 16.3	  3.9	 22.1	 57.8	1	    0
	    0
	    0
	    0
	    0
	    0
	    0
	    0
 1628	    5	 27.5	 19.1	  9.5	  7.9	 43.5	 86.1	0	    0
	    0
	    0
	    0
 1632	    3	 26.2	 25.0	 17.0	  4.1	 42.2	 86.4	0	    0
	    0
	    0
	    0
	    0
	    0
	    0
	    0
 1640	    3	 24.9	 24.3	 16.5	  4.0	 91.2	 42.6	0	    0
	    0
	    0
	    0
	    0
	    0
	    0
	    0
	    0
	    0
	    0
 1651	    3	 25.8	 24.7	 16.8	  4.1	 98.1	 79.6	1	    0
	    0
	    0
	    0
	    0
	    0
	    0
	    0
	    0
	    0
	    0
	    0
	    0
	    0
	    0
	    0
	    0
 1668	    5	 27.2	 18.7	  9.3	  7.9	 33.2	 37.4	0	    0
	    0
 1670	    5	 25.2	 18.8	  9.4	  7.4	 28.9	 51.5	0	    0
	    0
	    0
	    0
	    0
	    0
	    0
	    0
 1678	    5	 27.7	 19.0	  9.4	  7.9	  3.5	 87.5	0	    0
	    0
	    0
	    0
	    0
	    0
	    0
	    0
	    0
	    0
	    0
	    0
	    0
	    0
	    0
	    0
	    0
 1695	    3	 23.4	 24.1	 16.5	  3.8	 27.8	 53.9	0	    0
	    0
	    0
	    0
	    0
	    0
	    0
 1702	    5	 31.5	 19.7	  9.8	  8.6	 42.8	 65.1	0	    0
	    0
	    0
 1705	    5	 24.2	 18.2	  9.0	  7.3	 64.4	  2.6	0	    0
	    0
	    0
	    0
	    0
 1710	    3	 26.1	 24.7	 16.8	  4.1	 49.8	 74.0	0	    0
	    0
	    0
 1713	    3	 25.9	 25.0	 17.1	  4.1	 90.7	 74.6	0	    0
 1714	    5	 27.2	 18.7	  9.3	  7.9	 41.3	 18.9	0	    0
	    0
	    0
	    0
	    0
	    0
	    0
	    0
	    0
	    0
	    0
	    0
	    0
	    0
	    0
	    0
	    0
	    0
	    0
	    0
	    0
	    0
 1736	    5	 32.1	 19.8	  9.8	  8.7	 94.1	 80.7	0	    0
	    0
	    0
	    0
	    0
	    0
	    0
	    0
	    0
	    0
	    0
	    0
	    0
	    0
	    0
	    0
	    0
 1753	    5	 29.4	 19.5	  9.7	  8.2	 55.2	 69.5	0	    0
	    0
	    0
	    0
	    0
	    0
	    0
	    0
	    0
	    0
	    0
	    0
	    0
	    0
	    0
	    0
	    0
	    0
	    0
	    0
	    0
	    0
	    0
	    0
 1777	    3	 27.0	 25.1	 17.0	  4.2	 65.0	 56.2	0	    0
	    0
	    0
	    0
 1781	    3	 26.0	 25.0	 17.1	  4.1	 21.2	 43.6	0	    0
	    0
	    0
	    0
	    0
	    0
	    0
	    0
	    0
	    0
	    0
	    0
	    0
	    0
	    0
	    0
	    0
	    0
 1799	    3	 25.8	 25.0	 17.1	  4.1	 31.4	 18.9	0	    0
	    0
	    0
	    0
	    0
	    0
 1805	    5	 27.6	 18.8	  9.4	  7.9	 70.2	 26.3	0	    0
	    0
	    0
	    0
	    0
 1810	    5	 27.8	 19.2	  9.6	  7.9	 21.7	 89.6	0	    0
	    0
	    0
	    0
	    0
	    0
	    0
	    0
	    0
	    0
	    0
 1821	    5	 28.5	 19.4	  9.6	  8.0	 83.8	 44.3	0	    0
 1822	    5	 27.0	 18.7	  9.3	  7.8	 11.9	 56.3	0	    0
	    0
	    0
	    0
	    0
	    0
	    0
	    0
	    0
	    0
	    0
	    0
	    0
 1835	    5	 27.2	 19.1	  9.5	  7.8	 81.7	 55.0	0	    0
	    0
	    0
	    0
	    0
	    0
	    0
	    0
	    0
	    0
	    0
	    0
	    0
	    0
	    0
	    0
	    0
	    0
	    0
	    0
	    0
	    0
	    0
	    0
	    0
	    0
	    0
	    0
	    0
	    0
 1865	    5	 26.4	 18.8	  9.3	  7.7	 12.5	 30.8	0	    0
 1866	    3	 27.7	 25.2	 17.1	  4.3	 84.7	 29.0	0	    0
	    0
	    0
	    0
	    0
	    0
	    0
 1873	    5	 23.5	 17.7	  8.7	  7.2	 47.2	 85.4	0	    0
	    0
	    0
	    0
	    0
	    0
	    0
 1880	    5	 28.8	 19.3	  9.6	  8.1	 93.8	 92.4	0	    0
	    0
	    0
	    0
 1884	    5	 28.1	 19.1	  9.5	  8.0	 33.6	 94.1	0	    0
	    0
	    0
	    0
	    0
	    0
	    0
	    0
	    0
	    0
	    0
	    0
	    0
	    0
	    0
 1899	    3	 24.4	 24.5	 16.8	  3.9	 48.9	 47.3	1	    0
	    0
	    0
 1902	    5	 28.5	 19.2	  9.5	  8.1	 54.6	 66.3	0	    0
	    0
	    0
	    0
	    0
	    0
	    0
	    0
	    0
	    0
	    0
 1913	    5	 28.5	 19.0	  9.4	  8.1	 95.2	 17.5	0	    0
	    0
 1915	    5	 26.4	 18.6	  9.2	  7.7	 27.3	 91.3	0	    0
	    0
	    0
	    0
	    0
 1920	    5	 25.2	 18.7	  9.3	  7.4	 34.8	 51.0	0	    0
 1921	    5	 28.6	 19.2	  9.5	  8.1	 22.1	 99.1	0	    0
 1922	    3	 24.4	 24.4	 16.7	  3.9	 97.7	 36.4	0	    0
 1923	    3	 24.2	 24.3	 16.7	  3.9	 79.3	 13.2	1	    0
	    0
	    0
	    0
	    0
	    0
	    0
 1930	    5	 28.3	 19.2	  9.5	  8.0	 18.0	 84.4	0	    0
	    0
	    0
	    0
 1934	    3	 24.9	 24.7	 17.0	  4.0	 48.5	 71.6	0	    0
 1935	    5	 30.5	 19.3	  9.6	  8.5	 71.0	 40.2	0	    0
	    0
	    0
 1938	    3	 23.7	 24.3	 16.8	  3.8	 79.0	 39.4	0	    0
	    0
	    0
	    0
	    0
 1943	    5	 31.1	 19.2	  9.5	  8.6	  4.6	 45.3	0	    0
	    0
	    0
	    0
	    0
	    0
	    0
 1950	    5	 23.3	 17.7	  8.8	  7.1	 26.4	 60.5	0	    0
	    0
	    0
	    0
	    0
	    0
	    0
	    0
	    0
	    0
	    0
 1961	    5	 27.0	 18.4	  9.1	  7.9	 52.6	 92.8	0	    0
	    0
	    0
	    0
	    0
	    0
 1967	    5	 27.8	 19.3	  9.6	  7.9	  2.5	 90.2	0	    0
	    0
	    0
	    0
	    0
	    0
 1973	    3	 25.2	 24.8	 17.0	  4.0	 77.7	 92.0	0	    0
	    0
	    0
	    0
	    0
	    0
	    0
	    0
	    0
 1982	    3	 27.5	 25.3	 17.3	  4.3	 89.6	 14.4	0	    0
 1983	    5	 24.7	 18.2	  9.0	  7.4	  9.5	  0.4	0	    0
	    0
	    0
	    0
	    0
 1988	    5	 30.5	 19.6	  9.7	  8.4	 12.6	 66.2	0	    0
	    0
	    0
	    0
	    0
	    0
	    0
	    0
	    0
	    0
	    0
	    0
	    0
	    0
	    0
 2003	    3	 25.9	 24.7	 16.8	  4.1	 73.0	 43.1	1	    0
	    0
	    0
	    0
	    0
	    0
	    0
	    0
 2011	    5	 24.9	 17.9	  8.9	  7.5	 89.4	 89.7	0	    0
	    0
	    0
	    0
	    0
	    0
	    0
	    0
	    0
	    0
	    0
 2022	    5	 26.0	 18.5	  9.2	  7.6	 95.3	 55.4	0	    0
	    0
	    0
	    0
	    0
	    0
	    0
	    0
	    0
	    0
	    0
	    0
	    0
	    0
	    0
	    0
	    0
	    0
	    0
 2041	    5	 28.1	 19.2	  9.5	  8.0	 49.3	 88.0	0	    0
	    0
	    0
 2044	    5	 24.7	 18.1	  9.0	  7.4	 86.6	  6.4	0	    0
 2045	    5	 29.0	 19.0	  9.4	  8.2	 34.5	 65.7	0	    0
	    0
	    0
	    0
	    0
	    0
	    0
	    0
	    0
	    0
	    0
 2056	    5	 28.4	 19.4	  9.7	  8.0	 88.1	 98.0	0	    0
	    0
	    0
	    0
	    0
	    0
	    0
	    0
	    0
	    0
	    0
	    0
	    0
	    0
	    0
	    0
	    0
	    0
	    0
	    0
	    0
	    0
	    0
	    0
	    0
	    0
	    0
	    0
	    0
	    0
	    0
	    0
	    0
	    0
	    0
	    0
	    0
	    0
	    0
	    0
	    0
	    0
	    0
	    0
	    0
 2101	    3	 26.1	 24.4	 16.4	  4.1	 32.9	 23.9	0	    0
	    0
	    0
	    0
	    0
	    0
	    0
	    0
 2109	    5	 27.2	 18.5	  9.1	  7.9	 61.0	 93.6	0	    0
	    0
	    0
	    0
	    0
	    0
	    0
 2116	    5	 25.7	 18.5	  9.2	  7.6	 24.3	 35.0	0	    0
	    0
	    0
	    0
	    0
	    0
	    0
	    0
	    0
	    0
 2126	    5	 26.7	 18.3	  9.1	  7.8	 51.6	 56.6	0	    0
	    0
	    0
	    0
	    0
	    0
	    0
 2133	    5	 31.2	 19.8	  9.9	  8.5	 26.2	 89.7	0	    0
	    0
 2135	    3	 27.5	 25.4	 17.3	  4.3	 69.5	  4.2	0	    0
	    0
	    0
	    0
	    0
	    0
 2141	    5	 29.2	 19.0	  9.4	  8.2	 80.2	 45.9	0	    0
	    0
	    0
 2144	    5	 31.9	 19.8	  9.9	  8.7	 74.4	  2.9	0	    0
	    0
	    0
	    0
	    0
	    0
	    0
 2151	    3	 25.4	 24.8	 17.0	  4.0	  7.4	 83.3	0	    0
	    0
	    0
	    0
	    0
	    0
	    0
 2158	    3	 25.2	 24.5	 16.7	  4.0	  6.0	 31.2	0	    0
	    0
	    0
 2161	    5	 27.1	 18.8	  9.3	  7.8	  5.6	 97.4	0	    0
	    0
	    0
	    0
	    0
	    0
	    0
	    0
	    0
	    0
	    0
 2172	    5	 26.4	 18.6	  9.2	  7.7	 37.4	 78.5	0	    0
	    0
	    0
	    0
	    0
	    0
	    0
	    0
	    0
	    0
	    0
	    0
	    0
	    0
	    0
	    0
	    0
	    0
	    0
	    0
	    0
	    0
	    0
	    0
 2196	    5	 27.9	 18.8	  9.3	  8.0	 20.5	 89.6	0	    0
	    0
 2198	    3	 27.4	 25.2	 17.1	  4.3	  4.3	 14.6	0	    0
 2199	    3	 25.0	 24.7	 16.9	  4.0	 82.0	 91.0	0	    0
	    0
	    0
	    0
 2203	    5	 28.1	 19.0	  9.4	  8.0	 26.6	 49.2	0	    0
	    0
	    0
	    0
	    0
	    0
	    0
	    0
	    0
	    0
	    0
	    0
	    0
	    0
	    0
	    0
	    0
	    0
	    0
	    0
	    0
	    0
 2225	    3	 26.1	 25.0	 17.1	  4.1	 26.7	 67.7	0	    0
	    0
	    0
	    0
	    0
	    0
	    0
	    0
	    0
	    0
	    0
 2236	    5	 26.4	 18.8	  9.3	  7.7	 83.3	 88.5	0	    0
	    0
	    0
	    0
	    0
	    0
	    0
	    0
	    0
	    0
	    0
 2247	    5	 27.9	 19.3	  9.6	  7.9	 47.1	 40.5	0	    0
 2248	    5	 27.1	 18.9	  9.4	  7.8	 10.1	 97.6	0	    0
	    0
	    0
	    0
 2252	    3	 28.2	 25.6	 17.4	  4.3	  2.2	 70.7	0	    0
	    0
	    0
	    0
 2256	    3	 24.2	 24.4	 16.7	  3.9	  4.4	 18.0	0	    0
	    0
	    0
	    0
	    0
 2261	    5	 27.1	 19.2	  9.6	  7.8	 34.6	 59.0	0	    0
	    0
	    0
	    0
	    0
	    0
	    0
 2268	    5	 30.0	 19.4	  9.6	  8.3	 57.1	 31.0	0	    0
	    0
	    0
	    0
 2272	    5	 31.2	 19.4	  9.7	  8.6	 73.2	 36.1	0	    0
	    0
	    0
	    0
	    0
 2277	    3	 24.8	 24.6	 16.8	  3.9	 51.1	 67.4	1	    0
	    0
	    0
	    0
	    0
	    0
	    0
	    0
	    0
	    0
	    0
	    0
	    0
	    0
	    0
	    0
	    0
 2294	    5	 24.4	 18.6	  9.2	  7.3	 30.0	 41.0	0	    0
	    0
	    0
	    0
	    0
	    0
	    0
	    0
	    0
	    0
	    0
	    0
	    0
	    0
	    0
	    0
	    0
	    0
	    0
	    0
	    0
	    0
	    0
 2317	    3	 24.1	 24.3	 16.6	  3.9	 26.0	 93.4	0	    0
	    0
	    0
	    0
	    0
	    0
 2323	    5	 31.9	 19.9	  9.9	  8.7	 12.8	 17.8	1	    0
	    0
	    0
	    0
	    0
	    0
	    0
	    0
	    0
 2332	    5	 31.3	 19.7	  9.8	  8.6	 50.0	 37.9	0	    0
	    0
	    0
	    0
	    0
	    0
	    0
 2339	    5	 27.8	 19.0	  9.4	  7.9	 39.8	 91.2	0	    0
	    0
	    0
 2342	    5	 27.3	 19.0	  9.4	  7.8	 58.5	 53.2	0	    0
	    0
	    0
	    0
	    0
	    0
	    0
 2349	    5	 26.8	 18.8	  9.3	  7.8	 15.8	  1.8	1	    0
 2350	    5	 29.9	 19.4	  9.7	  8.3	 54.0	 46.5	0	    0
	    0
	    0
 2353	    5	 27.0	 18.9	  9.4	  7.8	 62.3	  1.4	0	    0
	    0
	    0
	    0
	    0
	    0
 2359	    5	 29.5	 19.2	  9.5	  8.3	 25.9	 14.8	0	    0
	    0
	    0
	    0
	    0
	    0
	    0
 2366	    5	 28.3	 19.3	  9.6	  8.0	 47.7	  7.1	1	    0
	    0
	    0
	    0
	    0
	    0
	    0
 2373	    3	 25.0	 24.7	 16.9	  4.0	 73.4	 56.2	0	    0
	    0
	    0
	    0
	    0
	    0
	    0
	    0
	    0
	    0
 2383	    5	 27.6	 19.1	  9.5	  7.9	 90.7	 65.4	0	    0
	    0
	    0
	    0
	    0
	    0
	    0
	    0
	    0
 2392	    3	 24.1	 24.6	 16.9	  3.9	 17.1	  7.9	0	    0
	    0
	    0
	    0
	    0
	    0
	    0
	    0
	    0
	    0
	    0
	    0
	    0
	    0
	    0
 2407	    5	 30.0	 19.4	  9.6	  8.4	 38.3	 64.6	0	    0
	    0
	    0
	    0
	    0
	    0
	    0
	    0
	    0
	    0
 2417	    5	 27.5	 18.7	  9.3	  7.9	 30.3	 21.3	1	    0
	    0
	    0
	    0
	    0
	    0
	    0
	    0
	    0
	    0
	    0
	    0
	    0
	    0
 2431	    5	 23.9	 18.0	  9.0	  7.2	 71.6	 17.6	0	    0
	    0
	    0
	    0
	    0
	    0
	    0
	    0
	    0
	    0
	    0
	    0
	    0
	    0
	    0
	    0
	    0
	    0
	    0
	    0
	    0
	    0
	    0
	    0
	    0
	    0
	    0
	    0
	    0
	    0
	    0
	    0
 2463	    3	 24.9	 23.8	 16.1	  4.0	 77.3	 21.6	0	    0
	    0
 2465	    5	 29.0	 19.2	  9.5	  8.2	 63.9	 31.0	0	    0
	    0
	    0
	    0
	    0
 2470	    5	 25.9	 18.5	  9.2	  7.6	 92.6	 52.7	1	    0
	    0
	    0
	    0
 2474	    5	 29.7	 19.2	  9.5	  8.3	 77.8	 46.7	0	    0
	    0
	    0
	    0
	    0
	    0
	    0
	    0
	    0
	    0
 2484	    5	 25.7	 18.4	  9.1	  7.6	 18.3	 70.9	0	    0
 2485	    5	 25.2	 18.2	  9.0	  7.5	 18.3	 56.7	0	    0
	    0
	    0
	    0
	    0
	    0
	    0
	    0
	    0
 2494	    5	 25.9	 18.7	  9.3	  7.6	 30.2	 43.2	0	    0
	    0
	    0
	    0
	    0
	    0
	    0
	    0
	    0
	    0
	    0
	    0
 2506	    5	 27.3	 19.1	  9.5	  7.8	 68.9	 82.3	0	    0
 2507	    5	 24.6	 17.8	  8.8	  7.4	  3.9	 80.9	0	    0
	    0
	    0
	    0
	    0
	    0
	    0
 2514	    5	 32.0	 19.7	  9.8	  8.7	 85.2	 61.7	0	    0
	    0
	    0
 2517	    3	 24.8	 24.5	 16.7	  4.0	 44.5	 47.1	1	    0
	    0
	    0
	    0
	    0
	    0
	    0
	    0
	    0
	    0
	    0
 2528	    3	 24.9	 24.8	 17.0	  3.9	 41.4	 96.3	0	    0
	    0
	    0
	    0
	    0
 2533	    5	 27.7	 18.9	  9.4	  7.9	 90.2	 27.0	0	    0
 2534	    3	 27.3	 25.4	 17.3	  4.2	 66.0	 36.0	0	    0
	    0
	    0
	    0
	    0
 2539	    5	 31.1	 19.5	  9.7	  8.6	 93.2	 32.2	1	    0
	    0
	    0
	    0
	    0
	    0
	    0
 2546	    5	 30.1	 19.0	  9.4	  8.4	 49.8	 63.6	0	    0
	    0
	    0
	    0
	    0
	    0
	    0
	    0
	    0
	    0
	    0
 2557	    3	 26.4	 25.1	 17.1	  4.1	 62.5	 94.6	0	    0
	    0
	    0
 2560	    3	 26.2	 25.0	 17.0	  4.1	 89.4	 66.2	0	    0
 2561	    5	 26.7	 18.7	  9.3	  7.7	 85.7	 36.5	0	    0
	    0
	    0
	    0
	    0
	    0
	    0
	    0
	    0
	    0
	    0
	    0
	    0
	    0
	    0
	    0
	    0
	    0
 2579	    3	 28.5	 25.7	 17.5	  4.4	 11.2	 26.8	0	    0
	    0
	    0
	    0
	    0
	    0
	    0
	    0
	    0
	    0
	    0
	    0
	    0
	    0
	    0
	    0
	    0
	    0
	    0
	    0
	    0
	    0
	    0
	    0
	    0
 2604	    5	 25.8	 18.6	  9.2	  7.6	 82.9	 69.9	0	    0
	    0
	    0
	    0
	    0
 2609	    5	 29.6	 19.1	  9.5	  8.3	 94.5	 96.5	0	    0
	    0
	    0
	    0
	    0
	    0
	    0
	    0
 2617	    5	 24.6	 18.5	  9.2	  7.3	 60.1	 66.5	0	    0
	    0
	    0
	    0
	    0
	    0
 2623	    3	 24.2	 24.2	 16.6	  3.9	 43.5	  6.1	1	    0
	    0
	    0
	    0
	    0
	    0
	    0
	    0
	    0
	    0
	    0
	    0
	    0
	    0
	    0
	    0
	    0
	    0
	    0
	    0
 2643	    3	 24.1	 24.2	 16.5	  3.9	 84.6	 95.0	0	    0
	    0
	    0
	    0
 2647	    5	 27.3	 18.5	  9.2	  7.9	 51.8	 97.3	0	    0
	    0
	    0
	    0
	    0
 2652	    5	 25.8	 18.4	  9.1	  7.6	 19.3	 68.1	0	    0
	    0
 2654	    5	 23.8	 18.0	  8.9	  7.2	 51.1	 25.0	0	    0
	    0
	    0
	    0
	    0
	    0
	    0
	    0
	    0
	    0
	    0
 2665	    5	 29.8	 19.2	  9.5	  8.3	 87.9	 53.6	0	    0
	    0
	    0
	    0
	    0
	    0
	    0
	    0
	    0
	    0
	    0
	    0
 2677	    5	 28.5	 18.9	  9.4	  8.1	 16.9	 24.9	0	    0
	    0
	    0
	    0
	    0
	    0
 2683	    5	 28.8	 19.1	  9.5	  8.1	 92.9	 21.4	0	    0
	    0
	    0
	    0
	    0
 2688	    5	 27.9	 18.9	  9.4	  8.0	 35.1	 10.8	0	    0
	    0
	    0
	    0
	    0
	    0
	    0
 2695	    3	 24.3	 24.5	 16.8	  3.9	 72.7	 98.9	0	    0
	    0
	    0
	    0
	    0
	    0
	    0
	    0
	    0
 2704	    5	 28.3	 19.1	  9.5	  8.0	 58.4	 74.4	0	    0
	    0
	    0
	    0
 2708	    5	 30.5	 19.6	  9.8	  8.4	 88.5	 38.4	1	    0
	    0
	    0
	    0
	    0
	    0
	    0
	    0
	    0
	    0
	    0
	    0
	    0
	    0
 2722	    3	 24.0	 24.4	 16.8	  3.9	 20.5	 32.8	0	    0
 2723	    5	 30.0	 19.4	  9.7	  8.3	 76.4	 31.7	0	    0
	    0
	    0
	    0
	    0
	    0
	    0
	    0
	    0
 2732	    3	 26.7	 25.1	 17.1	  4.2	 36.2	 53.7	0	    0
	    0
	    0
	    0
	    0
 2737	    5	 22.9	 18.0	  8.9	  7.0	 87.4	 91.4	0	    0
	    0
	    0
 2740	    5	 27.6	 18.8	  9.3	  7.9	 72.1	 50.7	0	    0
	    0
	    0
	    0
	    0
	    0
	    0
	    0
	    0
	    0
	    0
	    0
	    0
	    0
	    0
	    0
 2756	    3	 26.7	 25.2	 17.2	  4.2	 48.0	 90.4	0	    0
	    0
 2758	    5	 32.5	 19.7	  9.8	  8.8	 11.3	 44.2	0	    0
	    0
 2760	    5	 22.0	 17.4	  8.6	  6.9	 56.8	 66.9	0	    0
	    0
 2762	    5	 25.5	 18.5	  9.2	  7.5	  8.6	 27.4	0	    0
	    0
	    0
	    0
	    0
	    0
	    0
	    0
	    0
 2771	    3	 23.5	 23.9	 16.4	  3.8	 96.7	  0.6	1	    0
 2772	    5	 27.0	 18.8	  9.3	  7.8	 53.2	 93.9	0	    0
 2773	    5	 27.9	 18.8	  9.3	  8.0	 40.9	 70.7	0	    0
	    0
	    0
	    0
	    0
	    0
	    0
	    0
	    0
	    0
	    0
	    0
	    0
	    0
	    0
	    0
	    0
	    0
	    0
	    0
	    0
	    0
 2795	    5	 29.3	 19.2	  9.5	  8.2	 41.5	 92.5	0	    0
	    0
	    0
	    0
	    0
	    0
	    0
	    0
	    0
	    0
	    0
 2806	    5	 26.6	 18.5	  9.1	  7.8	 15.0	 81.8	0	    0
 2807	    3	 28.6	 25.7	 17.5	  4.4	 10.7	 85.3	0	    0
	    0
	    0
	    0
	    0
	    0
	    0
	    0
	    0
	    0
	    0
	    0
	    0
	    0
	    0
	    0
	    0
	    0
	    0
	    0
	    0
	    0
	    0
	    0
	    0
	    0
	    0
	    0
	    0
	    0
 2837	    5	 29.3	 19.1	  9.5	  8.2	 65.7	 73.4	0	    0
	    0
	    0
	    0
 2841	    5	 26.2	 18.4	  9.1	  7.7	 47.2	 80.7	0	    0
	    0
	    0
	    0
	    0
	    0
	    0
	    0
	    0
	    0
	    0
	    0
 2853	    5	 28.7	 18.8	  9.3	  8.2	 57.4	 77.1	0	    0
	    0
	    0
	    0
	    0
	    0
	    0
	    0
	    0
	    0
	    0
 2864	    5	 28.1	 18.9	  9.4	  8.0	 80.8	 65.6	0	    0
	    0
	    0
	    0
	    0
	    0
	    0
	    0
	    0
	    0
	    0
	    0
	    0
	    0
	    0
	    0
	    0
 2881	    5	 27.5	 19.0	  9.4	  7.9	  9.5	 46.8	0	    0
	    0
	    0
	    0
	    0
	    0
	    0
	    0
	    0
	    0
 2891	    3	 26.0	 24.3	 16.4	  4.1	 91.3	 79.7	0	    0
	    0
	    0
	    0
	    0
	    0
	    0
 2898	    5	 30.8	 19.4	  9.7	  8.5	 34.6	 29.2	0	    0
	    0
	    0
	    0
	    0
	    0
	    0
 2905	    3	 26.4	 25.0	 17.1	  4.1	 96.5	 23.5	0	    0
	    0
	    0
	    0
	    0
	    0
	    0
	    0
 2913	    5	 28.3	 19.0	  9.5	  8.0	 22.7	  3.1	0	    0
 2914	    5	 24.8	 18.2	  9.0	  7.4	 21.5	  4.0	0	    0
 2915	    5	 21.1	 17.0	  8.4	  6.7	 10.3	 58.7	0	    0
	    0
	    0
	    0
	    0
	    0
	    0
	    0
	    0
	    0
	    0
	    0
	    0
 2928	    5	 28.1	 18.9	  9.4	  8.0	 24.3	 92.0	0	    0
	    0
	    0
	    0
	    0
 2933	    5	 21.6	 17.2	  8.5	  6.8	 97.2	 51.7	1	    0
	    0
	    0
	    0
	    0
 2938	    3	 27.0	 25.2	 17.2	  4.2	 86.7	 55.9	0	    0
 2939	    3	 25.2	 24.7	 16.9	  4.0	 55.8	 51.8	0	    0
 2940	    5	 23.2	 18.3	  9.1	  7.0	 20.3	 76.3	0	    0
	    0
	    0
	    0
	    0
	    0
	    0
	    0
	    0
	    0
	    0
	    0
	    0
	    0
	    0
	    0
 2956	    3	 23.9	 24.2	 16.6	  3.9	 63.3	 42.1	0	    0
 2957	    5	 25.0	 18.6	  9.2	  7.4	 11.3	 58.5	0	    0
	    0
	    0
	    0
 2961	    5	 32.1	 19.7	  9.8	  8.7	 99.1	 64.7	0	    0
 2962	    3	 25.1	 24.6	 16.8	  4.0	 62.2	 90.7	0	    0
	    0
 2964	    3	 25.8	 24.8	 16.9	  4.1	 76.0	 33.0	1	    0
	    0
	    0
	    0
 2968	    5	 21.9	 17.4	  8.6	  6.9	  2.8	 16.0	0	    0
 2969	    3	 26.4	 25.0	 17.0	  4.1	 83.4	  2.4	0	    0
	    0
	    0
	    0
	    0
	    0
	    0
	    0
	    0
	    0
	    0
	    0
 2981	    5	 26.6	 18.7	  9.3	  7.7	 34.2	 33.2	0	    0
	    0
	    0
	    0
	    0
	    0
	    0
	    0
	    0
	    0
	    0
	    0
	    0
	    0
	    0
	    0
	    0
	    0
	    0
	    0
	    0
	    0
	    0
	    0
	    0
	    0
	    0
	    0
	    0
	    0
	    0
	    0
	    0
	    0
	    0
 3016	    3	 24.6	 24.7	 16.9	  3.9	 58.1	 10.6	0	    0
	    0
	    0
 3019	    5	 24.7	 18.3	  9.1	  7.4	 58.6	 62.9	0	    0
 3020	    3	 25.0	 24.6	 16.8	  4.0	 60.0	 75.4	0	    0
	    0
	    0
	    0
	    0
	    0
	    0
	    0
	    0
	    0
	    0
	    0
	    0
	    0
	    0
	    0
	    0
	    0
	    0
	    0
	    0
 3041	    5	 25.9	 18.6	  9.2	  7.6	 44.2	  2.1	0	    0
	    0
	    0
 3044	    3	 26.1	 24.9	 17.0	  4.1	 85.4	 10.2	0	    0
	    0
	    0
	    0
	    0
	    0
	    0
	    0
	    0
 3053	    5	 28.1	 19.2	  9.5	  8.0	 58.5	  5.0	0	    0
	    0
 3055	    3	 26.6	 25.1	 17.1	  4.2	  4.7	  7.9	0	    0
	    0
	    0
	    0
	    0
	    0
	    0
	    0
	    0
	    0
	    0
	    0
	    0
	    0
	    0
 3070	    5	 27.5	 19.2	  9.5	  7.8	  5.7	 88.2	0	    0
	    0
	    0
	    0
	    0
	    0
	    0
	    0
	    0
 3079	    5	 27.4	 18.9	  9.4	  7.9	 12.6	 78.3	0	    0
	    0
	    0
	    0
	    0
	    0
 3085	    5	 26.2	 18.3	  9.1	  7.7	  7.5	 35.4	0	    0
	    0
	    0
	    0
	    0
	    0
	    0
	    0
	    0
 3094	    3	 26.3	 24.7	 16.7	  4.1	 17.1	 67.8	0	    0
	    0
	    0
	    0
	    0
	    0
	    0
	    0
	    0
	    0
	    0
	    0
	    0
	    0
	    0
	    0
	    0
	    0
	    0
	    0
	    0
 3115	    3	 23.5	 24.2	 16.7	  3.8	 49.8	 81.2	0	    0
	    0
	    0
	    0
	    0
	    0
	    0
	    0
	    0
	    0
	    0
	    0
	    0
	    0
 3129	    5	 25.3	 18.5	  9.2	  7.5	 97.9	 33.8	1	    0
	    0
 3131	    3	 23.8	 24.3	 16.7	  3.8	  1.1	 35.6	1	    0
	    0
	    0
	    0
	    0
 3136	    5	 26.9	 18.5	  9.2	  7.8	 12.8	 83.0	0	    0
	    0
 3138	    3	 26.2	 25.1	 17.1	  4.1	 50.9	  6.8	0	    0
	    0
	    0
	    0
	    0
	    0
	    0
	    0
	    0
	    0
	    0
	    0
	    0
 3151	    5	 28.3	 19.2	  9.5	  8.0	 49.1	 44.4	0	    0
 3152	    5	 24.3	 18.3	  9.1	  7.3	 72.6	 62.1	0	    0
 3153	    5	 23.2	 18.0	  8.9	  7.1	 69.6	 30.9	0	    0
	    0
	    0
	    0
 3157	    3	 26.5	 25.1	 17.1	  4.1	 48.5	 41.0	0	    0
	    0
	    0
	    0
 3161	    5	 26.7	 18.6	  9.2	  7.8	  7.7	 88.7	0	    0
	    0
	    0
	    0
	    0
 3166	    3	 24.8	 24.5	 16.8	  4.0	 61.3	  2.4	1	    0
	    0
 3168	    3	 24.6	 24.5	 16.8	  3.9	 75.1	 46.8	0	    0
	    0
	    0
	    0
	    0
	    0
 3174	    3	 26.1	 24.6	 16.7	  4.1	 34.0	 84.2	0	    0
	    0
	    0
 3177	    3	 26.3	 25.0	 17.0	  4.1	 88.5	 37.8	0	    0
	    0
	    0
	    0
	    0
 3182	    3	 25.1	 24.7	 16.9	  4.0	 92.8	 10.1	1	    0
	    0
 3184	    5	 26.9	 18.9	  9.4	  7.8	 68.0	 33.7	0	    0
	    0
	    0
	    0
 3188	    3	 24.1	 24.3	 16.6	  3.9	 60.7	 28.4	0	    0
	    0
 3190	    3	 26.5	 25.0	 17.0	  4.2	 84.2	 89.0	0	    0
 3191	    5	 31.3	 19.7	  9.8	  8.6	 36.4	 37.4	0	    0
	    0
 3193	    5	 31.1	 19.7	  9.8	  8.5	 74.6	  6.9	0	    0
	    0
	    0
 3196	    5	 28.2	 18.8	  9.3	  8.1	 66.0	 60.2	0	    0
	    0
	    0
 3199	    5	 27.2	 19.0	  9.4	  7.8	  1.7	 21.6	0	    0
	    0
	    0
	    0
	    0
 3204	    3	 25.1	 24.5	 16.7	  4.0	 49.6	 25.3	0	    0
	    0
	    0
	    0
	    0
	    0
 3210	    3	 23.5	 24.3	 16.7	  3.8	 49.7	 50.0	0	    0
	    0
	    0
	    0
	    0
	    0
	    0
	    0
	    0
	    0
	    0
	    0
 3222	    3	 25.6	 24.9	 17.1	  4.0	 52.2	 15.6	0	    0
	    0
	    0
	    0
	    0
 3227	    5	 27.7	 19.0	  9.4	  7.9	 94.1	 95.0	1	    0
	    0
	    0
	    0
	    0
	    0
	    0
	    0
	    0
 3236	    5	 23.2	 17.9	  8.9	  7.1	  6.9	 18.6	0	    0
	    0
	    0
	    0
	    0
	    0
	    0
	    0
	    0
	    0
	    0
	    0
	    0
 3249	    5	 28.9	 19.4	  9.6	  8.1	 84.3	 82.7	0	    0
	    0
	    0
	    0
	    0
	    0
	    0
	    0
 3257	    3	 24.4	 24.4	 16.7	  3.9	 26.6	 11.1	0	    0
	    0
 3259	    5	 28.4	 19.0	  9.5	  8.1	 11.6	 10.5	0	    0
	    0
	    0
	    0
	    0
	    0
	    0
	    0
	    0
	    0
	    0
	    0
	    0
	    0
	    0
	    0
	    0
	    0
	    0
	    0
	    0
 3280	    3	 24.5	 24.6	 16.9	  3.9	 28.7	 70.2	0	    0
	    0
 3282	    3	 25.1	 24.7	 16.9	  4.0	 14.0	 90.1	0	    0
	    0
	    0
	    0
	    0
	    0
	    0
	    0
	    0
 3291	    5	 31.2	 19.7	  9.8	  8.5	 80.9	 42.2	0	    0
	    0
	    0
	    0
	    0
	    0
	    0
 3298	    5	 23.3	 17.9	  8.9	  7.1	 64.5	 20.1	0	    0
 3299	    3	 25.0	 24.7	 16.9	  4.0	 96.8	 89.6	0	    0
	    0
	    0
	    0
	    0
	    0
	    0
	    0
 3307	    3	 25.8	 24.8	 17.0	  4.1	 94.1	 89.1	0	    0
	    0
	    0
	    0
	    0
	    0
	    0
	    0
	    0
	    0
 3317	    5	 29.5	 19.3	  9.6	  8.3	 11.3	 33.7	1	    0
	    0
	    0
	    0
	    0
	    0
	    0
	    0
	    0
 3326	    5	 24.8	 18.5	  9.2	  7.4	 60.1	 69.2	0	    0
	    0
	    0
	    0
	    0
	    0
 3332	    5	 27.6	 19.1	  9.5	  7.9	 94.9	 74.3	0	    0
	    0
	    0
	    0
	    0
	    0
	    0
 3339	    5	 23.1	 17.7	  8.8	  7.1	 66.0	 43.9	0	    0
	    0
	    0
	    0
	    0
	    0
	    0
	    0
	    0
	    0
	    0
 3350	    3	 24.1	 24.5	 16.8	  3.9	 40.9	 52.2	0	    0
	    0
	    0
	    0
	    0
	    0
	    0
	    0
	    0
	    0
	    0
	    0
	    0
	    0
	    0
	    0
	    0
	    0
	    0
	    0
	    0
	    0
	    0
	    0
	    0
	    0
	    0
	    0
	    0
	    0
	    0
	    0
	    0
	    0
	    0
	    0
 3386	    3	 25.1	 24.6	 16.8	  4.0	 64.7	 76.7	0	    0
	    0
 3388	    5	 25.8	 18.6	  9.2	  7.6	 80.4	 69.4	0	    0
 3389	    3	 26.0	 25.0	 17.1	  4.1	 39.5	 49.9	0	    0
	    0
	    0
	    0
	    0
 3394	    5	 25.1	 18.5	  9.2	  7.4	 46.1	 61.2	0	    0
	    0
	    0
 3397	    3	 26.0	 24.1	 16.2	  4.1	 45.4	 82.3	0	    0
	    0
	    0
	    0
	    0
	    0
	    0
 3404	    3	 26.1	 24.9	 17.0	  4.1	 69.2	 34.2	1	    0
	    0
	    0
	    0
	    0
	    0
	    0
	    0
	    0
	    0
	    0
	    0
 3416	    5	 25.6	 18.5	  9.2	  7.6	 23.0	 71.2	0	    0
	    0
	    0
	    0
	    0
	    0
	    0
	    0
	    0
 3425	    3	 24.5	 24.6	 16.8	  3.9	  9.5	 77.3	0	    0
 3426	    5	 27.8	 19.0	  9.4	  7.9	 37.9	 79.6	1	    0
	    0
	    0
	    0
	    0
	    0
	    0
	    0
	    0
	    0
 3436	    5	 27.0	 18.6	  9.2	  7.8	 63.4	 77.7	0	    0
 3437	    5	 29.8	 19.2	  9.5	  8.3	 27.6	 37.9	0	    0
	    0
	    0
	    0
	    0
	    0
	    0
	    0
	    0
	    0
	    0
	    0
	    0
	    0
	    0
	    0
	    0
	    0
	    0
	    0
	    0
	    0
	    0
	    0
	    0
	    0
 3463	    5	 28.0	 19.0	  9.4	  8.0	 41.4	 68.9	0	    0
	    0
	    0
	    0
	    0
	    0
	    0
	    0
	    0
	    0
 3473	    5	 28.8	 19.0	  9.4	  8.1	 15.7	 18.5	0	    0
	    0
	    0
	    0
 3477	    5	 25.2	 18.3	  9.1	  7.5	 41.1	 37.7	0	    0
	    0
	    0
	    0
	    0
	    0
	    0
	    0
	    0
	    0
	    0
	    0
 3489	    5	 27.2	 18.8	  9.3	  7.8	 64.1	 19.5	0	    0
	    0
	    0
	    0
	    0
	    0
	    0
	    0
 3497	    3	 25.2	 24.6	 16.8	  4.0	 69.6	 80.5	0	    0
	    0
	    0
	    0
	    0
	    0
	    0
	    0
	    0
	    0
	    0
 3508	    3	 22.5	 23.9	 16.5	  3.7	  8.8	 16.9	0	    0
	    0
	    0
	    0
	    0
	    0
	    0
	    0
 3516	    3	 25.2	 24.1	 16.3	  4.0	 71.5	 91.8	1	    0
	    0
	    0
	    0
	    0
	    0
	    0
	    0
 3524	    3	 24.6	 24.5	 16.8	  3.9	 82.8	 74.1	0	    0
	    0
	    0
 3527	    5	 27.8	 18.6	  9.2	  8.0	 97.4	 41.8	1	    0
	    0
	    0
	    0
	    0
	    0
	    0
	    0
	    0
	    0
	    0
	    0
	    0
	    0
	    0
 3542	    5	 26.8	 18.8	  9.4	  7.8	 21.0	 72.9	0	    0
 3543	    5	 29.9	 19.4	  9.7	  8.3	 93.2	 46.8	1	    0
 3544	    5	 30.0	 19.5	  9.7	  8.3	  4.6	 73.6	0	    0
	    0
 3546	    3	 24.1	 24.4	 16.8	  3.9	 91.6	 50.4	0	    0
	    0
	    0
 3549	    5	 24.3	 18.0	  8.9	  7.3	 37.8	 24.9	0	    0
	    0
	    0
	    0
	    0
	    0
	    0
 3556	    3	 25.5	 24.8	 16.9	  4.0	 35.3	 60.1	0	    0
	    0
	    0
	    0
	    0
	    0
	    0
	    0
	    0
	    0
	    0
	    0
	    0
	    0
	    0
	    0
	    0
	    0
	    0
	    0
	    0
	    0
	    0
	    0
	    0
	    0
	    0
	    0
	    0
	    0
	    0
	    0
	    0
	    0
	    0
	    0
	    0
 3593	    3	 26.6	 24.7	 16.7	  4.2	 17.0	 95.8	1	    0
	    0
 3595	    5	 25.3	 18.4	  9.1	  7.5	 41.6	 49.2	1	    0
	    0
	    0
	    0
	    0
	    0
	    0
	    0
	    0
	    0
	    0
	    0
 3607	    5	 28.1	 18.9	  9.4	  8.0	 55.5	 37.9	0	    0
	    0
	    0
	    0
	    0
	    0
 3613	    5	 28.4	 18.9	  9.4	  8.1	 85.6	 91.1	0	    0
	    0
	    0
	    0
	    0
 3618	    3	 22.3	 23.8	 16.4	  3.7	 46.4	 14.4	0	    0
	    0
 3620	    5	 27.1	 18.6	  9.2	  7.8	 57.8	 84.7	0	    0
	    0
	    0
	    0
 3624	    5	 24.6	 18.3	  9.1	  7.4	 40.1	  8.8	0	    0
	    0
	    0
	    0
	    0
 3629	    3	 26.2	 24.8	 16.9	  4.1	 77.4	 51.9	0	    0
	    0
	    0
	    0
	    0
	    0
	    0
 3636	    5	 26.6	 18.6	  9.2	  7.7	 57.0	 92.9	0	    0
	    0
	    0
	    0
	    0
	    0
	    0
	    0
	    0
	    0
	    0
	    0
	    0
	    0
	    0
	    0
	    0
	    0
	    0
	    0
	    0
	    0
	    0
	    0
	    0
	    0
	    0
	    0
	    0
	    0
	    0
	    0
	    0
	    0
	    0
	    0
 3672	    5	 24.1	 18.5	  9.2	  7.2	  8.0	 51.7	0	    0
	    0
	    0
	    0
	    0
	    0
	    0
	    0
	    0
 3681	    5	 26.6	 18.8	  9.3	  7.7	 58.9	 19.3	0	    0
 3682	    5	 30.1	 19.3	  9.6	  8.4	 98.4	 48.2	0	    0
	    0
	    0
	    0
	    0
 3687	    3	 24.8	 24.6	 16.8	  3.9	 11.3	 68.3	1	    0
	    0
	    0
	    0
	    0
	    0
	    0
	    0
 3695	    5	 25.5	 18.5	  9.2	  7.5	 36.0	 95.4	1	    0
 3696	    5	 24.4	 18.1	  9.0	  7.3	 34.8	 95.4	0	    0
	    0
	    0
	    0
	    0
	    0
	    0
	    0
 3704	    5	 31.9	 19.5	  9.7	  8.7	 10.7	 53.9	0	    0
 3705	    5	 23.5	 17.7	  8.7	  7.2	 37.2	 51.7	0	    0
	    0
	    0
	    0
	    0
	    0
	    0
	    0
	    0
	    0
 3715	    5	 27.6	 19.2	  9.5	  7.9	 49.4	 31.5	0	    0
	    0
	    0
	    0
	    0
	    0
	    0
 3722	    3	 25.6	 24.1	 16.3	  4.1	 96.9	 56.7	0	    0
	    0
	    0
	    0
	    0
 3727	    3	 24.8	 24.2	 16.4	  4.0	 54.5	 34.8	0	    0
 3728	    3	 24.2	 24.2	 16.6	  3.9	 34.8	 70.0	0	    0
	    0
 3730	    3	 24.4	 24.5	 16.8	  3.9	 44.8	 99.3	0	    0
 3731	    5	 30.9	 19.3	  9.6	  8.6	 59.4	 36.7	0	    0
	    0
	    0
	    0
	    0
	    0
	    0
	    0
	    0
	    0
 3741	    3	 25.7	 24.8	 17.0	  4.0	 43.4	 23.6	0	    0
	    0
 3743	    3	 25.1	 24.7	 16.9	  4.0	  8.5	 46.9	1	    0
	    0
	    0
	    0
	    0
	    0
	    0
	    0
	    0
	    0
	    0
 3754	    3	 26.0	 24.4	 16.5	  4.1	 88.3	 82.0	1	    0
	    0
	    0
	    0
	    0
	    0
	    0
	    0
	    0
	    0
	    0
	    0
 3766	    5	 26.7	 18.7	  9.3	  7.8	 93.1	 18.5	0	    0
	    0
	    0
	    0
	    0
	    0
	    0
	    0
	    0
	    0
 3776	    5	 24.3	 18.1	  9.0	  7.3	 39.5	 81.6	0	    0
	    0
 3778	    3	 27.3	 25.4	 17.3	  4.2	 33.6	 14.3	0	    0
	    0
	    0
	    0
 3782	    3	 23.7	 24.0	 16.4	  3.8	 18.9	 61.8	0	    0
	    0
 3784	    3	 27.7	 25.4	 17.3	  4.3	 96.7	 56.6	0	    0
	    0
 3786	    3	 25.7	 24.8	 16.9	  4.1	 53.0	 23.2	0	    0
	    0
	    0
	    0
	    0
	    0
	    0
	    0
	    0
	    0
	    0
	    0
	    0
	    0
	    0
	    0
	    0
	    0
	    0
	    0
	    0
	    0
	    0
	    0
 3810	    5	 25.9	 18.1	  9.0	  7.7	 59.2	 41.3	0	    0
	    0
	    0
	    0
	    0
	    0
	    0
	    0
	    0
	    0
 3820	    5	 30.4	 19.5	  9.7	  8.4	 86.5	 25.1	0	    0
 3821	    3	 24.6	 24.5	 16.8	  3.9	 44.8	 79.5	0	    0
 3822	    5	 27.6	 19.2	  9.5	  7.9	 64.3	 85.5	0	    0
 3823	    5	 26.1	 18.7	  9.3	  7.6	 81.5	  9.8	0	    0
	    0
	    0
 3826	    5	 24.4	 18.2	  9.0	  7.3	 16.4	 70.3	0	    0
	    0
	    0
	    0
	    0
	    0
	    0
	    0
	    0
	    0
 3836	    5	 26.9	 19.1	  9.5	  7.7	 11.3	 73.1	0	    0
	    0
	    0
	    0
 3840	    5	 25.3	 18.7	  9.3	  7.4	 15.9	  6.1	0	    0
	    0
	    0
	    0
	    0
	    0
 3846	    3	 24.4	 23.9	 16.2	  3.9	 12.4	 94.3	1	    0
	    0
 3848	    3	 27.3	 25.4	 17.3	  4.2	 31.1	 80.9	0	    0
	    0
	    0
	    0
	    0
	    0
	    0
	    0
	    0
	    0
	    0
	    0
	    0
	    0
	    0
	    0
	    0
	    0
 3866	    5	 27.3	 18.5	  9.1	  7.9	 81.9	 22.8	0	    0
 3867	    3	 25.8	 24.7	 16.9	  4.1	 70.4	  0.0	1	    0
	    0
	    0
	    0
	    0
	    0
 3873	    3	 25.7	 24.3	 16.4	  4.1	 76.1	 44.8	1	    0
 3874	    5	 27.1	 19.0	  9.5	  7.8	 17.2	 73.3	1	    0
	    0
 3876	    3	 25.8	 24.8	 16.9	  4.1	 69.0	 18.0	0	    0
	    0
	    0
	    0
	    0
	    0
	    0
 3883	    5	 30.4	 18.9	  9.4	  8.5	 89.5	 76.0	0	    0
	    0
	    0
	    0
	    0
 3888	    5	 25.9	 18.5	  9.2	  7.6	  9.8	 81.3	0	    0
	    0
	    0
	    0
	    0
	    0
	    0
	    0
	    0
	    0
	    0
	    0
	    0
	    0
	    0
	    0
	    0
	    0
	    0
	    0
	    0
	    0
	    0
 3911	    3	 26.5	 25.0	 17.1	  4.1	 99.7	 87.9	0	    0
	    0
	    0
	    0
	    0
	    0
	    0
	    0
	    0
 3920	    3	 26.7	 24.9	 16.9	  4.2	 11.9	 49.8	0	    0
	    0
	    0
	    0
	    0
	    0
	    0
	    0
	    0
	    0
	    0
	    0
	    0
	    0
	    0
	    0
	    0
	    0
	    0
	    0
	    0
	    0
	    0
	    0
	    0
 3945	    5	 30.4	 19.3	  9.6	  8.5	 32.3	 73.4	0	    0
	    0
	    0
	    0
	    0
	    0
	    0
	    0
	    0
	    0
	    0
	    0
	    0
	    0
	    0
	    0
	    0
	    0
	    0
	    0
	    0
 3966	    5	 25.7	 18.5	  9.2	  7.6	 86.0	  9.2	1	    0
	    0
	    0
	    0
 3970	    5	 31.0	 19.7	  9.8	  8.5	 57.6	 43.6	0	    0
	    0
	    0
	    0
	    0
	    0
	    0
	    0
	    0
 3979	    5	 31.1	 19.5	  9.7	  8.6	 24.1	 44.8	0	    0
	    0
	    0
	    0
	    0
	    0
	    0
	    0
	    0
	    0
	    0
	    0
	    0
	    0
	    0
	    0
	    0
	    0
	    0
	    0
	    0
	    0
	    0
	    0
	    0
	    0
	    0
	    0
	    0
 4008	    5	 27.0	 18.8	  9.3	  7.8	  8.0	 74.0	0	    0
	    0
	    0
	    0
	    0
	    0
	    0
	    0
	    0
	    0
 4018	    5	 27.7	 19.3	  9.6	  7.9	 18.5	 50.7	0	    0
 4019	    3	 23.4	 24.2	 16.6	  3.8	  3.5	 99.0	1	    0
 4020	    3	 24.1	 24.3	 16.7	  3.9	 29.9	 54.8	0	    0
	    0
	    0
	    0
	    0
	    0
 4026	    5	 23.8	 17.9	  8.9	  7.2	 52.2	 49.7	0	    0
	    0
	    0
	    0
	    0
	    0
	    0
	    0
	    0
 4035	    5	 25.2	 18.2	  9.0	  7.5	 79.8	 82.5	0	    0
	    0
	    0
	    0
 4039	    3	 25.3	 24.7	 16.9	  4.0	 70.1	 52.9	0	    0
	    0
	    0
 4042	    3	 25.6	 24.9	 17.0	  4.0	 42.4	 43.3	0	    0
	    0
	    0
	    0
	    0
	    0
	    0
	    0
	    0
	    0
	    0
	    0
	    0
	    0
	    0
	    0
	    0
 4059	    3	 25.4	 24.8	 17.0	  4.0	 53.3	 42.3	0	    0
	    0
	    0
	    0
 4063	    3	 27.0	 25.2	 17.1	  4.2	 31.2	 46.1	0	    0
	    0
	    0
	    0
 4067	    5	 28.2	 19.2	  9.5	  8.0	 17.9	 12.5	0	    0
	    0
	    0
	    0
	    0
 4072	    5	 24.3	 18.0	  8.9	  7.3	  7.5	  7.6	0	    0
	    0
	    0
	    0
 4076	    5	 25.1	 18.5	  9.2	  7.4	 65.9	 47.4	0	    0
	    0
	    0
	    0
	    0
	    0
	    0
	    0
	    0
	    0
	    0
	    0
 4088	    3	 25.5	 24.8	 17.0	  4.0	 64.5	 97.6	0	    0
 4089	    3	 24.2	 24.3	 16.6	  3.9	 65.3	 64.0	0	    0
 4090	    3	 25.4	 24.8	 16.9	  4.0	 62.4	 60.0	1	    0
	    0
 4092	    5	 26.5	 18.6	  9.2	  7.7	 37.5	 99.2	0	    0
	    0
	    0
	    0
	    0
	    0
	    0
	    0
 4100	    5	 26.7	 19.0	  9.5	  7.7	 13.8	 48.6	0	    0
	    0
	    0
	    0
	    0
	    0
	    0
	    0
	    0
	    0
	    0
	    0
	    0
	    0
	    0
	    0
	    0
	    0
	    0
	    0
	    0
	    0
	    0
	    0
	    0
	    0
	    0
 4127	    3	 25.6	 25.0	 17.2	  4.0	 28.6	 65.3	0	    0
	    0
	    0
	    0
	    0
	    0
	    0
	    0
	    0
	    0
 4137	    5	 28.2	 18.9	  9.4	  8.1	 70.8	 66.9	0	    0
	    0
	    0
	    0
 4141	    5	 30.4	 19.5	  9.7	  8.4	 46.2	  1.6	0	    0
	    0
	    0
	    0
	    0
	    0
	    0
	    0
	    0
 4150	    3	 26.0	 24.9	 17.0	  4.1	 64.2	  5.0	0	    0
	    0
	    0
	    0
 4154	    5	 28.4	 19.1	  9.5	  8.1	 49.2	  5.0	0	    0
	    0
	    0
	    0
	    0
	    0
	    0
	    0
	    0
	    0
	    0
	    0
	    0
 4167	    5	 27.4	 19.0	  9.5	  7.9	 75.6	 63.2	0	    0
 4168	    3	 27.0	 25.3	 17.3	  4.2	 95.3	 98.0	0	    0
	    0
	    0
	    0
	    0
	    0
	    0
	    0
	    0
	    0
	    0
	    0
	    0
	    0
	    0
	    0
 4184	    5	 30.1	 19.4	  9.6	  8.4	 13.2	 71.9	0	    0
	    0
	    0
	    0
	    0
	    0
	    0
	    0
	    0
	    0
	    0
	    0
 4196	    3	 24.3	 23.9	 16.2	  3.9	 43.1	 22.6	0	    0
	    0
	    0
	    0
	    0
	    0
	    0
 4203	    3	 24.6	 24.5	 16.8	  3.9	 42.7	 36.8	0	    0
	    0
	    0
	    0
	    0
	    0
 4209	    3	 24.8	 24.6	 16.9	  3.9	 19.0	 27.1	0	    0
	    0
 4211	    5	 27.4	 18.6	  9.2	  7.9	 71.8	 47.1	0	    0
	    0
	    0
	    0
	    0
	    0
	    0
	    0
	    0
	    0
	    0
	    0
	    0
	    0
	    0
	    0
	    0
	    0
	    0
	    0
 4231	    5	 30.2	 19.5	  9.7	  8.4	 69.4	 28.4	0	    0
 4232	    5	 30.2	 19.3	  9.6	  8.4	 99.1	 79.0	0	    0
 4233	    5	 22.5	 17.6	  8.7	  7.0	 31.6	 96.3	0	    0
	    0
	    0
	    0
 4237	    5	 26.6	 18.6	  9.2	  7.8	 46.1	 42.4	0	    0
	    0
	    0
	    0
	    0
	    0
	    0
	    0
	    0
	    0
	    0
	    0
	    0
 4250	    3	 26.7	 25.0	 17.0	  4.2	 77.2	 34.4	0	    0
	    0
	    0
	    0
	    0
	    0
	    0
 4257	    5	 27.6	 18.7	  9.3	  8.0	  8.8	 28.6	0	    0
	    0
	    0
	    0
	    0
 4262	    5	 27.1	 18.8	  9.3	  7.8	 46.9	 75.3	0	    0
	    0
	    0
	    0
	    0
	    0
	    0
	    0
	    0
	    0
	    0
	    0
	    0
	    0
 4276	    5	 29.2	 19.0	  9.4	  8.2	 17.5	 45.7	0	    0
	    0
	    0
	    0
	    0
	    0
	    0
	    0
	    0
 4285	    3	 25.0	 24.6	 16.9	  4.0	 73.4	 74.9	1	    0
	    0
 4287	    5	 27.8	 19.1	  9.5	  7.9	 18.5	 44.3	0	    0
	    0
	    0
	    0
	    0
	    0
	    0
	    0
	    0
 4296	    5	 26.5	 18.8	  9.3	  7.7	 24.1	 38.4	0	    0
 4297	    5	 28.7	 18.9	  9.4	  8.1	 12.3	 47.0	0	    0
	    0
	    0
	    0
	    0
	    0
	    0
	    0
 4305	    5	 28.4	 19.2	  9.5	  8.0	 60.5	 83.1	0	    0
	    0
	    0
	    0
	    0
	    0
	    0
	    0
	    0
	    0
 4315	    5	 28.2	 19.0	  9.4	  8.0	 97.9	 30.7	1	    0
 4316	    3	 26.4	 25.1	 17.1	  4.1	 47.8	  1.8	0	    0
	    0
	    0
	    0
	    0
	    0
	    0
	    0
	    0
	    0
	    0
	    0
	    0
	    0
	    0
 4331	    3	 26.2	 25.0	 17.1	  4.1	 68.6	 88.9	0	    0
 4332	    5	 26.2	 18.7	  9.3	  7.7	 14.6	 32.9	0	    0
	    0
	    0
 4335	    3	 24.7	 24.7	 16.9	  3.9	 52.5	 81.4	0	    0
 4336	    5	 26.0	 18.8	  9.4	  7.6	 87.5	 47.6	0	    0
	    0
	    0
 4339	    5	 25.3	 18.4	  9.1	  7.5	 66.4	 78.0	0	    0
	    0
	    0
 4342	    5	 33.1	 19.9	  9.9	  8.9	 12.9	 76.5	1	    0
	    0
	    0
	    0
	    0
	    0
	    0
	    0
	    0
	    0
	    0
	    0
	    0
	    0
 4356	    3	 25.7	 24.9	 17.0	  4.1	  5.0	 61.7	0	    0
	    0
 4358	    3	 24.7	 24.6	 16.9	  3.9	 22.6	 20.9	0	    0
	    0
	    0
	    0
	    0
	    0
	    0
	    0
	    0
 4367	    3	 25.2	 24.6	 16.7	  4.0	 50.6	 29.5	1	    0
	    0
	    0
	    0
	    0
 4372	    5	 25.5	 18.2	  9.0	  7.6	  8.5	 51.4	0	    0
 4373	    5	 23.9	 18.4	  9.1	  7.2	 81.5	 83.9	0	    0
	    0
	    0
	    0
	    0
	    0
	    0
	    0
	    0
	    0
	    0
	    0
	    0
 4386	    5	 28.1	 18.9	  9.4	  8.0	 36.4	 14.8	0	    0
	    0
	    0
	    0
	    0
	    0
	    0
	    0
	    0
	    0
	    0
	    0
	    0
	    0
 4400	    5	 28.7	 19.0	  9.5	  8.1	 11.8	  1.1	0	    0
	    0
	    0
	    0
	    0
	    0
	    0
	    0
 4408	    5	 28.3	 18.9	  9.4	  8.1	 76.9	 78.9	0	    0
	    0
	    0
	    0
	    0
	    0
	    0
	    0
	    0
	    0
	    0
	    0
	    0
	    0
	    0
	    0
	    0
	    0
	    0
	    0
	    0
	    0
	    0
	    0
	    0
	    0
	    0
	    0
	    0
	    0
 4438	    5	 27.5	 18.7	  9.3	  7.9	 44.9	 17.3	0	    0
 4439	    5	 26.6	 18.8	  9.3	  7.7	 24.9	 32.2	0	    0
	    0
	    0
	    0
	    0
	    0
	    0
	    0
	    0
	    0
 4449	    5	 32.0	 19.6	  9.7	  8.7	 79.6	 72.2	0	    0
	    0
	    0
	    0
	    0
	    0
	    0
	    0
	    0
	    0
	    0
	    0
	    0
	    0
	    0
	    0
	    0
	    0
	    0
	    0
	    0
	    0
	    0
	    0
 4473	    5	 29.8	 19.5	  9.7	  8.3	 40.1	 47.3	0	    0
	    0
	    0
	    0
	    0
	    0
	    0
	    0
	    0
	    0
	    0
	    0
	    0
	    0
	    0
	    0
	    0
	    0
	    0
	    0
	    0
	    0
 4495	    3	 26.0	 25.0	 17.1	  4.1	 45.2	 60.1	0	    0
	    0
	    0
	    0
	    0
	    0
	    0
	    0
	    0
	    0
	    0
	    0
	    0
	    0
	    0
	    0
 4511	    5	 26.5	 18.3	  9.1	  7.8	 62.7	 61.8	0	    0
	    0
	    0
	    0
	    0
	    0
 4517	    5	 28.7	 19.1	  9.5	  8.1	 97.4	 20.8	0	    0
	    0
	    0
	    0
	    0
	    0
	    0
 4524	    3	 25.0	 24.7	 16.9	  4.0	 53.3	  3.4	1	    0
	    0
	    0
	    0
	    0
	    0
	    0
	    0
	    0
 4533	    5	 30.3	 19.4	  9.6	  8.4	 38.7	  1.4	0	    0
	    0
	    0
	    0
	    0
	    0
	    0
	    0
	    0
	    0
	    0
	    0
	    0
 4546	    5	 27.0	 18.7	  9.3	  7.8	 99.0	 60.3	0	    0
	    0
	    0
 4549	    3	 25.5	 24.9	 17.0	  4.0	 36.0	  6.5	0	    0
	    0
 4551	    3	 27.3	 25.3	 17.3	  4.2	 52.9	 59.9	0	    0
	    0
 4553	    5	 27.8	 19.1	  9.5	  7.9	 64.3	 24.9	0	    0
	    0
	    0
	    0
	    0
	    0
	    0
	    0
 4561	    3	 24.3	 24.5	 16.8	  3.9	 22.9	 48.2	0	    0
	    0
	    0
	    0
	    0
	    0
	    0
	    0
	    0
	    0
	    0
	    0
	    0
	    0
	    0
	    0
	    0
	    0
	    0
	    0
	    0
	    0
	    0
	    0
	    0
	    0
	    0
	    0
	    0
	    0
	    0
	    0
	    0
	    0
 4595	    5	 28.8	 19.0	  9.4	  8.2	 35.4	  2.1	0	    0
 4596	    3	 25.9	 24.9	 17.0	  4.1	 56.1	 22.1	0	    0
 4597	    5	 27.4	 18.9	  9.4	  7.9	 77.3	 41.7	0	    0
	    0
	    0
	    0
	    0
 4602	    5	 30.9	 19.3	  9.6	  8.6	 45.4	 88.7	0	    0
	    0
	    0
 4605	    5	 28.3	 19.2	  9.6	  8.0	 77.4	 11.5	0	    0
	    0
	    0
	    0
	    0
	    0
	    0
 4612	    5	 25.6	 18.8	  9.3	  7.5	 50.8	 66.3	0	    0
	    0
	    0
	    0
	    0
	    0
	    0
	    0
	    0
 4621	    3	 25.9	 25.0	 17.1	  4.1	 84.9	 79.8	0	    0
	    0
	    0
	    0
	    0
	    0
	    0
	    0
	    0
	    0
	    0
	    0
	    0
	    0
 4635	    3	 26.2	 25.0	 17.0	  4.1	 10.5	 99.6	0	    0
	    0
	    0
 4638	    5	 27.3	 19.1	  9.5	  7.8	 40.6	 34.7	0	    0
	    0
 4640	    5	 28.8	 19.1	  9.5	  8.1	 84.3	 48.7	0	    0
	    0
	    0
 4643	    5	 27.7	 19.1	  9.5	  7.9	 95.1	  7.1	0	    0
	    0
	    0
 4646	    3	 24.9	 24.7	 16.9	  4.0	 28.1	 98.7	0	    0
	    0
	    0
	    0
	    0
 4651	    5	 27.7	 18.9	  9.4	  7.9	 17.0	  4.4	0	    0
	    0
	    0
	    0
	    0
	    0
	    0
	    0
	    0
 4660	    5	 24.9	 18.4	  9.1	  7.4	 48.6	 41.9	0	    0
	    0
	    0
	    0
	    0
	    0
 4666	    3	 25.5	 24.8	 16.9	  4.0	 87.4	 27.8	0	    0
	    0
	    0
 4669	    5	 27.3	 18.9	  9.4	  7.9	 82.8	 13.4	0	    0
	    0
	    0
	    0
	    0
	    0
	    0
	    0
	    0
	    0
	    0
	    0
	    0
	    0
	    0
	    0
	    0
	    0
 4687	    5	 24.2	 18.0	  8.9	  7.3	 91.0	 90.6	0	    0
	    0
	    0
	    0
	    0
	    0
	    0
	    0
	    0
	    0
	    0
	    0
 4699	    3	 25.6	 24.6	 16.7	  4.1	  2.6	 43.1	0	    0
 4700	    3	 22.7	 23.3	 15.8	  3.7	  5.6	  0.2	1	    0
	    0
	    0
	    0
	    0
	    0
	    0
	    0
	    0
	    0
	    0
	    0
	    0
	    0
	    0
	    0
	    0
	    0
	    0
 4719	    5	 28.9	 19.1	  9.5	  8.1	 30.9	 50.0	0	    0
	    0
 4721	    5	 26.8	 18.8	  9.3	  7.8	 68.7	 78.7	0	    0
	    0
 4723	    5	 26.6	 18.1	  8.9	  7.8	 48.2	 24.9	0	    0
 4724	    5	 28.4	 19.1	  9.5	  8.0	 59.7	 15.7	0	    0
	    0
 4726	    5	 27.5	 18.8	  9.3	  7.9	 13.7	 42.2	0	    0
	    0
	    0
	    0
	    0
	    0
	    0
	    0
	    0
 4735	    3	 26.3	 25.1	 17.1	  4.1	 82.3	 63.4	0	    0
	    0
 4737	    5	 28.7	 19.1	  9.5	  8.1	 43.3	  8.5	0	    0
	    0
	    0
	    0
	    0
 4742	    3	 25.4	 24.5	 16.7	  4.0	 43.2	 65.4	1	    0
	    0
	    0
	    0
	    0
 4747	    3	 25.1	 24.6	 16.8	  4.0	 31.2	 29.4	0	    0
	    0
	    0
	    0
	    0
	    0
	    0
	    0
	    0
	    0
	    0
	    0
	    0
	    0
	    0
	    0
	    0
	    0
	    0
	    0
	    0
	    0
	    0
	    0
	    0
	    0
	    0
 4774	    5	 26.4	 18.7	  9.3	  7.7	 70.6	 61.8	1	    0
	    0
	    0
	    0
	    0
 4779	    5	 25.0	 18.2	  9.0	  7.5	 11.1	 74.7	0	    0
	    0
	    0
	    0
	    0
	    0
	    0
	    0
	    0
	    0
 4789	    5	 30.7	 19.4	  9.6	  8.5	  7.9	  5.4	0	    0
	    0
	    0
	    0
 4793	    5	 27.4	 18.8	  9.3	  7.9	 86.2	 55.4	0	    0
	    0
	    0
 4796	    5	 30.6	 19.6	  9.8	  8.4	 71.6	 87.4	0	    0
	    0
	    0
	    0
	    0
	    0
	    0
	    0
	    0
	    0
	    0
	    0
	    0
 4809	    3	 27.5	 24.9	 16.8	  4.3	 94.3	 86.0	0	    0
	    0
	    0
	    0
 4813	    3	 25.3	 24.8	 16.9	  4.0	 65.9	 82.1	0	    0
	    0
	    0
	    0
 4817	    3	 25.9	 24.8	 16.9	  4.1	 97.0	 83.9	0	    0
	    0
	    0
 4820	    5	 25.6	 18.6	  9.2	  7.5	 59.7	 66.1	0	    0
	    0
	    0
	    0
 4824	    5	 25.4	 18.2	  9.0	  7.5	 60.9	 69.0	0	    0
	    0
	    0
	    0
	    0
	    0
	    0
	    0
	    0
	    0
	    0
	    0
	    0
 4837	    3	 25.7	 24.3	 16.4	  4.1	 65.5	 22.3	1	    0
	    0
	    0
	    0
	    0
	    0
	    0
	    0
	    0
	    0
 4847	    3	 25.2	 24.9	 17.1	  4.0	 83.7	 59.6	0	    0
	    0
	    0
	    0
	    0
	    0
	    0
	    0
	    0
	    0
	    0
	    0
	    0
	    0
	    0
	    0
	    0
	    0
 4865	    5	 31.8	 19.8	  9.9	  8.6	 42.1	 75.9	0	    0
	    0
	    0
	    0
	    0
	    0
	    0
	    0
	    0
	    0
	    0
	    0
	    0
 4878	    3	 25.0	 24.5	 16.7	  4.0	 94.9	  4.8	0	    0
	    0
	    0
	    0
	    0
	    0
	    0
	    0
	    0
	    0
	    0
 4889	    3	 24.1	 24.6	 16.9	  3.9	 41.8	 31.9	0	    0
	    0
	    0
	    0
	    0
	    0
	    0
	    0
	    0
	    0
	    0
	    0
	    0
 4902	    5	 29.6	 19.4	  9.6	  8.3	 22.3	 25.1	0	    0
	    0
	    0
	    0
 4906	    5	 25.2	 18.2	  9.0	  7.5	  3.2	 30.6	0	    0
	    0
	    0
	    0
	    0
 4911	    5	 28.4	 18.9	  9.4	  8.1	 85.0	 16.5	0	    0
	    0
	    0
 4914	    3	 25.7	 24.9	 17.0	  4.1	 58.3	 81.7	0	    0
	    0
	    0
	    0
	    0
	    0
	    0
	    0
	    0
	    0
	    0
	    0
	    0
	    0
	    0
	    0
	    0
	    0
 4932	    5	 25.2	 18.2	  9.0	  7.5	  7.4	 72.6	0	    0
	    0
	    0
	    0
	    0
	    0
	    0
	    0
 4940	    3	 23.6	 24.3	 16.8	  3.8	  2.0	  3.4	0	    0
	    0
	    0
	    0
	    0
	    0
	    0
	    0
	    0
	    0
	    0
	    0
	    0
	    0
 4954	    3	 22.9	 23.6	 16.2	  3.7	 38.8	 72.1	0	    0
 4955	    5	 29.0	 19.4	  9.6	  8.1	 10.2	 86.6	0	    0
	    0
	    0
	    0
	    0
	    0
	    0
	    0
	    0
 4964	    3	 24.8	 24.5	 16.8	  4.0	  1.9	 51.1	0	    0
	    0
	    0
	    0
	    0
	    0
	    0
 4971	    3	 24.7	 24.6	 16.8	  3.9	 49.4	 58.5	0	    0
	    0
	    0
	    0
	    0
	    0
	    0
	    0
	    0
	    0
	    0
	    0
	    0
	    0
	    0
 4986	    5	 28.7	 19.4	  9.7	  8.1	 46.8	 83.2	0	    0
	    0
	    0
	    0
	    0
	    0
	    0
	    0
	    0
	    0
	    0
	    0
	    0
	    0
 5000	    3	 25.2	 24.8	 17.0	  4.0	 60.0	 52.6	0	    0
