Nr	Art	BHD	h	kra	kd	x	y	kenn	mort
	    0
	    0
	    0
	    0
	    0
	    0
	    0
	    0
	    0
	    0
   11	    3	 35.3	 33.1	 24.4	  4.7	 17.3	 72.1	0	    0
	    0
	    0
	    0
	    0
	    0
	    0
	    0
	    0
	    0
	    0
	    0
	    0
	    0
	    0
	    0
	    0
	    0
	    0
	    0
	    0
	    0
	    0
   34	    3	 35.0	 33.0	 24.3	  4.7	 61.5	 96.5	0	    0
	    0
	    0
	    0
	    0
   39	    5	 40.8	 26.6	 13.6	  9.3	 57.1	 65.6	0	    0
   40	    5	 41.6	 27.3	 13.9	  9.3	 58.4	 85.1	0	    0
	    0
	    0
	    0
	    0
	    0
	    0
	    0
	    0
	    0
	    0
   51	    3	 34.3	 32.9	 24.2	  4.7	 97.8	 25.0	0	    0
	    0
   53	    5	 39.6	 27.1	 13.8	  9.0	  3.9	 70.9	0	    0
	    0
	    0
	    0
	    0
   58	    5	 45.8	 27.9	 14.3	  9.9	 99.3	 84.3	0	    0
	    0
	    0
	    0
	    0
	    0
	    0
	    0
	    0
	    0
	    0
	    0
	    0
	    0
	    0
	    0
	    0
	    0
	    0
	    0
	    0
	    0
	    0
	    0
	    0
	    0
	    0
	    0
	    0
	    0
	    0
	    0
	    0
	    0
	    0
	    0
	    0
	    0
	    0
	    0
	    0
	    0
	    0
	    0
	    0
	    0
	    0
	    0
	    0
  107	    5	 43.4	 27.4	 14.0	  9.6	 24.4	 25.9	0	    0
	    0
	    0
	    0
	    0
	    0
	    0
  114	    3	 31.4	 31.1	 22.6	  4.4	 21.0	 60.8	0	    0
	    0
	    0
	    0
	    0
	    0
	    0
	    0
  122	    3	 36.0	 33.1	 24.3	  4.8	 50.1	 18.9	0	    0
	    0
	    0
	    0
	    0
  127	    3	 32.8	 32.7	 24.1	  4.5	 10.2	 16.3	0	    0
	    0
	    0
	    0
	    0
	    0
	    0
	    0
	    0
	    0
	    0
	    0
	    0
	    0
	    0
	    0
	    0
	    0
	    0
  146	    3	 32.8	 32.3	 23.7	  4.5	  4.5	 29.6	0	    0
  147	    5	 42.4	 27.6	 14.1	  9.4	 54.5	 31.0	0	    0
	    0
	    0
	    0
	    0
	    0
	    0
	    0
	    0
	    0
	    0
	    0
	    0
	    0
	    0
	    0
	    0
	    0
	    0
	    0
	    0
	    0
	    0
	    0
	    0
	    0
	    0
	    0
	    0
  176	    5	 43.7	 27.6	 14.1	  9.6	 18.1	  4.4	0	    0
	    0
	    0
	    0
	    0
	    0
	    0
  183	    5	 43.4	 27.5	 14.1	  9.6	 24.4	  2.0	0	    0
	    0
	    0
	    0
	    0
	    0
	    0
	    0
	    0
	    0
	    0
	    0
	    0
	    0
  197	    5	 41.2	 27.4	 14.0	  9.2	 85.0	 31.7	0	    0
	    0
	    0
	    0
	    0
	    0
	    0
	    0
	    0
	    0
	    0
	    0
	    0
	    0
	    0
	    0
	    0
	    0
	    0
  216	    3	 33.5	 32.6	 24.0	  4.6	 11.6	 98.8	0	    0
	    0
	    0
	    0
	    0
	    0
	    0
	    0
  224	    3	 34.5	 32.9	 24.2	  4.7	 66.2	 32.7	0	    0
	    0
	    0
	    0
	    0
  229	    3	 31.6	 31.6	 23.1	  4.4	 53.3	  2.5	0	    0
	    0
	    0
	    0
	    0
	    0
	    0
	    0
	    0
	    0
	    0
	    0
	    0
	    0
	    0
	    0
	    0
	    0
	    0
	    0
	    0
	    0
	    0
	    0
	    0
	    0
	    0
	    0
	    0
	    0
	    0
	    0
	    0
	    0
	    0
  264	    3	 33.8	 31.5	 22.8	  4.7	 67.9	 68.9	0	    0
	    0
	    0
	    0
	    0
	    0
	    0
	    0
  272	    3	 34.0	 32.3	 23.6	  4.6	 49.6	 54.1	0	    0
	    0
	    0
	    0
	    0
	    0
	    0
	    0
	    0
	    0
	    0
	    0
	    0
	    0
	    0
	    0
	    0
	    0
	    0
	    0
	    0
	    0
	    0
  295	    3	 33.9	 32.3	 23.6	  4.6	 30.7	 21.3	0	    0
	    0
	    0
	    0
	    0
	    0
	    0
	    0
	    0
	    0
	    0
	    0
	    0
	    0
	    0
	    0
	    0
	    0
	    0
	    0
	    0
	    0
	    0
  318	    3	 33.9	 32.5	 23.8	  4.6	 96.0	 11.4	0	    0
	    0
	    0
	    0
	    0
	    0
	    0
	    0
	    0
	    0
	    0
	    0
	    0
	    0
	    0
	    0
	    0
	    0
	    0
	    0
	    0
	    0
	    0
	    0
	    0
	    0
  344	    3	 32.7	 32.3	 23.7	  4.5	 89.0	 95.4	0	    0
	    0
	    0
	    0
	    0
	    0
	    0
	    0
	    0
	    0
	    0
	    0
	    0
	    0
  358	    3	 33.4	 32.1	 23.5	  4.6	  9.0	 27.5	0	    0
	    0
	    0
	    0
	    0
	    0
	    0
	    0
	    0
	    0
	    0
	    0
	    0
	    0
	    0
	    0
	    0
	    0
	    0
	    0
	    0
	    0
	    0
	    0
	    0
	    0
	    0
	    0
  386	    3	 33.4	 32.3	 23.6	  4.6	 19.6	 88.3	0	    0
	    0
	    0
	    0
	    0
	    0
	    0
	    0
	    0
	    0
  396	    5	 47.6	 28.3	 14.6	 10.1	 45.2	 55.1	0	    0
	    0
	    0
	    0
	    0
	    0
	    0
  403	    3	 31.0	 31.3	 22.9	  4.4	 83.7	 50.8	0	    0
	    0
	    0
	    0
	    0
	    0
	    0
	    0
	    0
	    0
	    0
	    0
	    0
	    0
	    0
	    0
	    0
	    0
	    0
	    0
	    0
  424	    3	 32.3	 32.1	 23.5	  4.5	 58.8	 79.6	0	    0
	    0
	    0
	    0
	    0
	    0
	    0
	    0
	    0
	    0
  434	    3	 32.8	 31.9	 23.3	  4.5	 17.5	 46.9	0	    0
	    0
	    0
	    0
	    0
	    0
	    0
	    0
	    0
	    0
	    0
	    0
	    0
	    0
	    0
	    0
	    0
	    0
	    0
	    0
	    0
	    0
  456	    5	 46.9	 28.2	 14.5	 10.0	 59.9	 45.2	0	    0
	    0
	    0
	    0
	    0
	    0
	    0
	    0
	    0
	    0
	    0
	    0
	    0
	    0
	    0
	    0
	    0
	    0
	    0
	    0
	    0
	    0
	    0
	    0
	    0
	    0
	    0
	    0
	    0
	    0
	    0
	    0
	    0
	    0
	    0
	    0
	    0
	    0
	    0
	    0
	    0
	    0
	    0
	    0
	    0
	    0
	    0
	    0
	    0
	    0
	    0
	    0
	    0
	    0
	    0
	    0
	    0
  513	    3	 31.4	 31.4	 22.9	  4.4	 58.9	  4.6	0	    0
	    0
	    0
	    0
	    0
	    0
	    0
	    0
	    0
	    0
	    0
	    0
	    0
	    0
	    0
	    0
	    0
	    0
	    0
	    0
	    0
	    0
	    0
  536	    3	 33.2	 32.3	 23.6	  4.6	 58.0	 39.1	0	    0
	    0
	    0
	    0
	    0
	    0
	    0
	    0
	    0
	    0
	    0
	    0
	    0
	    0
	    0
	    0
	    0
	    0
	    0
	    0
	    0
	    0
	    0
	    0
	    0
	    0
	    0
  563	    3	 32.3	 32.0	 23.4	  4.5	 39.8	 93.9	0	    0
  564	    3	 32.6	 32.3	 23.6	  4.5	 50.4	 16.1	1	    0
	    0
	    0
	    0
	    0
	    0
	    0
	    0
	    0
	    0
	    0
	    0
	    0
	    0
	    0
	    0
	    0
	    0
	    0
	    0
	    0
	    0
	    0
  587	    5	 45.7	 27.9	 14.3	  9.9	 80.3	 56.3	0	    0
	    0
	    0
	    0
	    0
	    0
	    0
	    0
	    0
	    0
	    0
	    0
	    0
	    0
	    0
	    0
  603	    3	 33.1	 32.3	 23.7	  4.5	 55.9	 84.7	0	    0
	    0
	    0
	    0
  607	    3	 35.7	 33.1	 24.3	  4.8	 41.5	 71.0	0	    0
	    0
	    0
	    0
	    0
	    0
	    0
	    0
	    0
	    0
	    0
	    0
	    0
	    0
	    0
	    0
	    0
	    0
	    0
	    0
	    0
	    0
	    0
	    0
	    0
  632	    3	 32.3	 32.2	 23.6	  4.5	 56.6	 50.2	0	    0
	    0
	    0
	    0
  636	    5	 42.4	 27.8	 14.2	  9.4	  7.1	 66.0	0	    0
	    0
	    0
  639	    3	 34.0	 32.8	 24.1	  4.6	 81.0	 71.1	0	    0
	    0
	    0
	    0
	    0
	    0
  645	    3	 32.2	 32.1	 23.5	  4.5	 73.1	 48.1	0	    0
	    0
	    0
	    0
	    0
	    0
	    0
	    0
	    0
	    0
	    0
	    0
	    0
	    0
	    0
	    0
	    0
	    0
  663	    5	 44.5	 27.9	 14.3	  9.7	 34.4	 47.5	0	    0
	    0
	    0
	    0
	    0
	    0
	    0
	    0
	    0
	    0
	    0
	    0
	    0
	    0
	    0
	    0
  679	    3	 32.3	 32.4	 23.8	  4.5	 31.2	 83.1	0	    0
	    0
	    0
	    0
	    0
	    0
	    0
	    0
	    0
	    0
	    0
	    0
	    0
	    0
	    0
	    0
	    0
	    0
	    0
	    0
	    0
	    0
	    0
	    0
	    0
	    0
	    0
	    0
	    0
	    0
	    0
	    0
  711	    3	 34.6	 33.0	 24.3	  4.7	 32.4	 25.7	0	    0
	    0
	    0
	    0
	    0
	    0
	    0
	    0
	    0
	    0
	    0
	    0
	    0
	    0
	    0
	    0
	    0
  728	    3	 33.5	 32.7	 24.0	  4.6	 77.0	 64.4	0	    0
	    0
	    0
  731	    5	 40.7	 27.2	 13.9	  9.2	 92.2	 54.1	0	    0
	    0
	    0
	    0
	    0
	    0
	    0
  738	    5	 45.8	 27.7	 14.2	  9.9	 12.4	 80.2	0	    0
	    0
  740	    3	 34.7	 32.8	 24.0	  4.7	 72.9	 88.0	0	    0
	    0
  742	    5	 48.9	 28.6	 14.7	 10.3	 54.6	 77.6	0	    0
	    0
  744	    3	 34.1	 32.7	 24.0	  4.6	 16.1	 13.9	0	    0
	    0
	    0
	    0
	    0
	    0
	    0
	    0
	    0
	    0
	    0
	    0
	    0
	    0
	    0
	    0
	    0
	    0
	    0
	    0
	    0
	    0
	    0
	    0
	    0
	    0
	    0
	    0
	    0
	    0
	    0
	    0
	    0
	    0
	    0
	    0
	    0
	    0
	    0
	    0
	    0
	    0
	    0
	    0
	    0
  789	    5	 43.9	 27.6	 14.1	  9.6	 58.2	  9.8	0	    0
	    0
	    0
	    0
	    0
	    0
	    0
	    0
  797	    3	 37.4	 33.5	 24.7	  5.0	 62.7	 21.7	0	    0
	    0
	    0
	    0
	    0
	    0
	    0
	    0
	    0
	    0
	    0
	    0
	    0
	    0
	    0
	    0
  813	    5	 44.8	 27.7	 14.2	  9.8	  6.4	 93.4	0	    0
	    0
	    0
	    0
	    0
	    0
	    0
  820	    3	 31.4	 31.7	 23.2	  4.4	 79.7	 13.2	0	    0
	    0
	    0
	    0
	    0
	    0
	    0
	    0
	    0
	    0
	    0
	    0
	    0
	    0
	    0
	    0
	    0
	    0
	    0
	    0
	    0
	    0
	    0
	    0
	    0
	    0
	    0
	    0
	    0
	    0
	    0
	    0
	    0
	    0
	    0
	    0
	    0
	    0
	    0
	    0
	    0
	    0
	    0
	    0
	    0
	    0
	    0
	    0
	    0
	    0
	    0
	    0
	    0
	    0
	    0
	    0
	    0
	    0
	    0
	    0
  880	    5	 37.7	 27.2	 13.9	  8.7	 28.4	 77.6	0	    0
	    0
	    0
	    0
	    0
	    0
	    0
	    0
	    0
	    0
  890	    3	 33.2	 32.5	 23.9	  4.5	 19.1	 40.5	1	    0
	    0
	    0
	    0
	    0
	    0
	    0
	    0
	    0
	    0
	    0
	    0
	    0
	    0
	    0
	    0
  906	    3	 31.3	 31.7	 23.2	  4.4	  1.2	 57.0	0	    0
	    0
	    0
	    0
	    0
	    0
	    0
	    0
	    0
	    0
	    0
	    0
	    0
	    0
	    0
	    0
	    0
	    0
	    0
	    0
	    0
	    0
	    0
	    0
	    0
	    0
	    0
	    0
	    0
  935	    5	 43.1	 27.7	 14.2	  9.5	 84.8	 50.7	0	    0
	    0
	    0
	    0
	    0
	    0
	    0
	    0
	    0
	    0
	    0
	    0
	    0
	    0
	    0
	    0
	    0
  952	    3	 31.7	 31.8	 23.3	  4.4	 50.9	 88.2	1	    0
	    0
	    0
	    0
	    0
	    0
	    0
	    0
	    0
	    0
	    0
	    0
	    0
  965	    5	 42.2	 27.8	 14.2	  9.3	 21.8	 16.6	0	    0
  966	    3	 34.4	 32.9	 24.2	  4.7	 77.3	  7.6	0	    0
  967	    5	 43.4	 27.8	 14.3	  9.5	 95.8	 30.6	0	    0
	    0
	    0
	    0
	    0
	    0
	    0
	    0
	    0
	    0
	    0
	    0
	    0
	    0
	    0
  982	    3	 39.0	 34.0	 25.1	  5.1	 86.8	 60.4	0	    0
	    0
	    0
	    0
	    0
	    0
	    0
	    0
	    0
	    0
  992	    3	 33.8	 32.4	 23.8	  4.6	 42.6	 23.4	0	    0
	    0
	    0
	    0
	    0
	    0
	    0
  999	    5	 48.5	 28.3	 14.6	 10.3	 71.1	 77.7	0	    0
	    0
	    0
	    0
	    0
	    0
	    0
	    0
	    0
	    0
	    0
	    0
 1011	    3	 32.5	 32.3	 23.7	  4.5	 31.7	 78.9	0	    0
	    0
	    0
	    0
	    0
 1016	    3	 32.9	 32.4	 23.8	  4.5	 53.5	 55.8	0	    0
 1017	    3	 36.0	 32.9	 24.1	  4.8	 90.5	 67.4	0	    0
	    0
 1019	    3	 32.6	 32.1	 23.4	  4.5	 58.1	 31.4	0	    0
	    0
	    0
	    0
	    0
	    0
	    0
	    0
	    0
	    0
	    0
	    0
	    0
 1032	    5	 46.3	 27.9	 14.3	 10.0	 69.7	 25.5	0	    0
	    0
	    0
	    0
 1036	    5	 33.0	 26.4	 13.4	  7.9	 24.3	 74.2	0	    0
 1037	    3	 30.2	 30.8	 22.4	  4.3	 96.8	 43.3	0	    0
	    0
	    0
	    0
	    0
	    0
 1043	    3	 30.2	 31.3	 22.9	  4.3	 32.5	 78.2	1	    0
	    0
	    0
	    0
	    0
	    0
	    0
	    0
 1051	    5	 44.1	 27.6	 14.1	  9.7	 33.7	 87.6	0	    0
	    0
	    0
	    0
	    0
	    0
	    0
	    0
	    0
	    0
	    0
	    0
	    0
	    0
	    0
	    0
	    0
	    0
	    0
	    0
	    0
	    0
 1073	    3	 35.5	 33.1	 24.3	  4.8	 12.6	 47.7	0	    0
	    0
	    0
	    0
	    0
 1078	    5	 42.3	 27.4	 14.0	  9.4	 60.6	 92.3	0	    0
	    0
 1080	    3	 33.3	 32.6	 23.9	  4.6	 93.8	 57.2	0	    0
	    0
	    0
	    0
	    0
	    0
	    0
	    0
	    0
	    0
	    0
	    0
	    0
	    0
	    0
	    0
	    0
	    0
	    0
	    0
 1100	    5	 43.0	 27.6	 14.1	  9.5	 13.0	 30.1	0	    0
	    0
	    0
	    0
	    0
	    0
	    0
	    0
	    0
	    0
	    0
	    0
	    0
	    0
	    0
	    0
	    0
	    0
	    0
	    0
	    0
	    0
	    0
	    0
 1124	    3	 36.1	 33.2	 24.4	  4.8	 93.4	  3.5	0	    0
 1125	    5	 42.0	 27.6	 14.1	  9.3	 68.7	 43.6	0	    0
	    0
	    0
	    0
	    0
	    0
	    0
	    0
	    0
	    0
	    0
	    0
	    0
	    0
	    0
	    0
	    0
	    0
	    0
	    0
	    0
	    0
	    0
	    0
	    0
	    0
	    0
	    0
	    0
	    0
	    0
	    0
	    0
 1158	    5	 38.2	 26.9	 13.7	  8.8	 65.9	 67.2	0	    0
	    0
	    0
	    0
	    0
	    0
	    0
	    0
	    0
	    0
	    0
	    0
 1170	    3	 34.0	 32.8	 24.1	  4.6	 89.8	 82.2	0	    0
	    0
	    0
	    0
	    0
	    0
	    0
	    0
	    0
	    0
 1180	    3	 35.4	 33.1	 24.4	  4.8	 10.9	 56.1	0	    0
	    0
	    0
	    0
	    0
 1185	    3	 34.9	 33.1	 24.3	  4.7	 24.4	 30.5	0	    0
	    0
	    0
	    0
	    0
	    0
	    0
	    0
	    0
	    0
	    0
	    0
	    0
	    0
	    0
	    0
	    0
	    0
	    0
	    0
 1205	    5	 43.2	 28.0	 14.3	  9.5	 29.9	 57.0	0	    0
	    0
	    0
	    0
	    0
	    0
	    0
	    0
	    0
	    0
 1215	    3	 33.3	 32.1	 23.5	  4.6	 14.4	 28.9	0	    0
	    0
	    0
	    0
	    0
	    0
	    0
	    0
 1223	    3	 32.4	 31.6	 23.1	  4.5	 76.9	 77.4	0	    0
	    0
	    0
	    0
	    0
	    0
	    0
	    0
	    0
	    0
	    0
 1234	    5	 48.1	 28.5	 14.7	 10.2	 63.9	  8.8	0	    0
 1235	    3	 33.6	 32.5	 23.8	  4.6	  1.4	 67.3	0	    0
	    0
	    0
	    0
	    0
	    0
	    0
	    0
	    0
	    0
	    0
	    0
	    0
	    0
	    0
	    0
	    0
	    0
	    0
	    0
	    0
	    0
	    0
	    0
	    0
	    0
	    0
	    0
	    0
	    0
	    0
	    0
	    0
	    0
	    0
	    0
	    0
	    0
	    0
	    0
	    0
	    0
	    0
	    0
	    0
	    0
	    0
	    0
	    0
	    0
	    0
	    0
	    0
	    0
	    0
 1290	    5	 43.2	 27.4	 14.0	  9.5	 70.4	 13.3	0	    0
	    0
	    0
	    0
	    0
	    0
	    0
	    0
	    0
	    0
	    0
	    0
	    0
	    0
	    0
	    0
	    0
	    0
	    0
	    0
 1310	    5	 40.7	 27.6	 14.1	  9.1	 48.0	 13.9	1	    0
	    0
	    0
	    0
	    0
	    0
	    0
	    0
 1318	    3	 32.8	 32.0	 23.4	  4.5	 60.3	 16.0	0	    0
	    0
	    0
	    0
	    0
	    0
	    0
	    0
	    0
 1327	    5	 41.6	 27.7	 14.1	  9.3	 12.6	 20.2	0	    0
 1328	    5	 45.9	 27.7	 14.2	 10.0	 28.4	 68.7	0	    0
	    0
	    0
	    0
	    0
	    0
	    0
	    0
	    0
	    0
	    0
	    0
	    0
	    0
	    0
	    0
	    0
	    0
	    0
	    0
	    0
 1349	    3	 34.5	 32.8	 24.1	  4.7	 83.0	 42.8	0	    0
	    0
	    0
	    0
	    0
	    0
	    0
	    0
	    0
	    0
	    0
 1360	    5	 42.6	 27.6	 14.1	  9.4	 15.6	 50.8	0	    0
	    0
	    0
	    0
	    0
	    0
	    0
	    0
	    0
	    0
	    0
	    0
	    0
 1373	    5	 44.4	 27.9	 14.3	  9.7	  5.9	 48.9	0	    0
	    0
 1375	    5	 38.5	 26.7	 13.6	  8.9	 47.2	 51.6	1	    0
	    0
	    0
 1378	    5	 40.9	 27.3	 13.9	  9.2	 59.4	  0.8	0	    0
	    0
	    0
	    0
	    0
	    0
	    0
	    0
	    0
	    0
	    0
	    0
	    0
	    0
	    0
	    0
	    0
	    0
	    0
	    0
	    0
	    0
	    0
	    0
	    0
	    0
	    0
	    0
 1406	    3	 34.7	 32.8	 24.1	  4.7	 49.8	 21.5	0	    0
	    0
	    0
	    0
	    0
	    0
	    0
	    0
	    0
 1415	    3	 34.5	 32.9	 24.2	  4.7	 79.7	 87.1	0	    0
	    0
	    0
	    0
	    0
	    0
	    0
	    0
	    0
	    0
	    0
 1426	    5	 42.8	 27.8	 14.2	  9.4	 28.8	 50.2	0	    0
	    0
	    0
	    0
	    0
	    0
	    0
	    0
	    0
	    0
	    0
	    0
	    0
	    0
	    0
	    0
	    0
	    0
	    0
	    0
	    0
	    0
	    0
	    0
	    0
	    0
	    0
 1453	    3	 31.6	 32.0	 23.5	  4.4	 64.8	 80.1	0	    0
	    0
	    0
	    0
	    0
	    0
	    0
	    0
	    0
	    0
	    0
	    0
	    0
	    0
	    0
	    0
	    0
	    0
	    0
	    0
	    0
	    0
	    0
	    0
 1477	    5	 37.1	 26.9	 13.7	  8.6	 85.4	 64.9	0	    0
	    0
	    0
	    0
	    0
	    0
	    0
	    0
	    0
	    0
	    0
	    0
	    0
	    0
 1491	    5	 43.7	 27.6	 14.1	  9.6	 12.4	 69.0	0	    0
	    0
	    0
	    0
	    0
	    0
	    0
	    0
	    0
 1500	    5	 36.2	 26.8	 13.6	  8.4	 26.9	 79.5	1	    0
	    0
	    0
	    0
	    0
	    0
	    0
	    0
	    0
	    0
	    0
	    0
	    0
	    0
	    0
	    0
	    0
	    0
	    0
 1519	    3	 33.0	 32.5	 23.9	  4.5	 72.6	 54.8	0	    0
 1520	    3	 32.7	 31.5	 22.9	  4.5	 65.3	  1.2	0	    0
	    0
	    0
	    0
	    0
	    0
	    0
	    0
	    0
	    0
	    0
	    0
	    0
	    0
	    0
	    0
	    0
	    0
	    0
	    0
 1540	    3	 33.5	 32.7	 24.0	  4.6	 83.1	 86.0	0	    0
	    0
 1542	    5	 39.3	 27.3	 13.9	  8.9	 90.8	 48.3	1	    0
	    0
	    0
	    0
	    0
	    0
	    0
	    0
	    0
	    0
	    0
	    0
	    0
	    0
	    0
	    0
	    0
	    0
	    0
	    0
	    0
	    0
	    0
	    0
	    0
	    0
	    0
	    0
	    0
	    0
	    0
	    0
 1574	    3	 32.8	 32.4	 23.7	  4.5	 82.0	 90.0	0	    0
	    0
	    0
	    0
	    0
	    0
	    0
	    0
	    0
	    0
	    0
	    0
	    0
	    0
	    0
	    0
	    0
	    0
	    0
	    0
	    0
	    0
	    0
	    0
	    0
	    0
	    0
	    0
	    0
 1603	    3	 32.8	 32.4	 23.8	  4.5	 46.3	 23.8	0	    0
	    0
	    0
	    0
	    0
	    0
	    0
	    0
	    0
	    0
	    0
	    0
	    0
	    0
	    0
	    0
	    0
	    0
	    0
	    0
	    0
	    0
	    0
 1626	    3	 33.7	 32.7	 24.0	  4.6	 64.0	 39.0	0	    0
	    0
 1628	    5	 46.5	 28.2	 14.5	 10.0	 43.5	 86.1	0	    0
	    0
	    0
	    0
	    0
	    0
	    0
	    0
	    0
	    0
	    0
	    0
	    0
	    0
	    0
	    0
	    0
	    0
	    0
	    0
	    0
	    0
	    0
	    0
	    0
	    0
	    0
	    0
	    0
	    0
	    0
	    0
 1660	    5	 40.4	 27.3	 13.9	  9.1	 32.9	 56.9	1	    0
	    0
	    0
	    0
	    0
	    0
	    0
 1667	    5	 45.3	 28.2	 14.5	  9.8	 78.2	 82.8	0	    0
	    0
	    0
	    0
	    0
	    0
	    0
	    0
	    0
	    0
	    0
	    0
	    0
	    0
	    0
	    0
 1683	    3	 34.1	 32.7	 24.0	  4.6	 81.6	 42.3	0	    0
	    0
	    0
	    0
	    0
	    0
	    0
	    0
	    0
	    0
	    0
	    0
	    0
	    0
	    0
	    0
	    0
	    0
	    0
	    0
 1703	    5	 42.9	 27.9	 14.3	  9.4	 40.0	 19.6	0	    0
	    0
	    0
	    0
	    0
	    0
	    0
	    0
	    0
	    0
	    0
	    0
	    0
	    0
	    0
	    0
	    0
	    0
	    0
	    0
	    0
	    0
 1725	    3	 32.0	 32.0	 23.4	  4.4	 69.7	 88.6	0	    0
	    0
	    0
	    0
	    0
	    0
	    0
	    0
	    0
	    0
	    0
	    0
	    0
	    0
	    0
	    0
	    0
	    0
	    0
	    0
	    0
	    0
	    0
 1748	    3	 31.9	 31.7	 23.2	  4.4	 60.3	 10.9	0	    0
	    0
	    0
	    0
	    0
	    0
 1754	    3	 30.8	 31.6	 23.2	  4.3	  3.7	 82.1	0	    0
	    0
	    0
	    0
	    0
 1759	    5	 42.5	 27.6	 14.1	  9.4	 43.7	 15.0	0	    0
	    0
	    0
	    0
	    0
	    0
	    0
	    0
	    0
	    0
	    0
	    0
	    0
	    0
	    0
 1774	    3	 37.2	 33.4	 24.6	  4.9	 24.7	 85.0	0	    0
	    0
	    0
	    0
	    0
	    0
	    0
	    0
	    0
	    0
	    0
 1785	    5	 43.4	 27.7	 14.2	  9.5	 65.9	  1.1	0	    0
	    0
	    0
	    0
	    0
	    0
	    0
	    0
	    0
	    0
	    0
	    0
	    0
	    0
	    0
	    0
	    0
	    0
	    0
	    0
	    0
	    0
	    0
	    0
	    0
	    0
	    0
	    0
	    0
	    0
	    0
	    0
	    0
	    0
	    0
	    0
	    0
	    0
	    0
	    0
	    0
	    0
	    0
	    0
	    0
	    0
	    0
	    0
	    0
	    0
	    0
	    0
	    0
	    0
	    0
	    0
	    0
	    0
	    0
	    0
	    0
	    0
	    0
	    0
	    0
	    0
 1851	    5	 45.2	 27.8	 14.2	  9.8	 34.3	 94.0	0	    0
	    0
	    0
	    0
	    0
	    0
	    0
	    0
	    0
	    0
	    0
	    0
	    0
	    0
	    0
	    0
	    0
	    0
	    0
	    0
	    0
	    0
	    0
	    0
	    0
 1876	    3	 35.1	 33.1	 24.3	  4.7	 74.9	 11.3	0	    0
	    0
	    0
 1879	    3	 32.0	 32.1	 23.6	  4.4	 73.4	 48.1	0	    0
 1880	    5	 42.6	 27.5	 14.1	  9.4	 93.8	 92.4	0	    0
	    0
	    0
	    0
	    0
	    0
	    0
	    0
 1888	    3	 32.1	 32.2	 23.7	  4.4	 82.0	 88.2	0	    0
	    0
	    0
	    0
	    0
	    0
	    0
	    0
	    0
	    0
	    0
	    0
 1900	    3	 33.8	 32.7	 24.1	  4.6	 17.2	 99.0	0	    0
	    0
	    0
	    0
	    0
	    0
	    0
 1907	    3	 29.8	 31.3	 22.9	  4.2	 99.0	 88.2	0	    0
	    0
	    0
	    0
	    0
	    0
	    0
	    0
	    0
	    0
	    0
	    0
	    0
	    0
	    0
	    0
	    0
	    0
	    0
	    0
	    0
	    0
	    0
	    0
	    0
	    0
	    0
 1934	    3	 35.5	 33.0	 24.2	  4.8	 48.5	 71.6	0	    0
	    0
	    0
 1937	    3	 35.3	 33.0	 24.3	  4.8	 13.1	 55.0	0	    0
	    0
	    0
	    0
	    0
	    0
	    0
	    0
	    0
	    0
	    0
	    0
	    0
	    0
	    0
	    0
	    0
	    0
	    0
	    0
	    0
	    0
	    0
	    0
 1961	    5	 43.2	 27.6	 14.1	  9.5	 52.6	 92.8	0	    0
	    0
	    0
	    0
 1965	    3	 33.2	 32.4	 23.8	  4.6	  9.7	  5.4	0	    0
 1966	    5	 48.1	 28.7	 14.8	 10.2	 66.8	 87.4	0	    0
	    0
	    0
	    0
	    0
	    0
	    0
	    0
	    0
	    0
	    0
	    0
	    0
 1979	    3	 31.2	 31.6	 23.1	  4.4	 57.0	 18.0	0	    0
	    0
	    0
	    0
	    0
	    0
	    0
	    0
	    0
	    0
	    0
	    0
 1991	    3	 32.6	 32.3	 23.7	  4.5	 99.4	 34.5	0	    0
	    0
	    0
 1994	    5	 33.8	 26.3	 13.4	  8.1	 74.9	 38.1	0	    0
	    0
	    0
	    0
	    0
	    0
	    0
	    0
	    0
	    0
	    0
	    0
 2006	    3	 34.1	 32.7	 24.0	  4.6	 33.4	 22.2	0	    0
	    0
	    0
	    0
	    0
	    0
	    0
	    0
	    0
	    0
	    0
	    0
	    0
	    0
	    0
	    0
	    0
	    0
	    0
	    0
	    0
 2027	    3	 38.6	 33.9	 25.0	  5.1	 35.7	 97.6	0	    0
	    0
	    0
	    0
	    0
	    0
	    0
	    0
	    0
 2036	    3	 37.2	 33.5	 24.7	  4.9	 69.9	 40.3	0	    0
	    0
	    0
	    0
	    0
 2041	    5	 38.5	 26.6	 13.5	  8.9	 49.3	 88.0	0	    0
	    0
 2043	    5	 44.0	 27.7	 14.2	  9.6	 22.3	 63.8	0	    0
	    0
	    0
	    0
 2047	    5	 42.9	 27.5	 14.0	  9.5	 89.0	 58.8	0	    0
	    0
 2049	    5	 43.3	 27.5	 14.1	  9.6	 12.2	 73.8	0	    0
	    0
	    0
 2052	    5	 50.1	 28.5	 14.7	 10.5	 80.6	 34.3	0	    0
	    0
	    0
	    0
	    0
	    0
	    0
	    0
	    0
	    0
	    0
	    0
	    0
 2065	    5	 45.3	 27.8	 14.3	  9.8	 74.3	 83.5	1	    0
	    0
	    0
	    0
	    0
	    0
	    0
	    0
	    0
	    0
	    0
	    0
	    0
	    0
	    0
	    0
	    0
	    0
	    0
	    0
	    0
	    0
	    0
	    0
	    0
	    0
 2091	    5	 43.6	 27.7	 14.2	  9.6	 47.1	 29.3	0	    0
	    0
	    0
	    0
	    0
	    0
	    0
	    0
	    0
	    0
	    0
	    0
	    0
	    0
	    0
	    0
	    0
	    0
	    0
	    0
	    0
	    0
	    0
	    0
	    0
	    0
	    0
	    0
 2119	    3	 34.1	 32.4	 23.7	  4.7	  8.2	 91.9	0	    0
	    0
 2121	    5	 40.8	 26.9	 13.7	  9.2	 14.8	  3.0	0	    0
	    0
	    0
	    0
	    0
	    0
 2127	    3	 33.6	 32.7	 24.0	  4.6	 12.2	 61.6	0	    0
	    0
	    0
	    0
	    0
	    0
	    0
	    0
	    0
	    0
	    0
	    0
	    0
	    0
	    0
	    0
	    0
	    0
	    0
	    0
	    0
	    0
	    0
	    0
	    0
	    0
	    0
	    0
	    0
	    0
	    0
	    0
	    0
	    0
	    0
	    0
	    0
	    0
	    0
	    0
	    0
	    0
	    0
	    0
	    0
	    0
	    0
	    0
	    0
	    0
	    0
	    0
	    0
	    0
	    0
	    0
	    0
	    0
	    0
	    0
	    0
	    0
	    0
	    0
	    0
 2192	    3	 31.7	 31.5	 23.0	  4.4	 22.7	 89.5	0	    0
	    0
	    0
	    0
 2196	    5	 41.4	 27.4	 14.0	  9.3	 20.5	 89.6	0	    0
	    0
 2198	    3	 32.5	 31.6	 23.0	  4.5	  4.3	 14.6	0	    0
	    0
	    0
	    0
	    0
	    0
	    0
	    0
 2206	    5	 38.7	 26.8	 13.6	  8.9	 90.6	 39.9	0	    0
 2207	    3	 32.7	 32.4	 23.8	  4.5	 80.5	 92.6	0	    0
	    0
	    0
	    0
	    0
	    0
	    0
	    0
	    0
	    0
	    0
	    0
	    0
	    0
	    0
	    0
	    0
	    0
	    0
	    0
	    0
	    0
	    0
	    0
	    0
	    0
	    0
	    0
	    0
	    0
	    0
	    0
	    0
	    0
 2241	    3	 34.9	 32.6	 23.8	  4.7	 94.1	 32.0	0	    0
	    0
	    0
	    0
	    0
	    0
 2247	    5	 43.3	 27.5	 14.1	  9.6	 47.1	 40.5	0	    0
	    0
	    0
	    0
	    0
	    0
	    0
	    0
	    0
	    0
	    0
	    0
	    0
	    0
	    0
	    0
	    0
	    0
	    0
	    0
	    0
	    0
	    0
	    0
	    0
	    0
	    0
	    0
 2275	    3	 31.1	 32.0	 23.5	  4.3	 93.6	  9.1	0	    0
	    0
	    0
 2278	    5	 42.8	 27.4	 14.0	  9.5	 41.6	 97.9	0	    0
	    0
	    0
	    0
	    0
	    0
	    0
	    0
	    0
	    0
	    0
	    0
	    0
	    0
	    0
	    0
	    0
	    0
	    0
	    0
	    0
	    0
	    0
	    0
	    0
	    0
	    0
	    0
	    0
	    0
	    0
	    0
	    0
	    0
 2312	    3	 30.3	 30.9	 22.5	  4.3	 66.5	 68.8	0	    0
	    0
	    0
	    0
	    0
 2317	    3	 32.3	 32.3	 23.7	  4.5	 26.0	 93.4	0	    0
	    0
	    0
	    0
	    0
	    0
	    0
	    0
	    0
 2326	    5	 45.9	 28.0	 14.4	  9.9	 87.6	 11.2	0	    0
	    0
	    0
	    0
	    0
	    0
 2332	    5	 47.3	 28.5	 14.6	 10.1	 50.0	 37.9	0	    0
	    0
	    0
	    0
	    0
	    0
	    0
 2339	    5	 44.4	 27.5	 14.1	  9.7	 39.8	 91.2	0	    0
	    0
	    0
	    0
	    0
	    0
	    0
	    0
	    0
	    0
	    0
 2350	    5	 45.3	 27.8	 14.3	  9.8	 54.0	 46.5	0	    0
	    0
	    0
	    0
 2354	    3	 33.8	 32.3	 23.6	  4.6	 47.0	 82.0	0	    0
	    0
	    0
	    0
	    0
	    0
	    0
	    0
	    0
	    0
	    0
	    0
	    0
	    0
	    0
	    0
	    0
	    0
	    0
	    0
 2374	    3	 34.3	 32.9	 24.2	  4.6	 68.1	 51.8	0	    0
 2375	    3	 33.5	 32.6	 23.9	  4.6	  2.5	 50.0	0	    0
	    0
	    0
	    0
	    0
	    0
	    0
	    0
	    0
	    0
	    0
	    0
	    0
	    0
	    0
	    0
	    0
	    0
	    0
	    0
	    0
	    0
	    0
	    0
	    0
	    0
	    0
	    0
	    0
	    0
	    0
	    0
	    0
 2408	    5	 47.4	 28.1	 14.5	 10.1	 75.3	 91.1	0	    0
	    0
	    0
	    0
	    0
	    0
	    0
	    0
	    0
	    0
	    0
	    0
	    0
	    0
	    0
	    0
	    0
	    0
	    0
	    0
	    0
	    0
	    0
	    0
	    0
	    0
	    0
 2435	    5	 44.7	 27.8	 14.2	  9.8	 89.9	 30.5	0	    0
	    0
	    0
	    0
 2439	    3	 35.9	 33.1	 24.3	  4.8	 53.9	 90.9	0	    0
	    0
	    0
	    0
	    0
	    0
	    0
	    0
	    0
	    0
 2449	    5	 34.1	 26.1	 13.3	  8.2	 21.2	 94.7	0	    0
	    0
	    0
	    0
	    0
	    0
	    0
	    0
	    0
	    0
 2459	    3	 32.1	 32.1	 23.6	  4.4	  8.1	 52.0	0	    0
	    0
	    0
	    0
	    0
	    0
	    0
	    0
	    0
	    0
	    0
	    0
	    0
	    0
	    0
 2474	    5	 42.1	 27.8	 14.2	  9.3	 77.8	 46.7	0	    0
	    0
	    0
	    0
 2478	    5	 40.4	 27.1	 13.8	  9.1	 56.0	 70.4	0	    0
	    0
	    0
	    0
	    0
	    0
	    0
	    0
	    0
	    0
	    0
	    0
	    0
	    0
 2492	    5	 42.7	 27.8	 14.2	  9.4	 46.8	 78.0	1	    0
	    0
	    0
	    0
	    0
	    0
	    0
	    0
	    0
	    0
	    0
	    0
	    0
	    0
	    0
	    0
	    0
	    0
	    0
	    0
	    0
	    0
	    0
	    0
	    0
	    0
	    0
	    0
	    0
	    0
	    0
	    0
	    0
	    0
	    0
	    0
	    0
 2529	    3	 33.5	 32.6	 24.0	  4.6	 55.2	 60.0	0	    0
	    0
	    0
	    0
	    0
	    0
	    0
	    0
	    0
 2538	    5	 43.4	 27.7	 14.2	  9.5	  6.5	 75.6	0	    0
	    0
	    0
	    0
 2542	    5	 43.4	 27.3	 14.0	  9.6	  4.5	 18.6	0	    0
	    0
	    0
	    0
 2546	    5	 48.3	 28.0	 14.4	 10.3	 49.8	 63.6	0	    0
	    0
	    0
	    0
 2550	    3	 36.7	 33.4	 24.6	  4.9	 73.2	 45.5	0	    0
	    0
	    0
 2553	    5	 42.9	 27.9	 14.3	  9.4	 37.1	 74.2	0	    0
	    0
	    0
	    0
	    0
	    0
	    0
 2560	    3	 32.2	 31.8	 23.2	  4.5	 89.4	 66.2	0	    0
	    0
	    0
	    0
	    0
	    0
	    0
	    0
	    0
	    0
	    0
	    0
	    0
	    0
	    0
	    0
	    0
	    0
	    0
	    0
	    0
	    0
	    0
	    0
 2584	    5	 42.4	 27.8	 14.2	  9.4	 64.4	 92.0	0	    0
	    0
	    0
	    0
	    0
	    0
	    0
	    0
	    0
	    0
	    0
	    0
	    0
	    0
	    0
 2599	    5	 43.7	 27.6	 14.1	  9.6	 28.9	 44.5	0	    0
	    0
 2601	    3	 33.0	 31.3	 22.7	  4.6	 24.7	 71.8	0	    0
	    0
	    0
	    0
	    0
	    0
	    0
	    0
	    0
	    0
	    0
	    0
	    0
	    0
	    0
	    0
	    0
 2618	    3	 31.3	 32.0	 23.5	  4.4	  7.6	 32.8	0	    0
	    0
	    0
	    0
	    0
	    0
	    0
	    0
	    0
	    0
	    0
 2629	    3	 35.0	 32.7	 24.0	  4.7	 39.5	 89.9	0	    0
	    0
	    0
	    0
	    0
 2634	    5	 42.0	 27.2	 13.9	  9.4	 56.2	  4.4	1	    0
	    0
	    0
	    0
	    0
	    0
	    0
	    0
	    0
	    0
	    0
	    0
	    0
	    0
	    0
	    0
 2650	    3	 34.4	 33.0	 24.3	  4.7	 28.7	 85.9	0	    0
	    0
	    0
	    0
	    0
	    0
	    0
	    0
	    0
	    0
	    0
	    0
	    0
	    0
	    0
	    0
	    0
	    0
	    0
	    0
	    0
	    0
	    0
	    0
	    0
	    0
	    0
	    0
	    0
	    0
	    0
 2681	    3	 30.5	 31.4	 23.0	  4.3	 56.1	 96.7	0	    0
	    0
	    0
	    0
	    0
	    0
	    0
	    0
	    0
	    0
	    0
	    0
 2693	    5	 42.9	 27.1	 13.8	  9.6	 20.4	 79.9	0	    0
	    0
	    0
	    0
	    0
	    0
	    0
 2700	    5	 38.4	 26.9	 13.7	  8.8	 22.7	 53.2	0	    0
	    0
	    0
	    0
	    0
	    0
	    0
	    0
	    0
	    0
	    0
	    0
	    0
	    0
	    0
	    0
	    0
	    0
	    0
	    0
	    0
 2721	    5	 43.1	 27.9	 14.3	  9.5	 10.5	 26.0	0	    0
	    0
	    0
	    0
	    0
	    0
	    0
	    0
	    0
	    0
	    0
	    0
	    0
	    0
	    0
	    0
	    0
	    0
	    0
	    0
 2741	    3	 34.5	 32.8	 24.0	  4.7	 46.6	 45.2	0	    0
	    0
 2743	    3	 34.8	 32.9	 24.2	  4.7	  9.7	 45.9	0	    0
	    0
	    0
	    0
	    0
	    0
	    0
	    0
	    0
	    0
	    0
	    0
	    0
	    0
 2757	    5	 41.4	 27.6	 14.1	  9.2	 20.7	 56.4	0	    0
	    0
	    0
	    0
	    0
	    0
	    0
	    0
	    0
	    0
	    0
	    0
	    0
	    0
	    0
	    0
	    0
	    0
	    0
	    0
	    0
	    0
	    0
	    0
	    0
	    0
	    0
	    0
	    0
	    0
	    0
	    0
	    0
	    0
	    0
	    0
	    0
 2794	    3	 34.5	 32.5	 23.8	  4.7	 97.4	 98.5	0	    0
	    0
	    0
	    0
	    0
	    0
	    0
	    0
	    0
	    0
	    0
	    0
	    0
	    0
	    0
	    0
	    0
	    0
	    0
	    0
	    0
	    0
	    0
 2817	    5	 47.1	 28.4	 14.6	 10.0	 92.9	 67.6	0	    0
	    0
	    0
	    0
	    0
	    0
	    0
 2824	    3	 36.3	 33.2	 24.4	  4.9	 55.9	  6.4	0	    0
	    0
	    0
	    0
	    0
	    0
	    0
	    0
	    0
	    0
	    0
	    0
	    0
 2837	    5	 44.0	 27.6	 14.1	  9.7	 65.7	 73.4	0	    0
	    0
	    0
	    0
	    0
	    0
	    0
	    0
 2845	    5	 45.3	 27.9	 14.3	  9.8	 88.4	 16.1	0	    0
	    0
	    0
 2848	    3	 35.9	 33.3	 24.5	  4.8	 55.3	 26.4	0	    0
	    0
	    0
	    0
	    0
	    0
	    0
	    0
	    0
	    0
	    0
	    0
	    0
	    0
	    0
	    0
	    0
	    0
	    0
	    0
	    0
	    0
	    0
 2871	    3	 30.3	 31.6	 23.2	  4.3	 44.3	 58.1	0	    0
	    0
	    0
	    0
 2875	    3	 32.3	 31.5	 22.9	  4.5	 65.2	 68.3	0	    0
	    0
	    0
	    0
	    0
	    0
	    0
	    0
	    0
	    0
	    0
	    0
	    0
	    0
	    0
	    0
	    0
	    0
	    0
	    0
	    0
	    0
	    0
	    0
	    0
 2900	    3	 34.7	 33.0	 24.3	  4.7	 68.5	 48.2	0	    0
	    0
	    0
	    0
	    0
	    0
	    0
 2907	    3	 34.4	 32.7	 24.0	  4.7	  7.2	 44.6	0	    0
	    0
	    0
	    0
	    0
	    0
	    0
	    0
	    0
	    0
	    0
	    0
	    0
	    0
	    0
	    0
 2923	    3	 35.0	 32.7	 23.9	  4.7	 40.2	  9.0	0	    0
	    0
	    0
	    0
	    0
	    0
	    0
	    0
	    0
	    0
	    0
	    0
	    0
	    0
	    0
	    0
	    0
	    0
	    0
	    0
	    0
	    0
	    0
	    0
 2947	    3	 34.4	 32.7	 24.0	  4.7	 80.4	 63.9	0	    0
	    0
	    0
	    0
	    0
	    0
	    0
	    0
	    0
	    0
	    0
	    0
 2959	    5	 42.2	 27.4	 14.0	  9.4	 43.4	 79.5	0	    0
	    0
 2961	    5	 46.1	 28.1	 14.4	  9.9	 99.1	 64.7	0	    0
	    0
	    0
	    0
	    0
	    0
	    0
	    0
	    0
	    0
	    0
	    0
	    0
 2974	    5	 44.2	 27.8	 14.2	  9.7	 14.3	 88.8	0	    0
	    0
	    0
	    0
	    0
	    0
	    0
 2981	    5	 46.3	 27.9	 14.3	 10.0	 34.2	 33.2	0	    0
	    0
	    0
	    0
	    0
	    0
	    0
	    0
	    0
	    0
	    0
	    0
 2993	    5	 44.9	 27.6	 14.1	  9.8	 54.0	 39.8	0	    0
	    0
	    0
	    0
 2997	    3	 35.7	 33.1	 24.3	  4.8	 31.3	 11.5	0	    0
	    0
	    0
	    0
	    0
	    0
	    0
	    0
	    0
	    0
	    0
	    0
	    0
	    0
	    0
	    0
 3013	    3	 33.2	 32.5	 23.9	  4.6	 17.3	 79.9	0	    0
	    0
	    0
	    0
	    0
	    0
	    0
	    0
	    0
	    0
	    0
	    0
	    0
	    0
	    0
	    0
	    0
	    0
	    0
	    0
	    0
	    0
	    0
	    0
	    0
	    0
	    0
	    0
	    0
	    0
	    0
	    0
	    0
	    0
	    0
	    0
	    0
	    0
	    0
	    0
	    0
 3054	    5	 45.6	 27.6	 14.2	  9.9	 26.9	 39.2	0	    0
	    0
	    0
	    0
	    0
	    0
	    0
	    0
	    0
	    0
	    0
	    0
	    0
	    0
	    0
	    0
	    0
	    0
	    0
	    0
	    0
	    0
	    0
	    0
	    0
	    0
	    0
	    0
	    0
	    0
	    0
	    0
	    0
	    0
 3088	    3	 33.9	 32.6	 23.9	  4.6	 21.2	 26.0	0	    0
	    0
	    0
	    0
	    0
	    0
	    0
	    0
	    0
 3097	    3	 32.7	 31.4	 22.8	  4.5	 84.9	 38.2	0	    0
 3098	    5	 43.3	 27.5	 14.1	  9.6	  9.3	 40.4	0	    0
	    0
	    0
 3101	    5	 46.6	 27.9	 14.3	 10.0	 87.2	 44.8	0	    0
	    0
	    0
	    0
	    0
	    0
	    0
	    0
	    0
	    0
	    0
	    0
	    0
	    0
	    0
	    0
	    0
	    0
	    0
	    0
	    0
	    0
 3123	    3	 32.8	 31.9	 23.3	  4.5	 29.8	 15.1	0	    0
	    0
	    0
	    0
	    0
	    0
	    0
	    0
	    0
	    0
	    0
	    0
	    0
	    0
	    0
	    0
	    0
	    0
	    0
	    0
	    0
	    0
	    0
 3146	    3	 31.2	 30.9	 22.5	  4.4	 56.6	 87.2	0	    0
	    0
	    0
	    0
	    0
	    0
	    0
	    0
	    0
	    0
	    0
	    0
	    0
	    0
	    0
 3161	    5	 39.5	 27.0	 13.8	  9.0	  7.7	 88.7	0	    0
	    0
	    0
	    0
	    0
 3166	    3	 32.0	 31.7	 23.2	  4.5	 61.3	  2.4	0	    0
	    0
	    0
	    0
	    0
	    0
	    0
	    0
	    0
	    0
	    0
	    0
	    0
	    0
	    0
	    0
	    0
	    0
	    0
	    0
	    0
	    0
	    0
	    0
	    0
	    0
	    0
	    0
	    0
	    0
 3196	    5	 42.6	 27.4	 14.0	  9.5	 66.0	 60.2	0	    0
	    0
	    0
	    0
	    0
	    0
	    0
	    0
	    0
	    0
	    0
	    0
	    0
	    0
 3210	    3	 33.7	 32.4	 23.7	  4.6	 49.7	 50.0	0	    0
	    0
	    0
	    0
	    0
	    0
	    0
	    0
 3218	    3	 34.9	 32.8	 24.1	  4.7	 94.9	 76.7	0	    0
	    0
	    0
	    0
	    0
 3223	    3	 32.6	 31.9	 23.3	  4.5	  8.8	 20.6	1	    0
 3224	    3	 33.8	 32.5	 23.8	  4.6	 41.2	  8.5	0	    0
	    0
	    0
	    0
	    0
	    0
	    0
	    0
	    0
	    0
	    0
	    0
	    0
	    0
	    0
 3239	    3	 35.5	 32.0	 23.2	  4.8	 97.5	 43.1	0	    0
	    0
	    0
	    0
	    0
	    0
	    0
	    0
	    0
	    0
	    0
	    0
	    0
	    0
 3253	    5	 40.9	 27.3	 13.9	  9.2	 47.9	 93.8	0	    0
	    0
	    0
	    0
	    0
	    0
	    0
	    0
	    0
	    0
	    0
	    0
	    0
	    0
	    0
	    0
	    0
	    0
	    0
 3272	    3	 34.9	 32.8	 24.1	  4.7	 73.9	 33.6	0	    0
	    0
	    0
	    0
	    0
	    0
	    0
	    0
	    0
	    0
	    0
	    0
	    0
	    0
	    0
	    0
	    0
	    0
	    0
	    0
	    0
	    0
	    0
	    0
	    0
	    0
	    0
	    0
	    0
	    0
	    0
	    0
 3304	    3	 32.7	 32.4	 23.8	  4.5	 87.2	 27.6	0	    0
	    0
	    0
	    0
	    0
	    0
	    0
	    0
	    0
	    0
	    0
	    0
	    0
	    0
	    0
 3319	    3	 32.2	 31.8	 23.2	  4.5	 40.6	 78.1	0	    0
	    0
	    0
	    0
	    0
	    0
	    0
	    0
	    0
	    0
	    0
	    0
	    0
	    0
	    0
	    0
	    0
	    0
 3337	    3	 33.0	 31.4	 22.8	  4.6	 86.1	 18.3	0	    0
	    0
	    0
 3340	    5	 45.1	 27.7	 14.2	  9.8	 84.8	 74.1	0	    0
	    0
	    0
	    0
	    0
	    0
	    0
	    0
	    0
	    0
	    0
	    0
	    0
	    0
	    0
	    0
	    0
	    0
	    0
	    0
	    0
	    0
	    0
	    0
	    0
	    0
	    0
	    0
	    0
	    0
	    0
	    0
	    0
	    0
	    0
	    0
	    0
	    0
	    0
	    0
	    0
	    0
	    0
	    0
	    0
	    0
 3386	    3	 34.5	 32.6	 23.9	  4.7	 64.7	 76.7	0	    0
	    0
	    0
	    0
	    0
	    0
	    0
	    0
	    0
	    0
	    0
	    0
	    0
	    0
	    0
 3401	    5	 43.1	 27.9	 14.3	  9.5	 51.3	  2.9	0	    0
	    0
	    0
	    0
	    0
	    0
 3407	    5	 43.0	 26.9	 13.7	  9.6	 54.9	 15.3	0	    0
	    0
	    0
	    0
	    0
	    0
	    0
	    0
	    0
	    0
	    0
	    0
	    0
	    0
	    0
	    0
	    0
	    0
	    0
	    0
	    0
	    0
	    0
	    0
	    0
	    0
	    0
	    0
	    0
	    0
	    0
	    0
	    0
	    0
	    0
	    0
	    0
	    0
	    0
	    0
	    0
	    0
	    0
	    0
	    0
	    0
 3453	    3	 30.7	 30.7	 22.2	  4.4	 96.1	 43.4	0	    0
	    0
	    0
	    0
	    0
	    0
	    0
	    0
	    0
	    0
	    0
	    0
	    0
	    0
	    0
	    0
	    0
	    0
	    0
	    0
	    0
	    0
	    0
	    0
	    0
 3478	    3	 31.9	 32.2	 23.7	  4.4	 31.5	 38.4	0	    0
	    0
 3480	    3	 33.4	 32.4	 23.7	  4.6	 46.3	 26.6	0	    0
	    0
	    0
	    0
	    0
	    0
	    0
	    0
	    0
	    0
	    0
	    0
	    0
	    0
	    0
	    0
	    0
	    0
	    0
	    0
	    0
	    0
	    0
	    0
	    0
	    0
	    0
	    0
	    0
	    0
	    0
	    0
	    0
	    0
	    0
	    0
	    0
	    0
	    0
	    0
	    0
	    0
	    0
	    0
	    0
	    0
	    0
 3527	    5	 43.8	 27.8	 14.2	  9.6	 97.4	 41.8	0	    0
	    0
	    0
	    0
	    0
	    0
	    0
	    0
	    0
 3536	    3	 33.9	 32.5	 23.8	  4.6	 24.3	 77.8	0	    0
	    0
	    0
	    0
	    0
	    0
	    0
	    0
	    0
	    0
	    0
	    0
	    0
	    0
 3550	    3	 31.7	 32.0	 23.4	  4.4	 64.7	 37.3	0	    0
	    0
	    0
	    0
	    0
	    0
	    0
	    0
	    0
	    0
	    0
	    0
	    0
	    0
	    0
	    0
	    0
	    0
 3568	    3	 34.4	 32.9	 24.2	  4.7	 33.9	 39.0	0	    0
	    0
	    0
	    0
	    0
	    0
	    0
	    0
	    0
	    0
	    0
	    0
	    0
	    0
 3582	    5	 41.8	 27.2	 13.9	  9.4	 35.1	  4.9	0	    0
	    0
	    0
 3585	    5	 43.2	 27.9	 14.3	  9.5	 79.7	 97.3	1	    0
	    0
	    0
	    0
	    0
	    0
	    0
	    0
	    0
	    0
	    0
	    0
	    0
	    0
	    0
	    0
	    0
	    0
	    0
	    0
	    0
	    0
	    0
	    0
	    0
	    0
	    0
	    0
	    0
	    0
	    0
	    0
	    0
	    0
	    0
	    0
	    0
	    0
	    0
	    0
	    0
	    0
	    0
	    0
	    0
	    0
	    0
	    0
	    0
	    0
	    0
	    0
	    0
	    0
	    0
	    0
 3641	    5	 47.2	 28.1	 14.4	 10.1	 41.6	 48.2	0	    0
	    0
	    0
	    0
	    0
	    0
	    0
	    0
	    0
	    0
	    0
	    0
	    0
	    0
 3655	    5	 40.6	 27.5	 14.0	  9.1	 23.2	 60.2	1	    0
	    0
	    0
 3658	    5	 39.8	 26.8	 13.7	  9.1	 99.9	 13.9	0	    0
	    0
	    0
	    0
	    0
	    0
	    0
	    0
	    0
 3667	    3	 35.6	 33.2	 24.4	  4.8	 27.8	 12.0	0	    0
	    0
	    0
	    0
	    0
	    0
	    0
	    0
	    0
	    0
	    0
 3678	    3	 34.6	 32.7	 23.9	  4.7	  3.6	 67.9	0	    0
	    0
	    0
	    0
	    0
	    0
	    0
	    0
	    0
	    0
	    0
	    0
 3690	    3	 32.7	 32.1	 23.5	  4.5	  6.1	 85.5	0	    0
	    0
 3692	    3	 34.7	 32.8	 24.0	  4.7	 10.6	 70.9	0	    0
 3693	    3	 32.7	 32.6	 24.0	  4.5	 66.3	 29.1	0	    0
	    0
	    0
	    0
	    0
	    0
 3699	    3	 33.4	 32.5	 23.8	  4.6	 35.9	 49.6	0	    0
	    0
	    0
	    0
	    0
	    0
	    0
	    0
	    0
	    0
	    0
	    0
	    0
	    0
	    0
	    0
	    0
	    0
	    0
	    0
	    0
	    0
	    0
	    0
	    0
 3724	    5	 44.5	 27.8	 14.3	  9.7	 63.5	 15.8	0	    0
	    0
	    0
	    0
	    0
	    0
	    0
	    0
	    0
 3733	    3	 33.7	 32.5	 23.8	  4.6	  4.1	 65.8	0	    0
	    0
	    0
	    0
	    0
	    0
	    0
	    0
	    0
	    0
	    0
	    0
	    0
	    0
	    0
	    0
	    0
	    0
	    0
	    0
	    0
	    0
 3755	    5	 42.3	 27.2	 13.9	  9.4	 22.8	 68.2	0	    0
	    0
	    0
	    0
	    0
	    0
	    0
	    0
	    0
	    0
	    0
	    0
	    0
	    0
	    0
	    0
	    0
	    0
	    0
	    0
	    0
 3776	    5	 41.9	 27.4	 14.0	  9.3	 39.5	 81.6	0	    0
	    0
	    0
	    0
	    0
	    0
	    0
	    0
	    0
	    0
	    0
	    0
	    0
 3789	    3	 31.5	 32.2	 23.7	  4.4	 17.2	  9.0	0	    0
	    0
	    0
	    0
	    0
	    0
	    0
	    0
	    0
 3798	    5	 44.9	 28.1	 14.4	  9.7	 48.8	 75.0	0	    0
	    0
	    0
	    0
	    0
	    0
	    0
	    0
	    0
	    0
	    0
	    0
	    0
	    0
	    0
	    0
	    0
	    0
	    0
	    0
	    0
	    0
	    0
	    0
	    0
	    0
	    0
	    0
	    0
	    0
	    0
 3829	    3	 36.5	 33.3	 24.5	  4.9	 89.7	 52.7	0	    0
	    0
 3831	    3	 33.4	 32.3	 23.6	  4.6	 86.5	 38.8	0	    0
	    0
	    0
	    0
	    0
	    0
	    0
	    0
	    0
	    0
 3841	    3	 36.1	 33.3	 24.5	  4.8	 81.4	 79.9	0	    0
 3842	    5	 46.0	 28.3	 14.5	  9.9	 61.0	 71.2	0	    0
	    0
	    0
	    0
	    0
	    0
	    0
	    0
	    0
	    0
	    0
	    0
	    0
	    0
	    0
	    0
 3858	    3	 34.7	 33.0	 24.3	  4.7	 85.6	 23.5	0	    0
	    0
	    0
	    0
	    0
	    0
	    0
	    0
 3866	    5	 41.6	 27.3	 14.0	  9.3	 81.9	 22.8	0	    0
	    0
	    0
	    0
	    0
	    0
	    0
	    0
	    0
	    0
	    0
 3877	    3	 32.3	 32.2	 23.6	  4.5	  5.6	 10.9	0	    0
	    0
	    0
	    0
	    0
	    0
	    0
	    0
	    0
	    0
	    0
	    0
	    0
	    0
	    0
	    0
 3893	    5	 41.8	 27.2	 13.9	  9.3	 61.6	 56.2	0	    0
	    0
	    0
 3896	    3	 33.9	 32.8	 24.1	  4.6	 86.1	  4.5	0	    0
	    0
	    0
	    0
	    0
	    0
	    0
	    0
	    0
	    0
	    0
	    0
	    0
 3909	    3	 33.7	 32.7	 24.1	  4.6	 89.6	  1.3	0	    0
	    0
	    0
	    0
 3913	    3	 32.8	 32.5	 23.8	  4.5	  0.5	 83.5	0	    0
	    0
	    0
	    0
	    0
	    0
	    0
	    0
	    0
	    0
	    0
	    0
	    0
	    0
 3927	    5	 47.6	 28.2	 14.5	 10.2	 99.0	 99.4	0	    0
	    0
	    0
	    0
	    0
	    0
	    0
	    0
	    0
	    0
	    0
	    0
	    0
	    0
	    0
	    0
	    0
	    0
	    0
	    0
	    0
	    0
	    0
	    0
	    0
	    0
	    0
	    0
	    0
	    0
	    0
	    0
	    0
	    0
	    0
	    0
	    0
	    0
	    0
	    0
	    0
	    0
	    0
	    0
	    0
	    0
	    0
	    0
	    0
	    0
	    0
	    0
 3979	    5	 47.0	 28.0	 14.4	 10.1	 24.1	 44.8	0	    0
	    0
	    0
	    0
	    0
	    0
	    0
	    0
	    0
	    0
	    0
	    0
	    0
	    0
	    0
	    0
	    0
	    0
 3997	    5	 40.4	 27.4	 14.0	  9.1	 40.2	 21.7	1	    0
	    0
	    0
	    0
	    0
	    0
	    0
	    0
	    0
	    0
	    0
	    0
	    0
	    0
	    0
	    0
	    0
	    0
	    0
	    0
	    0
	    0
	    0
	    0
	    0
	    0
	    0
	    0
	    0
	    0
	    0
	    0
	    0
	    0
	    0
	    0
	    0
	    0
	    0
	    0
	    0
	    0
	    0
	    0
	    0
	    0
	    0
	    0
	    0
	    0
	    0
	    0
	    0
	    0
	    0
	    0
	    0
	    0
	    0
	    0
	    0
	    0
	    0
	    0
	    0
	    0
	    0
	    0
	    0
	    0
	    0
	    0
	    0
	    0
	    0
	    0
	    0
	    0
	    0
	    0
	    0
 4078	    3	 34.0	 32.5	 23.8	  4.6	 34.4	 37.6	0	    0
	    0
	    0
 4081	    3	 35.3	 32.9	 24.2	  4.8	 47.3	 19.2	0	    0
	    0
	    0
	    0
	    0
	    0
	    0
	    0
	    0
	    0
	    0
	    0
	    0
	    0
	    0
	    0
	    0
	    0
	    0
	    0
	    0
	    0
	    0
	    0
	    0
	    0
	    0
	    0
	    0
	    0
	    0
	    0
	    0
	    0
	    0
	    0
	    0
 4118	    5	 42.2	 27.6	 14.1	  9.4	 52.3	 33.7	1	    0
	    0
	    0
	    0
	    0
	    0
	    0
 4125	    5	 46.6	 28.1	 14.5	 10.0	  1.0	 32.1	0	    0
	    0
	    0
	    0
	    0
	    0
	    0
 4132	    5	 40.2	 27.1	 13.8	  9.1	 96.1	 27.7	1	    0
	    0
	    0
	    0
	    0
	    0
	    0
	    0
	    0
	    0
	    0
	    0
	    0
	    0
	    0
	    0
	    0
	    0
	    0
	    0
 4152	    3	 32.6	 32.4	 23.7	  4.5	 36.5	 59.0	0	    0
	    0
	    0
	    0
	    0
	    0
	    0
	    0
	    0
	    0
	    0
	    0
	    0
	    0
	    0
	    0
	    0
	    0
	    0
	    0
	    0
	    0
	    0
	    0
	    0
	    0
	    0
	    0
	    0
	    0
	    0
	    0
	    0
	    0
	    0
	    0
	    0
	    0
	    0
	    0
	    0
	    0
	    0
	    0
	    0
	    0
	    0
	    0
	    0
	    0
	    0
	    0
	    0
	    0
	    0
	    0
	    0
	    0
	    0
	    0
	    0
	    0
	    0
	    0
	    0
	    0
 4218	    3	 36.9	 33.5	 24.7	  4.9	 37.9	 60.7	0	    0
	    0
	    0
	    0
	    0
	    0
	    0
	    0
 4226	    5	 41.9	 27.5	 14.1	  9.3	 40.3	 39.5	0	    0
	    0
	    0
	    0
	    0
	    0
	    0
	    0
	    0
	    0
	    0
	    0
	    0
	    0
	    0
	    0
	    0
	    0
	    0
	    0
	    0
	    0
	    0
 4249	    5	 33.0	 25.8	 13.1	  8.0	 24.2	 18.6	1	    0
	    0
	    0
	    0
	    0
	    0
 4255	    3	 33.3	 32.6	 24.0	  4.6	 91.3	 81.2	0	    0
	    0
	    0
	    0
	    0
	    0
 4261	    5	 45.1	 27.9	 14.3	  9.8	 19.6	 34.1	1	    0
	    0
	    0
	    0
	    0
	    0
	    0
	    0
	    0
	    0
	    0
	    0
	    0
	    0
	    0
	    0
	    0
	    0
	    0
	    0
	    0
	    0
	    0
	    0
	    0
	    0
	    0
	    0
	    0
	    0
	    0
	    0
	    0
	    0
 4295	    3	 33.1	 32.6	 23.9	  4.5	  7.6	 33.9	0	    0
	    0
	    0
	    0
	    0
	    0
	    0
	    0
	    0
	    0
	    0
	    0
	    0
	    0
	    0
	    0
	    0
	    0
	    0
	    0
	    0
	    0
	    0
	    0
	    0
	    0
	    0
	    0
	    0
	    0
	    0
	    0
	    0
	    0
	    0
	    0
	    0
	    0
	    0
	    0
 4335	    3	 32.6	 32.3	 23.7	  4.5	 52.5	 81.4	0	    0
	    0
	    0
	    0
 4339	    5	 35.3	 26.6	 13.5	  8.3	 66.4	 78.0	1	    0
	    0
	    0
	    0
	    0
	    0
	    0
 4346	    5	 40.2	 27.2	 13.9	  9.1	 17.2	 13.7	0	    0
	    0
	    0
	    0
	    0
	    0
 4352	    5	 46.6	 28.0	 14.4	 10.0	 60.1	 37.8	0	    0
	    0
	    0
	    0
	    0
	    0
	    0
	    0
 4360	    3	 34.4	 32.7	 23.9	  4.7	 17.1	 75.9	0	    0
	    0
	    0
	    0
	    0
	    0
	    0
 4367	    3	 32.7	 32.2	 23.6	  4.5	 50.6	 29.5	0	    0
	    0
	    0
	    0
	    0
	    0
	    0
	    0
	    0
	    0
	    0
	    0
	    0
	    0
	    0
	    0
 4383	    3	 32.6	 31.4	 22.8	  4.5	 89.5	 61.2	0	    0
	    0
	    0
	    0
	    0
	    0
	    0
	    0
	    0
	    0
	    0
	    0
	    0
	    0
	    0
	    0
	    0
	    0
	    0
	    0
	    0
	    0
	    0
	    0
	    0
	    0
	    0
	    0
	    0
	    0
	    0
	    0
	    0
	    0
	    0
	    0
	    0
	    0
	    0
	    0
	    0
 4424	    5	 48.0	 28.2	 14.5	 10.2	  7.9	  7.7	0	    0
	    0
	    0
	    0
 4428	    5	 44.9	 28.2	 14.5	  9.7	 96.0	 48.2	0	    0
	    0
	    0
	    0
	    0
	    0
	    0
	    0
	    0
	    0
	    0
	    0
	    0
	    0
 4442	    3	 31.8	 31.8	 23.3	  4.4	 42.3	 12.0	0	    0
	    0
	    0
	    0
	    0
	    0
	    0
	    0
	    0
	    0
 4452	    3	 30.4	 31.2	 22.8	  4.3	  8.8	 37.1	0	    0
	    0
 4454	    3	 34.1	 32.6	 23.9	  4.7	 21.1	 59.7	0	    0
	    0
	    0
	    0
	    0
	    0
	    0
	    0
	    0
	    0
	    0
	    0
	    0
	    0
	    0
	    0
	    0
	    0
	    0
	    0
	    0
	    0
	    0
	    0
	    0
	    0
	    0
	    0
 4482	    3	 34.3	 32.7	 24.0	  4.7	 42.2	 90.7	0	    0
	    0
	    0
	    0
	    0
	    0
	    0
	    0
	    0
	    0
	    0
	    0
	    0
	    0
	    0
	    0
	    0
	    0
	    0
	    0
	    0
	    0
	    0
	    0
	    0
	    0
	    0
	    0
	    0
	    0
	    0
	    0
	    0
	    0
	    0
	    0
	    0
	    0
	    0
	    0
	    0
	    0
	    0
	    0
	    0
	    0
	    0
	    0
	    0
 4531	    3	 30.5	 31.0	 22.6	  4.3	 72.8	 82.7	0	    0
	    0
	    0
	    0
	    0
	    0
	    0
	    0
	    0
	    0
	    0
	    0
	    0
	    0
	    0
	    0
	    0
	    0
	    0
	    0
	    0
	    0
	    0
	    0
	    0
	    0
	    0
	    0
	    0
	    0
	    0
	    0
	    0
	    0
	    0
	    0
	    0
	    0
	    0
	    0
	    0
	    0
	    0
	    0
	    0
 4576	    5	 34.2	 26.4	 13.4	  8.1	 76.8	 38.4	0	    0
	    0
	    0
	    0
	    0
	    0
	    0
	    0
	    0
	    0
	    0
	    0
	    0
	    0
	    0
	    0
	    0
	    0
	    0
	    0
	    0
	    0
	    0
	    0
 4600	    5	 41.1	 27.7	 14.1	  9.2	 22.7	 95.6	0	    0
	    0
	    0
	    0
	    0
	    0
	    0
	    0
	    0
	    0
	    0
 4611	    3	 34.1	 32.6	 23.9	  4.6	 45.3	 11.3	0	    0
	    0
	    0
	    0
 4615	    3	 31.3	 32.1	 23.6	  4.3	 39.7	 61.6	0	    0
	    0
	    0
	    0
	    0
	    0
	    0
	    0
	    0
	    0
	    0
	    0
	    0
	    0
	    0
	    0
	    0
	    0
	    0
	    0
	    0
	    0
	    0
	    0
	    0
	    0
	    0
	    0
	    0
	    0
	    0
	    0
	    0
	    0
	    0
	    0
	    0
	    0
	    0
	    0
 4655	    3	 35.2	 33.0	 24.2	  4.7	  5.3	 89.9	0	    0
	    0
	    0
	    0
	    0
	    0
	    0
	    0
	    0
	    0
	    0
	    0
	    0
	    0
	    0
	    0
	    0
	    0
	    0
	    0
	    0
	    0
	    0
	    0
	    0
	    0
	    0
 4682	    3	 35.1	 32.9	 24.2	  4.7	 88.8	 33.1	0	    0
	    0
	    0
	    0
	    0
	    0
	    0
	    0
 4690	    5	 43.3	 27.9	 14.3	  9.5	 16.1	 67.5	0	    0
	    0
	    0
	    0
 4694	    3	 34.3	 32.8	 24.0	  4.7	 55.2	 53.3	0	    0
	    0
	    0
	    0
	    0
	    0
 4700	    3	 35.5	 33.1	 24.3	  4.8	  5.6	  0.2	0	    0
	    0
	    0
	    0
	    0
	    0
	    0
	    0
	    0
	    0
	    0
	    0
	    0
	    0
	    0
	    0
 4716	    3	 32.2	 32.2	 23.7	  4.5	 60.7	 51.8	0	    0
	    0
 4718	    3	 34.5	 32.9	 24.2	  4.7	 72.3	 19.4	0	    0
	    0
	    0
	    0
	    0
	    0
	    0
	    0
	    0
	    0
 4728	    3	 32.5	 31.5	 22.9	  4.5	 44.1	  6.7	0	    0
	    0
 4730	    3	 32.3	 31.7	 23.1	  4.5	 25.6	 70.8	0	    0
	    0
	    0
	    0
	    0
	    0
	    0
	    0
	    0
	    0
	    0
	    0
	    0
	    0
	    0
	    0
	    0
	    0
 4748	    3	 34.0	 32.5	 23.8	  4.6	 71.7	 83.7	0	    0
	    0
	    0
 4751	    5	 42.6	 27.7	 14.2	  9.4	 15.7	 93.1	0	    0
	    0
	    0
	    0
	    0
	    0
	    0
	    0
 4759	    3	 32.5	 31.4	 22.8	  4.5	  9.6	 94.5	1	    0
	    0
	    0
	    0
	    0
 4764	    5	 41.0	 27.5	 14.1	  9.2	 61.8	 19.0	0	    0
	    0
	    0
	    0
	    0
	    0
	    0
	    0
	    0
	    0
 4774	    5	 43.6	 27.7	 14.2	  9.6	 70.6	 61.8	0	    0
	    0
	    0
	    0
	    0
	    0
	    0
	    0
	    0
	    0
 4784	    5	 33.0	 26.1	 13.3	  8.0	 22.3	 74.9	0	    0
	    0
	    0
	    0
	    0
	    0
	    0
	    0
	    0
	    0
	    0
	    0
	    0
	    0
	    0
	    0
 4800	    3	 33.8	 32.6	 23.9	  4.6	  2.0	 27.7	0	    0
	    0
	    0
	    0
	    0
	    0
	    0
	    0
	    0
 4809	    3	 34.7	 32.5	 23.8	  4.7	 94.3	 86.0	0	    0
	    0
	    0
	    0
	    0
	    0
	    0
	    0
	    0
	    0
	    0
	    0
	    0
	    0
	    0
	    0
	    0
	    0
	    0
	    0
	    0
	    0
 4831	    5	 46.0	 27.9	 14.3	 10.0	  4.5	 42.3	0	    0
	    0
	    0
	    0
	    0
	    0
	    0
	    0
	    0
	    0
	    0
	    0
	    0
	    0
	    0
 4846	    5	 42.9	 27.5	 14.1	  9.5	 49.2	 10.1	0	    0
	    0
	    0
 4849	    3	 32.4	 31.6	 23.0	  4.5	 20.0	 50.7	0	    0
	    0
 4851	    3	 32.1	 32.0	 23.5	  4.4	 80.3	  9.7	1	    0
	    0
	    0
	    0
	    0
	    0
	    0
	    0
	    0
	    0
	    0
	    0
	    0
	    0
	    0
	    0
	    0
	    0
	    0
 4870	    3	 37.3	 33.6	 24.7	  4.9	 26.4	 61.2	0	    0
	    0
	    0
	    0
	    0
	    0
	    0
	    0
	    0
	    0
	    0
	    0
	    0
	    0
	    0
	    0
	    0
	    0
	    0
	    0
	    0
	    0
	    0
	    0
	    0
	    0
	    0
	    0
	    0
	    0
	    0
	    0
	    0
	    0
	    0
	    0
	    0
	    0
	    0
	    0
	    0
	    0
	    0
	    0
	    0
	    0
	    0
	    0
	    0
	    0
	    0
	    0
	    0
	    0
	    0
	    0
	    0
 4927	    5	 44.9	 27.8	 14.3	  9.8	  8.5	 22.2	0	    0
	    0
	    0
 4930	    3	 33.9	 32.8	 24.1	  4.6	 68.9	 98.1	0	    0
	    0
	    0
	    0
	    0
	    0
	    0
	    0
	    0
	    0
	    0
	    0
	    0
	    0
	    0
	    0
	    0
	    0
	    0
	    0
	    0
	    0
	    0
	    0
 4954	    3	 35.8	 32.8	 24.0	  4.8	 38.8	 72.1	0	    0
	    0
	    0
	    0
	    0
	    0
	    0
	    0
	    0
	    0
	    0
	    0
	    0
	    0
	    0
	    0
 4970	    3	 33.5	 32.2	 23.5	  4.6	 94.6	 96.9	0	    0
	    0
	    0
	    0
	    0
	    0
	    0
	    0
	    0
	    0
 4980	    5	 47.2	 28.2	 14.5	 10.1	 48.1	 69.2	0	    0
 4981	    3	 32.9	 31.8	 23.2	  4.6	  7.1	 72.2	0	    0
	    0
	    0
	    0
	    0
	    0
	    0
	    0
	    0
	    0
	    0
	    0
	    0
	    0
	    0
	    0
	    0
	    0
	    0
	    0
