Nr	Art	BHD	h	kra	kd	x	y	kenn	mort
	    0
	    0
	    0
	    0
	    0
	    0
	    0
	    0
	    0
	    0
	    0
	    0
	    0
	    0
	    0
   16	    5	 33.5	 26.0	 13.2	  8.1	 65.2	 90.0	1	    0
	    0
	    0
	    0
	    0
	    0
	    0
	    0
	    0
   25	    5	 37.6	 27.1	 13.8	  8.6	 23.0	 19.4	0	    0
	    0
	    0
	    0
	    0
	    0
   31	    3	 34.6	 32.9	 24.2	  4.7	 92.7	 29.0	0	    0
	    0
	    0
	    0
	    0
	    0
	    0
	    0
	    0
	    0
	    0
	    0
	    0
	    0
	    0
	    0
	    0
	    0
	    0
   50	    5	 35.2	 26.3	 13.4	  8.3	 30.7	 22.8	0	    0
	    0
   52	    5	 43.8	 27.6	 14.2	  9.6	 86.2	 18.3	0	    0
	    0
	    0
	    0
	    0
	    0
	    0
	    0
	    0
	    0
	    0
	    0
	    0
	    0
	    0
	    0
	    0
	    0
	    0
	    0
	    0
	    0
	    0
	    0
	    0
	    0
	    0
	    0
	    0
	    0
	    0
   83	    3	 33.1	 32.3	 23.7	  4.5	 66.1	 12.9	1	    0
	    0
	    0
	    0
	    0
	    0
	    0
	    0
	    0
   92	    5	 48.1	 28.2	 14.5	 10.2	 86.2	 57.7	0	    0
	    0
	    0
	    0
   96	    3	 34.6	 32.9	 24.2	  4.7	 82.2	 27.2	0	    0
	    0
	    0
	    0
	    0
	    0
	    0
	    0
	    0
	    0
	    0
	    0
	    0
  109	    5	 43.8	 27.9	 14.3	  9.6	 57.7	 65.2	0	    0
	    0
	    0
	    0
	    0
	    0
	    0
	    0
	    0
	    0
	    0
	    0
	    0
	    0
	    0
	    0
	    0
	    0
	    0
	    0
	    0
	    0
	    0
  132	    5	 44.0	 27.9	 14.3	  9.6	  2.5	 87.9	0	    0
	    0
	    0
	    0
  136	    5	 47.1	 28.1	 14.4	 10.1	 75.5	 22.7	0	    0
	    0
	    0
	    0
	    0
	    0
	    0
	    0
	    0
	    0
	    0
	    0
	    0
	    0
	    0
	    0
	    0
	    0
	    0
	    0
  156	    3	 33.3	 32.6	 23.9	  4.6	 61.4	 93.0	0	    0
	    0
	    0
	    0
	    0
  161	    3	 33.9	 32.4	 23.7	  4.6	 12.1	 23.5	0	    0
	    0
	    0
	    0
	    0
	    0
	    0
	    0
	    0
	    0
	    0
	    0
	    0
	    0
	    0
	    0
	    0
	    0
	    0
	    0
	    0
	    0
	    0
	    0
  185	    5	 44.6	 27.9	 14.3	  9.7	 19.1	  0.5	1	    0
	    0
	    0
	    0
	    0
	    0
	    0
	    0
  193	    5	 47.7	 28.8	 14.8	 10.1	 77.7	 82.1	0	    0
	    0
	    0
	    0
	    0
	    0
	    0
	    0
	    0
	    0
	    0
	    0
	    0
	    0
  207	    3	 34.1	 32.7	 24.0	  4.6	 54.0	 36.0	0	    0
	    0
  209	    3	 33.8	 32.7	 24.0	  4.6	 27.4	 76.5	0	    0
	    0
	    0
	    0
	    0
	    0
	    0
	    0
	    0
	    0
  219	    3	 32.4	 32.0	 23.4	  4.5	 52.5	  6.5	1	    0
	    0
	    0
	    0
	    0
	    0
	    0
	    0
	    0
	    0
	    0
	    0
	    0
	    0
	    0
	    0
	    0
	    0
	    0
	    0
	    0
	    0
	    0
	    0
	    0
	    0
	    0
	    0
	    0
	    0
	    0
	    0
	    0
	    0
	    0
	    0
	    0
	    0
	    0
	    0
	    0
	    0
	    0
	    0
	    0
	    0
	    0
	    0
	    0
	    0
	    0
	    0
	    0
	    0
	    0
	    0
	    0
	    0
	    0
	    0
	    0
	    0
	    0
	    0
	    0
	    0
	    0
	    0
	    0
	    0
	    0
	    0
	    0
	    0
	    0
	    0
	    0
	    0
	    0
	    0
	    0
	    0
	    0
	    0
	    0
	    0
	    0
  306	    5	 45.5	 27.9	 14.3	  9.9	 67.7	 94.9	0	    0
	    0
	    0
	    0
	    0
	    0
	    0
	    0
	    0
	    0
	    0
	    0
	    0
	    0
	    0
	    0
  322	    5	 42.8	 27.6	 14.1	  9.5	 11.3	 40.3	0	    0
	    0
	    0
	    0
	    0
	    0
	    0
	    0
	    0
	    0
	    0
	    0
	    0
	    0
	    0
	    0
	    0
	    0
	    0
	    0
	    0
	    0
	    0
	    0
  346	    5	 43.7	 27.8	 14.2	  9.6	 61.3	 68.0	0	    0
	    0
	    0
	    0
	    0
	    0
	    0
	    0
	    0
	    0
	    0
	    0
	    0
	    0
	    0
	    0
	    0
	    0
	    0
  365	    5	 46.7	 28.3	 14.5	 10.0	 94.6	  1.2	0	    0
	    0
	    0
	    0
	    0
	    0
	    0
	    0
	    0
	    0
	    0
	    0
	    0
	    0
	    0
	    0
	    0
	    0
	    0
	    0
	    0
	    0
	    0
	    0
	    0
	    0
	    0
	    0
	    0
	    0
	    0
	    0
	    0
	    0
	    0
	    0
	    0
	    0
	    0
	    0
	    0
	    0
	    0
  408	    5	 43.7	 28.0	 14.3	  9.5	 17.5	 49.6	0	    0
	    0
  410	    5	 43.8	 27.6	 14.1	  9.6	 87.5	  5.9	0	    0
	    0
	    0
	    0
	    0
	    0
	    0
	    0
	    0
	    0
	    0
	    0
	    0
  423	    5	 40.3	 27.1	 13.8	  9.1	 63.4	 64.2	0	    0
	    0
	    0
	    0
	    0
	    0
	    0
	    0
	    0
	    0
	    0
	    0
	    0
	    0
	    0
	    0
	    0
	    0
	    0
	    0
	    0
	    0
	    0
	    0
	    0
	    0
	    0
	    0
	    0
	    0
	    0
	    0
	    0
	    0
	    0
	    0
	    0
	    0
	    0
	    0
	    0
	    0
	    0
	    0
	    0
	    0
	    0
	    0
	    0
	    0
	    0
	    0
	    0
	    0
	    0
	    0
	    0
	    0
	    0
	    0
  483	    3	 33.3	 32.1	 23.4	  4.6	 62.5	 85.2	0	    0
	    0
	    0
	    0
	    0
	    0
	    0
	    0
	    0
	    0
	    0
	    0
	    0
	    0
	    0
	    0
	    0
	    0
	    0
	    0
  503	    3	 35.1	 32.9	 24.1	  4.7	 43.9	 21.8	0	    0
	    0
	    0
	    0
	    0
	    0
	    0
	    0
	    0
	    0
  513	    3	 36.0	 32.9	 24.1	  4.9	 58.9	  4.6	0	    0
	    0
	    0
  516	    5	 36.7	 27.0	 13.8	  8.5	 38.1	 33.4	0	    0
	    0
	    0
	    0
	    0
	    0
	    0
	    0
	    0
	    0
	    0
	    0
	    0
	    0
	    0
	    0
	    0
	    0
	    0
	    0
	    0
	    0
	    0
	    0
	    0
	    0
	    0
	    0
	    0
	    0
	    0
	    0
	    0
	    0
	    0
	    0
	    0
	    0
	    0
	    0
  556	    5	 42.9	 28.0	 14.3	  9.4	 69.8	 39.2	0	    0
	    0
	    0
	    0
  560	    5	 47.7	 28.2	 14.5	 10.2	 68.7	  0.0	0	    0
	    0
	    0
	    0
	    0
	    0
	    0
	    0
	    0
	    0
	    0
	    0
	    0
	    0
	    0
	    0
	    0
	    0
  578	    5	 42.9	 27.4	 14.0	  9.5	 86.4	 84.2	0	    0
	    0
	    0
	    0
  582	    5	 44.7	 27.9	 14.3	  9.7	 13.6	 97.1	0	    0
	    0
	    0
	    0
	    0
	    0
	    0
	    0
  590	    3	 35.7	 33.2	 24.4	  4.8	 64.0	 43.6	0	    0
	    0
	    0
	    0
	    0
	    0
	    0
	    0
	    0
	    0
  600	    5	 35.6	 26.7	 13.6	  8.4	 80.7	 74.7	0	    0
	    0
	    0
	    0
	    0
	    0
	    0
	    0
	    0
	    0
	    0
	    0
	    0
	    0
  614	    5	 46.5	 28.3	 14.5	 10.0	 74.4	 27.8	0	    0
	    0
	    0
	    0
	    0
	    0
	    0
	    0
	    0
  623	    5	 47.4	 28.5	 14.6	 10.1	 57.1	 48.6	0	    0
	    0
	    0
	    0
  627	    5	 35.3	 26.7	 13.6	  8.3	 30.2	 13.4	0	    0
	    0
	    0
	    0
	    0
	    0
	    0
	    0
  635	    3	 37.6	 33.3	 24.5	  5.0	 47.2	 31.4	0	    0
  636	    5	 44.8	 28.0	 14.4	  9.7	  7.1	 66.0	0	    0
	    0
	    0
	    0
	    0
	    0
	    0
  643	    5	 41.4	 27.6	 14.1	  9.2	 89.5	 34.2	0	    0
	    0
	    0
	    0
	    0
	    0
	    0
	    0
	    0
	    0
	    0
	    0
	    0
	    0
	    0
	    0
	    0
	    0
	    0
	    0
	    0
	    0
	    0
	    0
	    0
	    0
  669	    3	 30.1	 31.7	 23.3	  4.2	 16.2	 29.5	0	    0
	    0
	    0
	    0
	    0
	    0
	    0
	    0
	    0
	    0
	    0
	    0
	    0
	    0
	    0
	    0
	    0
	    0
	    0
	    0
	    0
	    0
	    0
	    0
	    0
	    0
	    0
	    0
	    0
	    0
  699	    3	 36.4	 33.4	 24.6	  4.9	 75.7	 66.0	0	    0
	    0
	    0
	    0
	    0
	    0
	    0
	    0
	    0
	    0
	    0
	    0
	    0
	    0
  713	    5	 37.7	 27.2	 13.9	  8.7	 93.8	 15.7	0	    0
	    0
	    0
	    0
	    0
  718	    5	 34.7	 26.7	 13.6	  8.2	 78.1	 79.3	0	    0
	    0
	    0
	    0
  722	    3	 37.1	 33.5	 24.6	  4.9	 11.4	 49.5	0	    0
	    0
  724	    5	 37.5	 27.0	 13.8	  8.6	 12.1	 51.4	0	    0
	    0
	    0
	    0
	    0
	    0
	    0
	    0
	    0
	    0
	    0
	    0
	    0
	    0
	    0
  739	    3	 33.6	 32.6	 23.9	  4.6	  6.0	 33.7	1	    0
	    0
	    0
	    0
	    0
	    0
	    0
	    0
	    0
	    0
  749	    5	 42.1	 27.1	 13.8	  9.4	 94.6	  7.6	0	    0
	    0
	    0
	    0
  753	    3	 34.9	 33.0	 24.2	  4.7	 47.1	 60.5	0	    0
	    0
	    0
	    0
	    0
	    0
	    0
  760	    3	 32.7	 31.9	 23.2	  4.5	 50.2	 26.2	0	    0
	    0
	    0
	    0
	    0
	    0
	    0
	    0
	    0
	    0
	    0
  771	    3	 31.7	 31.9	 23.3	  4.4	 25.0	 25.5	0	    0
	    0
	    0
	    0
	    0
	    0
	    0
	    0
	    0
	    0
  781	    3	 33.5	 32.5	 23.8	  4.6	 36.8	 52.9	1	    0
	    0
	    0
	    0
	    0
	    0
	    0
	    0
	    0
	    0
	    0
	    0
	    0
	    0
	    0
	    0
	    0
	    0
	    0
	    0
	    0
	    0
	    0
	    0
	    0
	    0
  807	    5	 42.5	 27.4	 14.0	  9.4	 46.3	 11.0	0	    0
	    0
	    0
	    0
  811	    5	 42.7	 27.9	 14.3	  9.4	 23.5	 80.3	0	    0
	    0
	    0
	    0
	    0
	    0
	    0
	    0
	    0
	    0
	    0
	    0
	    0
	    0
	    0
	    0
	    0
	    0
	    0
	    0
	    0
  832	    5	 31.2	 25.8	 13.1	  7.7	 58.3	 58.9	0	    0
	    0
	    0
	    0
	    0
	    0
	    0
	    0
  840	    5	 44.3	 27.9	 14.3	  9.7	 48.7	 23.5	0	    0
	    0
	    0
	    0
	    0
	    0
	    0
	    0
	    0
	    0
	    0
	    0
	    0
	    0
	    0
	    0
	    0
	    0
	    0
  859	    5	 42.4	 27.7	 14.1	  9.4	  8.5	 23.4	0	    0
	    0
	    0
	    0
  863	    5	 37.1	 27.1	 13.8	  8.6	  1.2	 26.6	0	    0
	    0
	    0
	    0
	    0
	    0
	    0
	    0
	    0
	    0
	    0
	    0
	    0
	    0
	    0
	    0
  879	    3	 31.9	 32.1	 23.5	  4.4	 39.7	 14.7	1	    0
	    0
	    0
	    0
	    0
	    0
	    0
	    0
	    0
	    0
	    0
	    0
	    0
  892	    5	 40.8	 27.5	 14.1	  9.1	 59.9	 73.3	0	    0
	    0
	    0
  895	    5	 38.7	 26.8	 13.7	  8.9	 11.3	 80.1	0	    0
	    0
  897	    3	 33.5	 32.2	 23.6	  4.6	  6.5	 94.0	0	    0
	    0
	    0
	    0
  901	    3	 35.9	 32.7	 23.9	  4.8	 66.4	 23.0	0	    0
	    0
	    0
	    0
	    0
	    0
	    0
	    0
	    0
	    0
	    0
	    0
	    0
	    0
	    0
	    0
	    0
	    0
	    0
	    0
  921	    5	 38.7	 27.1	 13.8	  8.8	 34.4	 14.9	1	    0
	    0
	    0
	    0
	    0
	    0
	    0
	    0
	    0
	    0
	    0
	    0
	    0
  934	    5	 43.1	 27.6	 14.1	  9.5	 88.4	 66.9	0	    0
	    0
  936	    5	 41.7	 27.6	 14.1	  9.3	 98.0	 26.6	0	    0
	    0
	    0
	    0
	    0
	    0
	    0
	    0
	    0
	    0
	    0
	    0
	    0
	    0
	    0
	    0
	    0
	    0
	    0
	    0
	    0
	    0
	    0
	    0
	    0
	    0
	    0
	    0
	    0
	    0
	    0
	    0
	    0
	    0
	    0
	    0
	    0
  973	    3	 31.8	 31.0	 22.4	  4.5	 36.8	 97.4	0	    0
	    0
	    0
  976	    5	 40.8	 27.1	 13.9	  9.2	 31.1	 34.1	0	    0
	    0
	    0
	    0
	    0
  981	    5	 42.9	 27.7	 14.2	  9.5	 38.2	 87.1	0	    0
	    0
  983	    3	 35.5	 33.2	 24.4	  4.8	 93.4	 95.8	1	    0
  984	    3	 34.1	 32.6	 23.9	  4.7	 30.3	 24.4	0	    0
	    0
  986	    5	 37.5	 27.2	 13.9	  8.6	 69.5	 69.2	0	    0
	    0
	    0
	    0
  990	    3	 34.1	 31.9	 23.2	  4.7	 13.0	 72.5	0	    0
	    0
	    0
	    0
	    0
	    0
	    0
	    0
	    0
	    0
	    0
	    0
	    0
	    0
	    0
	    0
 1006	    5	 40.4	 27.1	 13.8	  9.1	 41.5	 48.2	0	    0
	    0
	    0
	    0
	    0
	    0
 1012	    5	 44.4	 27.9	 14.3	  9.7	 51.1	 66.8	0	    0
	    0
	    0
	    0
	    0
	    0
	    0
	    0
	    0
	    0
	    0
	    0
	    0
 1025	    5	 42.3	 27.8	 14.2	  9.4	 40.0	 80.8	0	    0
	    0
	    0
	    0
	    0
	    0
	    0
	    0
	    0
	    0
	    0
	    0
	    0
	    0
	    0
	    0
	    0
	    0
	    0
 1044	    3	 33.7	 32.6	 23.9	  4.6	 92.0	 78.4	0	    0
	    0
	    0
	    0
	    0
	    0
	    0
	    0
	    0
	    0
	    0
	    0
	    0
	    0
 1058	    5	 42.7	 27.8	 14.2	  9.4	 64.4	 83.1	0	    0
	    0
	    0
	    0
	    0
	    0
	    0
	    0
	    0
	    0
	    0
	    0
	    0
	    0
	    0
	    0
	    0
	    0
	    0
	    0
	    0
	    0
	    0
	    0
 1082	    5	 37.4	 27.0	 13.8	  8.6	  4.2	 61.7	0	    0
 1083	    5	 44.5	 28.0	 14.3	  9.7	 34.6	 23.5	0	    0
	    0
	    0
	    0
	    0
	    0
	    0
	    0
	    0
	    0
	    0
	    0
	    0
	    0
	    0
	    0
	    0
	    0
	    0
	    0
	    0
	    0
	    0
	    0
	    0
	    0
	    0
	    0
	    0
	    0
 1113	    5	 42.3	 27.8	 14.2	  9.3	 28.4	 20.0	0	    0
	    0
	    0
	    0
	    0
	    0
	    0
	    0
	    0
	    0
	    0
 1124	    3	 32.8	 32.1	 23.5	  4.5	 93.4	  3.5	0	    0
	    0
	    0
	    0
	    0
	    0
	    0
	    0
	    0
	    0
	    0
	    0
 1136	    5	 42.4	 27.5	 14.1	  9.4	 27.9	 84.3	0	    0
	    0
	    0
	    0
	    0
	    0
	    0
	    0
	    0
	    0
 1146	    5	 45.7	 28.2	 14.5	  9.9	  5.9	 70.6	0	    0
	    0
	    0
	    0
	    0
	    0
	    0
	    0
	    0
	    0
	    0
	    0
	    0
 1159	    3	 34.3	 32.8	 24.1	  4.7	 58.2	 10.6	0	    0
	    0
	    0
	    0
	    0
	    0
	    0
	    0
	    0
	    0
	    0
	    0
	    0
	    0
	    0
	    0
	    0
	    0
	    0
	    0
	    0
	    0
	    0
	    0
	    0
	    0
	    0
	    0
	    0
	    0
	    0
	    0
	    0
	    0
	    0
	    0
 1195	    3	 33.4	 31.9	 23.3	  4.6	 13.3	 13.9	0	    0
	    0
	    0
	    0
	    0
	    0
	    0
	    0
	    0
	    0
	    0
	    0
	    0
	    0
	    0
 1210	    3	 34.6	 32.8	 24.1	  4.7	 65.5	 65.1	0	    0
 1211	    5	 42.7	 27.7	 14.2	  9.4	 90.0	 89.8	1	    0
 1212	    3	 34.8	 32.7	 23.9	  4.7	 81.6	 37.5	0	    0
	    0
	    0
	    0
	    0
 1217	    3	 35.7	 32.8	 24.1	  4.8	 30.4	 88.5	0	    0
	    0
	    0
	    0
	    0
	    0
	    0
	    0
	    0
	    0
	    0
	    0
	    0
	    0
	    0
	    0
	    0
 1234	    5	 42.4	 27.5	 14.1	  9.4	 63.9	  8.8	0	    0
	    0
	    0
	    0
	    0
	    0
	    0
	    0
	    0
	    0
	    0
	    0
	    0
	    0
	    0
	    0
	    0
	    0
	    0
	    0
	    0
	    0
	    0
	    0
	    0
	    0
	    0
	    0
	    0
	    0
	    0
 1265	    3	 35.1	 33.0	 24.2	  4.7	 51.6	 19.0	0	    0
	    0
	    0
	    0
	    0
	    0
	    0
	    0
	    0
	    0
	    0
	    0
	    0
	    0
	    0
	    0
	    0
	    0
 1283	    3	 33.3	 32.6	 23.9	  4.6	 76.7	 11.9	0	    0
	    0
	    0
	    0
 1287	    5	 38.8	 27.2	 13.9	  8.8	 39.1	 31.6	0	    0
	    0
	    0
	    0
	    0
	    0
	    0
	    0
 1295	    3	 36.0	 33.3	 24.5	  4.8	 75.3	 75.8	0	    0
	    0
	    0
 1298	    5	 36.2	 26.8	 13.7	  8.4	  7.3	 60.6	0	    0
	    0
	    0
	    0
	    0
	    0
 1304	    5	 43.8	 27.6	 14.1	  9.6	 31.7	 98.3	0	    0
	    0
	    0
	    0
	    0
	    0
	    0
	    0
	    0
	    0
	    0
	    0
	    0
	    0
	    0
	    0
	    0
	    0
	    0
	    0
	    0
 1325	    3	 36.4	 33.3	 24.5	  4.9	 35.4	 73.3	0	    0
 1326	    3	 35.1	 33.0	 24.2	  4.7	  5.3	 80.3	0	    0
	    0
	    0
	    0
	    0
	    0
	    0
	    0
	    0
	    0
	    0
	    0
	    0
	    0
	    0
	    0
	    0
	    0
	    0
	    0
	    0
	    0
	    0
	    0
	    0
	    0
	    0
	    0
	    0
	    0
	    0
	    0
	    0
	    0
 1360	    5	 38.4	 27.3	 13.9	  8.8	 15.6	 50.8	0	    0
	    0
	    0
	    0
	    0
	    0
	    0
	    0
	    0
	    0
	    0
	    0
	    0
	    0
	    0
 1375	    5	 41.9	 27.6	 14.1	  9.3	 47.2	 51.6	0	    0
	    0
	    0
 1378	    5	 42.5	 27.6	 14.1	  9.4	 59.4	  0.8	0	    0
	    0
	    0
	    0
	    0
	    0
	    0
	    0
	    0
	    0
	    0
	    0
	    0
	    0
	    0
	    0
 1394	    3	 32.3	 32.2	 23.7	  4.5	  3.7	 56.3	0	    0
	    0
	    0
	    0
 1398	    5	 45.0	 28.2	 14.5	  9.7	 25.8	 10.0	0	    0
	    0
	    0
	    0
	    0
	    0
	    0
	    0
	    0
	    0
	    0
	    0
	    0
	    0
 1412	    5	 45.0	 28.1	 14.4	  9.8	 81.5	 78.2	0	    0
	    0
	    0
	    0
	    0
	    0
	    0
	    0
	    0
	    0
	    0
	    0
	    0
	    0
	    0
	    0
	    0
	    0
	    0
	    0
 1432	    5	 41.6	 27.3	 13.9	  9.3	 80.8	 14.1	0	    0
	    0
	    0
	    0
	    0
	    0
	    0
	    0
	    0
	    0
	    0
	    0
	    0
	    0
	    0
	    0
	    0
	    0
	    0
	    0
	    0
	    0
	    0
 1455	    5	 44.9	 27.9	 14.3	  9.8	 34.4	 50.6	0	    0
	    0
	    0
	    0
	    0
	    0
	    0
	    0
	    0
	    0
	    0
	    0
 1467	    3	 34.7	 32.7	 24.0	  4.7	 38.5	 84.8	0	    0
	    0
	    0
	    0
	    0
	    0
	    0
	    0
 1475	    3	 36.0	 33.2	 24.4	  4.8	 80.3	  7.7	0	    0
	    0
	    0
 1478	    3	 35.7	 33.0	 24.2	  4.8	 63.7	 69.7	0	    0
	    0
	    0
	    0
	    0
	    0
	    0
 1485	    5	 46.7	 28.1	 14.4	 10.0	 94.8	 38.0	0	    0
	    0
	    0
	    0
	    0
	    0
 1491	    5	 42.9	 27.8	 14.3	  9.5	 12.4	 69.0	0	    0
	    0
	    0
	    0
	    0
	    0
 1497	    5	 38.1	 27.2	 13.9	  8.7	 13.6	 53.3	0	    0
	    0
	    0
	    0
	    0
	    0
	    0
	    0
	    0
	    0
	    0
	    0
	    0
	    0
	    0
	    0
	    0
	    0
	    0
	    0
	    0
	    0
	    0
	    0
	    0
	    0
	    0
	    0
	    0
	    0
	    0
	    0
	    0
	    0
	    0
	    0
	    0
	    0
 1535	    3	 35.6	 32.8	 24.0	  4.8	100.0	 27.0	0	    0
	    0
	    0
	    0
	    0
	    0
	    0
 1542	    5	 42.6	 27.3	 13.9	  9.5	 90.8	 48.3	0	    0
	    0
	    0
	    0
 1546	    3	 32.6	 32.3	 23.7	  4.5	 45.9	 67.1	0	    0
	    0
	    0
 1549	    5	 36.8	 26.8	 13.7	  8.5	 92.9	 35.0	1	    0
	    0
	    0
	    0
 1553	    5	 47.1	 28.3	 14.5	 10.1	 31.3	 59.6	1	    0
	    0
	    0
	    0
	    0
	    0
	    0
	    0
	    0
	    0
	    0
	    0
	    0
	    0
	    0
	    0
	    0
	    0
	    0
	    0
	    0
	    0
	    0
 1576	    5	 44.3	 27.8	 14.3	  9.7	 96.1	 70.1	0	    0
	    0
	    0
	    0
	    0
	    0
	    0
	    0
	    0
	    0
	    0
	    0
	    0
	    0
 1590	    3	 33.0	 32.3	 23.7	  4.5	 22.2	  1.5	0	    0
	    0
	    0
	    0
	    0
	    0
	    0
	    0
	    0
	    0
	    0
	    0
	    0
	    0
	    0
	    0
	    0
	    0
	    0
	    0
	    0
	    0
	    0
	    0
	    0
	    0
	    0
	    0
	    0
	    0
	    0
	    0
	    0
	    0
	    0
	    0
	    0
	    0
	    0
	    0
	    0
 1631	    5	 40.0	 27.3	 13.9	  9.0	 21.9	 70.1	0	    0
 1632	    3	 33.1	 32.5	 23.8	  4.5	 42.2	 86.4	1	    0
	    0
	    0
	    0
	    0
	    0
	    0
	    0
	    0
	    0
	    0
	    0
	    0
	    0
	    0
	    0
	    0
	    0
	    0
	    0
	    0
	    0
	    0
	    0
	    0
	    0
	    0
	    0
	    0
	    0
	    0
	    0
	    0
	    0
	    0
	    0
 1668	    5	 46.0	 28.1	 14.4	  9.9	 33.2	 37.4	0	    0
	    0
	    0
	    0
	    0
	    0
	    0
	    0
	    0
	    0
	    0
	    0
	    0
	    0
	    0
	    0
	    0
	    0
	    0
	    0
	    0
	    0
	    0
	    0
	    0
	    0
	    0
	    0
	    0
	    0
 1698	    5	 32.7	 26.0	 13.2	  7.9	  9.5	 20.7	1	    0
	    0
	    0
	    0
	    0
	    0
	    0
	    0
	    0
	    0
	    0
	    0
	    0
	    0
	    0
	    0
	    0
	    0
	    0
	    0
	    0
	    0
	    0
	    0
	    0
	    0
	    0
	    0
	    0
	    0
	    0
	    0
	    0
	    0
	    0
	    0
 1734	    3	 34.3	 32.5	 23.8	  4.7	 47.5	 96.2	0	    0
	    0
	    0
	    0
	    0
	    0
	    0
	    0
	    0
	    0
 1744	    5	 38.4	 27.2	 13.9	  8.8	 38.5	 38.0	0	    0
	    0
	    0
	    0
	    0
	    0
	    0
 1751	    3	 32.0	 32.3	 23.7	  4.4	 83.6	 92.1	0	    0
	    0
	    0
	    0
	    0
	    0
	    0
	    0
	    0
	    0
	    0
	    0
	    0
	    0
	    0
	    0
	    0
	    0
	    0
	    0
	    0
	    0
	    0
	    0
	    0
	    0
	    0
	    0
	    0
	    0
	    0
	    0
	    0
	    0
	    0
	    0
	    0
	    0
 1789	    5	 44.1	 27.6	 14.2	  9.7	 70.9	 75.7	0	    0
	    0
	    0
	    0
	    0
	    0
	    0
	    0
	    0
	    0
	    0
	    0
	    0
	    0
	    0
	    0
	    0
 1806	    3	 35.2	 33.0	 24.2	  4.8	 67.7	  9.0	0	    0
	    0
	    0
	    0
 1810	    5	 45.0	 27.8	 14.3	  9.8	 21.7	 89.6	0	    0
	    0
	    0
	    0
	    0
	    0
	    0
	    0
	    0
	    0
	    0
	    0
	    0
	    0
	    0
	    0
	    0
	    0
	    0
	    0
	    0
	    0
	    0
	    0
	    0
	    0
	    0
	    0
	    0
	    0
	    0
	    0
	    0
	    0
	    0
	    0
	    0
	    0
	    0
	    0
	    0
	    0
	    0
 1853	    5	 47.0	 28.5	 14.7	 10.0	 70.6	 15.2	0	    0
	    0
	    0
	    0
	    0
	    0
	    0
	    0
	    0
	    0
	    0
	    0
	    0
	    0
	    0
	    0
	    0
	    0
	    0
	    0
	    0
	    0
	    0
	    0
	    0
	    0
	    0
	    0
	    0
	    0
	    0
	    0
	    0
	    0
	    0
	    0
	    0
	    0
	    0
	    0
	    0
	    0
	    0
	    0
	    0
	    0
	    0
	    0
	    0
	    0
	    0
	    0
	    0
	    0
	    0
	    0
	    0
	    0
	    0
	    0
	    0
	    0
	    0
	    0
	    0
	    0
	    0
	    0
	    0
	    0
	    0
	    0
	    0
	    0
	    0
	    0
	    0
	    0
	    0
 1932	    5	 47.7	 28.0	 14.4	 10.2	 83.8	  7.6	0	    0
	    0
	    0
	    0
	    0
	    0
	    0
	    0
	    0
 1941	    3	 34.0	 32.6	 23.9	  4.6	 46.0	 25.3	0	    0
	    0
	    0
	    0
	    0
	    0
	    0
	    0
 1949	    3	 35.9	 33.0	 24.3	  4.8	  8.8	 73.7	0	    0
	    0
	    0
	    0
	    0
	    0
	    0
	    0
	    0
	    0
	    0
	    0
	    0
	    0
	    0
	    0
	    0
	    0
	    0
	    0
	    0
	    0
	    0
	    0
	    0
	    0
	    0
	    0
	    0
	    0
	    0
	    0
	    0
	    0
	    0
	    0
	    0
	    0
	    0
 1988	    5	 41.6	 27.4	 14.0	  9.3	 12.6	 66.2	0	    0
	    0
	    0
	    0
	    0
	    0
	    0
	    0
	    0
	    0
 1998	    5	 37.7	 26.9	 13.7	  8.7	 86.8	 89.3	0	    0
	    0
	    0
	    0
	    0
	    0
	    0
	    0
	    0
	    0
	    0
	    0
	    0
	    0
	    0
	    0
 2014	    3	 37.4	 33.5	 24.6	  5.0	 16.6	 88.2	0	    0
	    0
	    0
	    0
	    0
	    0
	    0
	    0
	    0
	    0
	    0
	    0
	    0
	    0
 2028	    3	 33.5	 32.6	 23.9	  4.6	 95.3	 50.7	0	    0
	    0
	    0
	    0
	    0
	    0
	    0
	    0
	    0
	    0
	    0
	    0
	    0
	    0
	    0
	    0
	    0
	    0
	    0
	    0
	    0
	    0
	    0
	    0
	    0
	    0
	    0
	    0
	    0
	    0
	    0
	    0
 2060	    5	 48.3	 28.8	 14.8	 10.2	 40.3	 28.1	1	    0
	    0
	    0
	    0
	    0
	    0
	    0
	    0
	    0
	    0
	    0
	    0
	    0
	    0
 2074	    3	 33.8	 32.6	 23.9	  4.6	 20.1	 96.6	0	    0
	    0
	    0
	    0
	    0
	    0
	    0
	    0
	    0
	    0
	    0
	    0
	    0
	    0
	    0
	    0
	    0
	    0
	    0
	    0
	    0
	    0
	    0
	    0
	    0
	    0
	    0
	    0
	    0
	    0
	    0
	    0
	    0
	    0
	    0
	    0
	    0
	    0
	    0
	    0
	    0
	    0
	    0
	    0
	    0
 2119	    3	 36.8	 33.4	 24.6	  4.9	  8.2	 91.9	0	    0
	    0
	    0
	    0
	    0
	    0
 2125	    3	 33.8	 32.8	 24.1	  4.6	 71.9	 47.7	1	    0
	    0
	    0
	    0
	    0
	    0
	    0
 2132	    3	 33.5	 32.5	 23.9	  4.6	 52.0	 48.4	0	    0
	    0
	    0
	    0
	    0
	    0
	    0
	    0
	    0
	    0
	    0
 2143	    3	 35.2	 32.9	 24.1	  4.8	 15.7	 48.0	0	    0
	    0
	    0
	    0
	    0
	    0
 2149	    5	 38.0	 26.2	 13.3	  8.8	 63.0	  0.4	0	    0
	    0
	    0
	    0
	    0
	    0
	    0
	    0
 2157	    5	 42.5	 27.5	 14.0	  9.4	 85.0	 40.1	0	    0
	    0
	    0
	    0
 2161	    5	 43.1	 27.8	 14.3	  9.5	  5.6	 97.4	0	    0
	    0
	    0
	    0
	    0
	    0
	    0
	    0
	    0
	    0
	    0
	    0
	    0
	    0
	    0
	    0
	    0
	    0
 2179	    5	 41.3	 27.6	 14.1	  9.2	 64.3	 87.4	0	    0
	    0
	    0
	    0
	    0
	    0
	    0
	    0
	    0
	    0
	    0
	    0
	    0
	    0
	    0
	    0
	    0
	    0
	    0
	    0
	    0
	    0
	    0
 2202	    5	 44.5	 27.6	 14.1	  9.7	 97.1	 24.2	0	    0
	    0
	    0
	    0
	    0
 2207	    3	 34.1	 32.7	 24.0	  4.6	 80.5	 92.6	0	    0
	    0
	    0
	    0
	    0
	    0
	    0
	    0
	    0
	    0
	    0
	    0
	    0
	    0
	    0
	    0
 2223	    3	 32.6	 31.8	 23.2	  4.5	  6.3	 63.1	0	    0
	    0
	    0
	    0
	    0
	    0
	    0
	    0
	    0
	    0
	    0
	    0
 2235	    5	 41.4	 27.8	 14.2	  9.2	 12.2	  7.3	0	    0
	    0
	    0
	    0
	    0
	    0
	    0
	    0
	    0
	    0
	    0
	    0
	    0
	    0
	    0
	    0
	    0
	    0
	    0
	    0
 2255	    3	 33.9	 32.7	 24.0	  4.6	 87.3	 49.3	0	    0
	    0
	    0
	    0
	    0
	    0
	    0
	    0
	    0
	    0
	    0
	    0
	    0
	    0
	    0
	    0
	    0
	    0
	    0
	    0
	    0
	    0
	    0
 2278	    5	 39.3	 27.4	 14.0	  8.9	 41.6	 97.9	0	    0
	    0
	    0
	    0
	    0
	    0
	    0
	    0
 2286	    3	 37.7	 33.7	 24.8	  5.0	 31.8	 27.9	1	    0
	    0
	    0
	    0
	    0
 2291	    5	 44.1	 27.8	 14.3	  9.6	 99.8	 46.0	0	    0
	    0
	    0
	    0
	    0
	    0
	    0
	    0
	    0
	    0
	    0
	    0
	    0
	    0
	    0
	    0
	    0
	    0
 2309	    3	 33.5	 32.5	 23.8	  4.6	 29.7	 17.1	0	    0
	    0
	    0
	    0
	    0
	    0
	    0
 2316	    3	 34.1	 32.8	 24.1	  4.6	 26.2	 58.2	0	    0
 2317	    3	 34.9	 33.0	 24.2	  4.7	 26.0	 93.4	0	    0
	    0
	    0
	    0
 2321	    3	 33.3	 31.5	 22.8	  4.6	 67.4	 32.5	0	    0
	    0
 2323	    5	 46.6	 28.2	 14.5	 10.0	 12.8	 17.8	0	    0
	    0
	    0
	    0
	    0
	    0
	    0
	    0
	    0
 2332	    5	 43.5	 27.6	 14.1	  9.6	 50.0	 37.9	0	    0
	    0
	    0
	    0
	    0
	    0
	    0
	    0
	    0
	    0
	    0
	    0
	    0
 2345	    5	 37.0	 27.0	 13.8	  8.6	 20.2	 15.2	1	    0
	    0
 2347	    3	 35.3	 33.1	 24.4	  4.8	 25.5	 87.5	0	    0
	    0
	    0
	    0
	    0
	    0
	    0
	    0
	    0
	    0
	    0
	    0
	    0
	    0
	    0
	    0
	    0
	    0
	    0
	    0
	    0
	    0
	    0
	    0
	    0
	    0
	    0
	    0
	    0
	    0
	    0
	    0
	    0
	    0
	    0
	    0
	    0
	    0
	    0
	    0
	    0
	    0
	    0
	    0
	    0
	    0
	    0
	    0
	    0
	    0
	    0
	    0
	    0
	    0
	    0
	    0
	    0
 2404	    5	 45.2	 27.6	 14.2	  9.9	 94.5	 85.9	1	    0
	    0
	    0
 2407	    5	 46.6	 28.1	 14.4	 10.0	 38.3	 64.6	0	    0
	    0
	    0
	    0
	    0
	    0
	    0
	    0
	    0
	    0
	    0
	    0
	    0
	    0
	    0
	    0
	    0
	    0
	    0
	    0
 2427	    3	 36.3	 33.3	 24.5	  4.9	 87.8	 74.6	0	    0
	    0
	    0
	    0
	    0
	    0
	    0
	    0
 2435	    5	 42.2	 27.4	 14.0	  9.4	 89.9	 30.5	0	    0
	    0
	    0
	    0
	    0
	    0
	    0
	    0
	    0
	    0
	    0
	    0
	    0
	    0
	    0
	    0
	    0
	    0
	    0
	    0
	    0
	    0
	    0
	    0
	    0
	    0
	    0
	    0
	    0
	    0
	    0
	    0
	    0
	    0
	    0
	    0
	    0
	    0
	    0
	    0
	    0
	    0
	    0
 2478	    5	 45.5	 28.1	 14.4	  9.8	 56.0	 70.4	1	    0
	    0
	    0
	    0
	    0
 2483	    5	 40.1	 27.5	 14.0	  9.0	 90.7	 19.8	0	    0
	    0
	    0
	    0
	    0
	    0
	    0
	    0
	    0
	    0
	    0
	    0
	    0
	    0
	    0
	    0
	    0
	    0
	    0
	    0
	    0
	    0
 2505	    5	 41.2	 27.2	 13.9	  9.2	 58.9	  5.6	0	    0
	    0
	    0
	    0
	    0
	    0
	    0
	    0
	    0
	    0
	    0
	    0
	    0
	    0
	    0
	    0
	    0
	    0
	    0
	    0
	    0
 2526	    5	 37.0	 26.7	 13.6	  8.6	 56.4	 61.3	0	    0
	    0
	    0
	    0
	    0
	    0
	    0
	    0
	    0
	    0
	    0
	    0
	    0
	    0
	    0
	    0
	    0
 2543	    5	 41.3	 27.2	 13.9	  9.3	 43.0	 58.1	0	    0
	    0
	    0
	    0
	    0
	    0
	    0
	    0
	    0
	    0
	    0
	    0
	    0
	    0
	    0
 2558	    5	 36.3	 27.0	 13.7	  8.4	 66.5	 82.2	0	    0
	    0
	    0
	    0
	    0
	    0
	    0
	    0
	    0
	    0
	    0
	    0
 2570	    5	 44.7	 28.4	 14.6	  9.7	 12.5	 73.3	0	    0
	    0
	    0
	    0
	    0
	    0
	    0
	    0
	    0
	    0
	    0
	    0
	    0
	    0
	    0
	    0
	    0
	    0
	    0
	    0
	    0
	    0
 2592	    5	 45.7	 28.2	 14.5	  9.8	 58.1	 45.0	0	    0
	    0
	    0
	    0
	    0
	    0
	    0
 2599	    5	 45.3	 28.0	 14.3	  9.8	 28.9	 44.5	0	    0
	    0
	    0
	    0
	    0
	    0
 2605	    5	 43.2	 27.6	 14.1	  9.5	 73.0	 69.4	0	    0
	    0
	    0
	    0
	    0
	    0
	    0
	    0
	    0
	    0
	    0
	    0
	    0
	    0
	    0
	    0
	    0
	    0
	    0
	    0
	    0
	    0
	    0
	    0
	    0
	    0
	    0
	    0
	    0
	    0
	    0
	    0
	    0
	    0
	    0
	    0
	    0
	    0
	    0
	    0
	    0
	    0
	    0
	    0
	    0
	    0
	    0
	    0
	    0
	    0
	    0
	    0
	    0
	    0
	    0
	    0
	    0
	    0
	    0
	    0
	    0
	    0
 2667	    3	 36.3	 33.0	 24.2	  4.9	 36.3	 95.7	0	    0
	    0
	    0
	    0
	    0
	    0
 2673	    3	 34.9	 32.9	 24.1	  4.7	 87.2	 65.3	0	    0
	    0
	    0
	    0
	    0
	    0
	    0
	    0
	    0
	    0
	    0
	    0
 2685	    3	 33.4	 32.2	 23.5	  4.6	 36.2	 87.8	0	    0
	    0
	    0
	    0
	    0
 2690	    5	 45.2	 27.8	 14.3	  9.8	  8.6	 36.9	0	    0
	    0
	    0
	    0
	    0
	    0
	    0
	    0
	    0
	    0
	    0
	    0
	    0
	    0
 2704	    5	 36.7	 27.0	 13.8	  8.5	 58.4	 74.4	0	    0
	    0
	    0
	    0
 2708	    5	 46.1	 28.3	 14.6	  9.9	 88.5	 38.4	0	    0
	    0
	    0
	    0
	    0
	    0
	    0
	    0
	    0
	    0
	    0
	    0
	    0
	    0
	    0
	    0
	    0
	    0
	    0
	    0
	    0
	    0
	    0
	    0
	    0
	    0
 2734	    5	 41.5	 27.7	 14.2	  9.2	 15.7	 94.0	0	    0
	    0
	    0
	    0
	    0
	    0
	    0
	    0
	    0
	    0
	    0
	    0
	    0
	    0
	    0
	    0
	    0
	    0
	    0
	    0
	    0
	    0
	    0
	    0
	    0
	    0
	    0
	    0
	    0
	    0
	    0
	    0
	    0
	    0
	    0
 2769	    5	 47.9	 28.3	 14.5	 10.2	 65.9	 48.5	0	    0
	    0
 2771	    3	 34.9	 32.2	 23.5	  4.8	 96.7	  0.6	0	    0
	    0
	    0
	    0
	    0
	    0
	    0
	    0
 2779	    5	 46.7	 27.9	 14.3	 10.1	 50.5	  6.1	0	    0
	    0
	    0
	    0
	    0
	    0
	    0
	    0
	    0
	    0
	    0
	    0
	    0
	    0
	    0
	    0
	    0
	    0
	    0
	    0
	    0
	    0
	    0
	    0
	    0
	    0
	    0
 2806	    5	 46.2	 28.3	 14.5	  9.9	 15.0	 81.8	0	    0
	    0
	    0
	    0
	    0
	    0
	    0
	    0
	    0
	    0
	    0
 2817	    5	 34.8	 26.2	 13.3	  8.3	 92.9	 67.6	0	    0
	    0
	    0
 2820	    5	 45.4	 27.9	 14.3	  9.9	 75.5	 96.5	0	    0
	    0
 2822	    3	 32.9	 32.4	 23.8	  4.5	 45.9	 62.3	0	    0
 2823	    5	 42.6	 27.4	 14.0	  9.5	 63.3	 96.0	0	    0
	    0
	    0
	    0
	    0
	    0
	    0
	    0
	    0
	    0
	    0
	    0
	    0
	    0
	    0
	    0
	    0
	    0
	    0
	    0
	    0
	    0
	    0
	    0
	    0
	    0
	    0
	    0
	    0
	    0
 2853	    5	 36.1	 26.9	 13.7	  8.4	 57.4	 77.1	0	    0
	    0
	    0
	    0
	    0
	    0
	    0
	    0
	    0
	    0
	    0
	    0
	    0
 2866	    5	 46.2	 27.9	 14.3	 10.0	 78.6	 34.0	0	    0
 2867	    3	 33.5	 32.3	 23.6	  4.6	 27.6	 21.3	0	    0
	    0
	    0
	    0
	    0
	    0
	    0
	    0
	    0
	    0
	    0
	    0
	    0
	    0
	    0
	    0
	    0
	    0
	    0
	    0
	    0
	    0
 2889	    5	 44.5	 28.0	 14.3	  9.7	 36.1	 27.4	0	    0
	    0
	    0
	    0
	    0
	    0
	    0
	    0
	    0
	    0
	    0
	    0
 2901	    3	 34.2	 32.7	 24.0	  4.7	 54.1	 12.6	0	    0
	    0
	    0
	    0
	    0
	    0
	    0
	    0
	    0
	    0
	    0
 2912	    3	 33.6	 32.8	 24.1	  4.6	 59.8	 52.9	0	    0
	    0
	    0
 2915	    5	 33.4	 26.2	 13.3	  8.0	 10.3	 58.7	0	    0
	    0
	    0
	    0
	    0
 2920	    5	 45.0	 27.7	 14.2	  9.8	 32.7	 43.7	0	    0
	    0
 2922	    3	 34.3	 32.7	 24.0	  4.7	  9.5	 63.7	0	    0
	    0
	    0
	    0
	    0
	    0
	    0
	    0
	    0
 2931	    5	 34.8	 26.3	 13.4	  8.3	  7.3	 12.6	0	    0
	    0
	    0
	    0
	    0
	    0
	    0
	    0
	    0
 2940	    5	 50.1	 28.6	 14.7	 10.5	 20.3	 76.3	0	    0
	    0
	    0
	    0
	    0
	    0
	    0
	    0
	    0
	    0
	    0
 2951	    3	 32.1	 31.9	 23.3	  4.5	 49.4	 61.0	0	    0
	    0
	    0
	    0
	    0
	    0
	    0
	    0
	    0
	    0
 2961	    5	 46.1	 28.0	 14.4	 10.0	 99.1	 64.7	0	    0
 2962	    3	 32.6	 32.2	 23.6	  4.5	 62.2	 90.7	0	    0
	    0
	    0
	    0
	    0
	    0
 2968	    5	 36.2	 26.6	 13.5	  8.5	  2.8	 16.0	0	    0
	    0
	    0
	    0
	    0
	    0
 2974	    5	 42.1	 27.5	 14.0	  9.4	 14.3	 88.8	0	    0
	    0
	    0
	    0
	    0
 2979	    3	 32.6	 31.9	 23.3	  4.5	 25.0	 47.8	0	    0
	    0
	    0
	    0
	    0
	    0
	    0
	    0
	    0
	    0
	    0
	    0
	    0
	    0
	    0
	    0
	    0
	    0
	    0
	    0
	    0
	    0
	    0
	    0
	    0
	    0
	    0
	    0
	    0
	    0
	    0
	    0
	    0
	    0
	    0
	    0
	    0
	    0
	    0
	    0
	    0
 3020	    3	 32.7	 32.1	 23.5	  4.5	 60.0	 75.4	0	    0
	    0
	    0
	    0
	    0
	    0
	    0
	    0
	    0
	    0
	    0
 3031	    5	 45.7	 27.9	 14.3	  9.9	  2.8	 33.0	0	    0
	    0
	    0
	    0
	    0
	    0
	    0
	    0
	    0
	    0
	    0
	    0
	    0
	    0
	    0
	    0
	    0
	    0
	    0
	    0
	    0
	    0
	    0
	    0
	    0
	    0
	    0
	    0
	    0
	    0
	    0
	    0
	    0
	    0
	    0
	    0
	    0
	    0
 3069	    5	 42.7	 27.8	 14.2	  9.4	 97.5	 43.0	0	    0
	    0
	    0
	    0
	    0
	    0
	    0
	    0
	    0
	    0
	    0
	    0
	    0
	    0
	    0
	    0
	    0
	    0
	    0
	    0
	    0
	    0
	    0
 3092	    5	 34.9	 27.0	 13.8	  8.2	 67.3	 40.5	0	    0
	    0
	    0
	    0
	    0
	    0
	    0
	    0
	    0
	    0
	    0
	    0
	    0
	    0
	    0
	    0
 3108	    3	 33.5	 32.4	 23.7	  4.6	 52.9	 45.5	1	    0
	    0
	    0
	    0
	    0
	    0
	    0
 3115	    3	 34.3	 32.4	 23.7	  4.7	 49.8	 81.2	0	    0
	    0
	    0
	    0
	    0
	    0
	    0
	    0
	    0
	    0
	    0
	    0
	    0
	    0
	    0
	    0
	    0
	    0
	    0
	    0
	    0
	    0
	    0
	    0
	    0
	    0
	    0
	    0
	    0
	    0
	    0
	    0
	    0
	    0
	    0
	    0
	    0
	    0
	    0
	    0
	    0
 3156	    5	 50.2	 28.8	 14.9	 10.5	 31.2	 67.4	0	    0
 3157	    3	 33.4	 32.5	 23.8	  4.6	 48.5	 41.0	0	    0
	    0
	    0
	    0
	    0
	    0
	    0
	    0
	    0
	    0
	    0
	    0
	    0
	    0
	    0
	    0
	    0
	    0
	    0
	    0
	    0
	    0
 3179	    5	 32.9	 26.0	 13.2	  8.0	 17.3	 58.2	0	    0
	    0
	    0
	    0
 3183	    3	 34.6	 32.2	 23.5	  4.7	 36.3	 37.2	0	    0
	    0
	    0
 3186	    5	 43.9	 27.8	 14.3	  9.6	 23.6	 39.4	0	    0
	    0
	    0
	    0
	    0
	    0
	    0
 3193	    5	 45.9	 28.1	 14.4	  9.9	 74.6	  6.9	0	    0
	    0
	    0
	    0
	    0
	    0
	    0
	    0
	    0
	    0
	    0
	    0
	    0
	    0
	    0
	    0
	    0
	    0
	    0
	    0
	    0
	    0
	    0
	    0
	    0
	    0
	    0
	    0
	    0
	    0
	    0
	    0
 3225	    5	 40.4	 27.3	 13.9	  9.1	 46.9	 48.9	0	    0
	    0
	    0
	    0
	    0
 3230	    5	 41.2	 27.7	 14.2	  9.2	  9.5	 17.1	0	    0
	    0
 3232	    5	 42.5	 27.5	 14.1	  9.4	 72.8	 59.1	0	    0
	    0
	    0
	    0
	    0
	    0
	    0
	    0
	    0
	    0
	    0
	    0
	    0
	    0
	    0
	    0
	    0
	    0
	    0
	    0
	    0
	    0
	    0
	    0
	    0
	    0
 3258	    3	 33.1	 32.0	 23.3	  4.6	 23.3	 37.6	0	    0
 3259	    5	 46.9	 28.2	 14.5	 10.0	 11.6	 10.5	0	    0
	    0
	    0
	    0
	    0
	    0
	    0
	    0
	    0
	    0
	    0
	    0
	    0
	    0
	    0
	    0
	    0
	    0
 3277	    3	 35.6	 33.0	 24.2	  4.8	 25.6	 72.5	0	    0
	    0
	    0
	    0
	    0
	    0
	    0
	    0
	    0
 3286	    3	 35.2	 33.1	 24.3	  4.7	 90.0	 13.4	0	    0
	    0
	    0
	    0
 3290	    5	 43.7	 27.8	 14.2	  9.6	 49.2	 82.9	0	    0
	    0
	    0
	    0
	    0
	    0
	    0
	    0
	    0
	    0
	    0
	    0
	    0
	    0
	    0
	    0
 3306	    3	 34.2	 32.6	 23.9	  4.7	  0.8	  6.3	1	    0
	    0
	    0
	    0
	    0
	    0
	    0
	    0
	    0
	    0
	    0
	    0
	    0
	    0
 3320	    5	 38.2	 27.2	 13.9	  8.7	 57.0	 58.1	0	    0
	    0
	    0
	    0
	    0
	    0
	    0
	    0
	    0
	    0
	    0
	    0
	    0
	    0
	    0
	    0
	    0
	    0
	    0
	    0
	    0
	    0
	    0
	    0
	    0
	    0
	    0
	    0
	    0
	    0
 3350	    3	 34.5	 32.8	 24.1	  4.7	 40.9	 52.2	0	    0
	    0
	    0
	    0
	    0
	    0
	    0
	    0
 3358	    5	 43.2	 27.6	 14.1	  9.5	 16.8	 40.6	0	    0
	    0
	    0
	    0
	    0
 3363	    3	 33.8	 32.6	 23.9	  4.6	 52.0	 12.1	0	    0
	    0
	    0
	    0
 3367	    3	 33.2	 32.3	 23.6	  4.6	 97.3	 61.9	0	    0
	    0
	    0
	    0
	    0
	    0
	    0
	    0
	    0
	    0
	    0
	    0
	    0
	    0
	    0
	    0
	    0
	    0
	    0
	    0
	    0
	    0
 3389	    3	 35.4	 33.1	 24.4	  4.8	 39.5	 49.9	0	    0
	    0
	    0
	    0
	    0
	    0
	    0
	    0
	    0
	    0
	    0
	    0
	    0
	    0
 3403	    3	 35.6	 33.1	 24.3	  4.8	 73.2	  0.2	0	    0
	    0
	    0
 3406	    5	 44.6	 27.6	 14.1	  9.8	  1.4	  1.6	0	    0
	    0
	    0
 3409	    3	 34.5	 32.8	 24.1	  4.7	 83.8	 12.2	0	    0
 3410	    3	 32.9	 31.8	 23.1	  4.6	 62.4	  2.1	1	    0
	    0
	    0
	    0
	    0
	    0
	    0
	    0
	    0
 3419	    3	 32.0	 32.3	 23.7	  4.4	  9.8	 31.6	0	    0
	    0
	    0
	    0
	    0
	    0
	    0
	    0
	    0
 3428	    5	 39.6	 27.3	 13.9	  9.0	 35.6	 42.2	0	    0
	    0
	    0
	    0
	    0
	    0
	    0
	    0
	    0
	    0
	    0
	    0
	    0
	    0
	    0
	    0
	    0
	    0
	    0
	    0
	    0
	    0
	    0
	    0
	    0
	    0
	    0
	    0
	    0
	    0
	    0
 3459	    5	 43.2	 27.6	 14.1	  9.5	 98.9	  3.7	0	    0
	    0
 3461	    3	 34.9	 32.7	 24.0	  4.7	 61.7	 97.8	0	    0
	    0
	    0
	    0
	    0
	    0
	    0
	    0
	    0
	    0
	    0
	    0
	    0
	    0
	    0
	    0
 3477	    5	 40.1	 27.2	 13.9	  9.1	 41.1	 37.7	0	    0
	    0
	    0
	    0
	    0
	    0
	    0
	    0
	    0
	    0
	    0
	    0
	    0
	    0
	    0
	    0
	    0
	    0
	    0
	    0
	    0
	    0
	    0
	    0
	    0
	    0
	    0
	    0
	    0
	    0
	    0
	    0
	    0
	    0
 3511	    5	 46.0	 28.6	 14.7	  9.8	 51.3	 64.2	0	    0
	    0
	    0
	    0
	    0
	    0
	    0
	    0
	    0
	    0
	    0
	    0
 3523	    5	 44.8	 28.0	 14.4	  9.7	 97.1	 97.2	0	    0
	    0
	    0
	    0
	    0
 3528	    5	 46.0	 28.0	 14.4	  9.9	 73.5	 86.7	0	    0
	    0
	    0
	    0
	    0
	    0
	    0
	    0
	    0
	    0
	    0
	    0
	    0
	    0
	    0
	    0
	    0
	    0
	    0
	    0
	    0
	    0
	    0
	    0
	    0
	    0
 3554	    5	 36.0	 27.0	 13.7	  8.4	 68.2	 68.0	0	    0
	    0
	    0
	    0
	    0
	    0
	    0
	    0
	    0
	    0
	    0
	    0
	    0
 3567	    3	 35.8	 33.2	 24.4	  4.8	 33.6	  8.9	1	    0
	    0
	    0
 3570	    3	 33.6	 32.3	 23.7	  4.6	 74.7	 71.5	0	    0
	    0
	    0
	    0
	    0
	    0
	    0
	    0
	    0
	    0
	    0
	    0
	    0
	    0
	    0
	    0
	    0
	    0
	    0
	    0
	    0
	    0
	    0
	    0
	    0
	    0
	    0
	    0
	    0
	    0
 3600	    5	 44.5	 27.7	 14.2	  9.7	  7.2	  0.7	0	    0
	    0
	    0
	    0
	    0
	    0
	    0
	    0
	    0
	    0
 3610	    5	 37.7	 26.7	 13.6	  8.7	 53.5	 80.9	0	    0
	    0
	    0
	    0
	    0
	    0
	    0
	    0
	    0
	    0
	    0
	    0
	    0
	    0
	    0
	    0
	    0
	    0
	    0
 3629	    3	 36.1	 33.5	 24.7	  4.8	 77.4	 51.9	0	    0
	    0
	    0
	    0
	    0
	    0
	    0
	    0
	    0
	    0
	    0
	    0
	    0
	    0
	    0
	    0
 3645	    5	 35.9	 26.6	 13.5	  8.4	 83.7	 74.1	0	    0
 3646	    3	 35.7	 33.2	 24.4	  4.8	 28.1	 37.1	0	    0
	    0
	    0
	    0
	    0
	    0
	    0
	    0
	    0
	    0
	    0
	    0
	    0
	    0
	    0
	    0
	    0
	    0
	    0
	    0
	    0
	    0
	    0
	    0
	    0
 3671	    3	 35.0	 33.0	 24.3	  4.7	 49.6	 71.8	0	    0
	    0
	    0
	    0
	    0
	    0
 3677	    5	 43.0	 27.9	 14.3	  9.5	 45.3	 19.2	0	    0
	    0
	    0
	    0
	    0
	    0
	    0
	    0
	    0
	    0
	    0
	    0
	    0
	    0
	    0
	    0
	    0
	    0
	    0
	    0
	    0
	    0
	    0
	    0
	    0
	    0
	    0
	    0
	    0
	    0
	    0
	    0
	    0
	    0
	    0
	    0
	    0
	    0
	    0
	    0
	    0
	    0
	    0
	    0
	    0
	    0
	    0
	    0
	    0
	    0
	    0
	    0
	    0
	    0
	    0
 3732	    5	 32.1	 25.9	 13.2	  7.8	  7.9	 59.6	0	    0
	    0
	    0
	    0
	    0
	    0
	    0
	    0
 3740	    5	 41.1	 27.2	 13.9	  9.2	 71.2	 45.9	0	    0
	    0
	    0
	    0
	    0
	    0
	    0
	    0
	    0
	    0
	    0
	    0
	    0
	    0
	    0
	    0
	    0
 3757	    3	 34.3	 32.5	 23.8	  4.7	 15.9	 71.4	1	    0
	    0
	    0
	    0
	    0
	    0
	    0
	    0
	    0
 3766	    5	 40.3	 27.2	 13.9	  9.1	 93.1	 18.5	0	    0
	    0
	    0
 3769	    5	 35.1	 26.7	 13.6	  8.3	 23.3	 68.0	0	    0
	    0
	    0
 3772	    5	 45.9	 28.1	 14.4	  9.9	 89.3	 99.3	0	    0
	    0
	    0
	    0
	    0
	    0
	    0
	    0
	    0
	    0
 3782	    3	 34.0	 32.7	 24.0	  4.6	 18.9	 61.8	0	    0
	    0
	    0
	    0
	    0
	    0
	    0
	    0
	    0
	    0
	    0
	    0
	    0
	    0
	    0
	    0
	    0
	    0
	    0
	    0
	    0
	    0
	    0
	    0
	    0
	    0
	    0
	    0
	    0
	    0
	    0
	    0
	    0
	    0
	    0
 3817	    5	 49.0	 28.2	 14.5	 10.4	 68.2	 56.4	0	    0
	    0
	    0
	    0
	    0
	    0
	    0
	    0
	    0
	    0
	    0
	    0
	    0
	    0
	    0
 3832	    5	 41.5	 27.4	 14.0	  9.3	 65.8	 39.3	0	    0
	    0
	    0
	    0
	    0
	    0
	    0
	    0
	    0
	    0
	    0
	    0
	    0
	    0
	    0
	    0
	    0
	    0
	    0
	    0
	    0
	    0
	    0
	    0
	    0
	    0
	    0
	    0
	    0
	    0
	    0
	    0
	    0
	    0
 3866	    5	 38.4	 27.1	 13.8	  8.8	 81.9	 22.8	0	    0
	    0
	    0
	    0
	    0
	    0
	    0
	    0
	    0
	    0
	    0
	    0
	    0
	    0
	    0
	    0
 3882	    5	 42.7	 27.7	 14.2	  9.4	 40.5	 46.1	0	    0
	    0
	    0
	    0
 3886	    5	 50.2	 29.0	 15.0	 10.4	  3.1	 19.6	0	    0
	    0
	    0
	    0
	    0
 3891	    3	 34.7	 33.0	 24.2	  4.7	 41.7	  6.7	0	    0
	    0
	    0
	    0
 3895	    5	 43.4	 27.3	 14.0	  9.6	  0.6	 10.5	0	    0
	    0
	    0
	    0
	    0
	    0
	    0
	    0
	    0
	    0
	    0
	    0
	    0
 3908	    5	 43.4	 28.1	 14.4	  9.5	  1.1	 60.6	0	    0
	    0
	    0
	    0
	    0
	    0
	    0
 3915	    3	 35.9	 33.0	 24.2	  4.8	  3.5	  9.3	0	    0
	    0
 3917	    3	 33.4	 30.5	 21.9	  4.7	 85.1	 73.9	0	    0
	    0
	    0
	    0
	    0
	    0
	    0
	    0
	    0
	    0
	    0
	    0
	    0
	    0
	    0
	    0
	    0
	    0
	    0
 3936	    5	 42.4	 27.5	 14.1	  9.4	 41.4	 93.4	0	    0
	    0
	    0
	    0
	    0
	    0
	    0
	    0
	    0
	    0
	    0
	    0
	    0
	    0
	    0
	    0
	    0
	    0
	    0
	    0
	    0
	    0
	    0
	    0
	    0
	    0
 3962	    5	 42.9	 27.3	 14.0	  9.5	 34.8	  0.4	0	    0
	    0
	    0
	    0
	    0
	    0
	    0
	    0
	    0
	    0
	    0
	    0
	    0
	    0
	    0
	    0
	    0
 3979	    5	 47.9	 28.2	 14.5	 10.2	 24.1	 44.8	0	    0
	    0
	    0
	    0
	    0
	    0
	    0
	    0
	    0
	    0
	    0
	    0
	    0
	    0
	    0
	    0
	    0
	    0
	    0
	    0
 3999	    5	 43.0	 27.7	 14.2	  9.5	 23.7	 72.9	0	    0
	    0
	    0
	    0
	    0
	    0
	    0
	    0
 4007	    3	 33.9	 32.7	 24.0	  4.6	 19.0	 65.9	0	    0
	    0
	    0
	    0
	    0
 4012	    3	 31.8	 31.7	 23.1	  4.4	 32.2	 25.9	1	    0
	    0
	    0
	    0
	    0
	    0
	    0
	    0
	    0
	    0
	    0
	    0
	    0
	    0
	    0
	    0
	    0
	    0
	    0
	    0
	    0
	    0
	    0
	    0
	    0
	    0
	    0
	    0
	    0
	    0
	    0
	    0
	    0
	    0
	    0
	    0
	    0
	    0
	    0
	    0
	    0
	    0
	    0
	    0
	    0
	    0
	    0
	    0
	    0
	    0
	    0
	    0
	    0
	    0
	    0
 4067	    5	 45.8	 28.1	 14.4	  9.9	 17.9	 12.5	0	    0
	    0
	    0
	    0
	    0
	    0
	    0
	    0
	    0
	    0
 4077	    5	 36.3	 26.9	 13.7	  8.4	  2.3	 25.2	0	    0
	    0
 4079	    3	 35.1	 32.8	 24.1	  4.7	 23.2	  8.8	0	    0
	    0
	    0
	    0
	    0
	    0
	    0
	    0
 4087	    3	 32.7	 32.1	 23.5	  4.5	 18.6	 19.6	0	    0
	    0
	    0
	    0
 4091	    5	 47.0	 28.5	 14.7	 10.0	 31.5	 81.3	0	    0
	    0
	    0
	    0
	    0
	    0
	    0
	    0
	    0
	    0
	    0
	    0
	    0
	    0
	    0
	    0
	    0
	    0
	    0
	    0
 4111	    3	 34.3	 32.5	 23.8	  4.7	 60.7	 64.5	1	    0
	    0
	    0
	    0
	    0
 4116	    3	 35.2	 33.0	 24.3	  4.7	 25.1	 57.3	0	    0
	    0
	    0
	    0
	    0
	    0
	    0
	    0
	    0
	    0
	    0
	    0
	    0
	    0
	    0
	    0
	    0
	    0
	    0
	    0
	    0
	    0
	    0
	    0
 4140	    3	 33.4	 32.5	 23.8	  4.6	 73.6	 34.1	0	    0
	    0
	    0
	    0
	    0
	    0
	    0
	    0
	    0
	    0
	    0
	    0
	    0
	    0
	    0
	    0
	    0
	    0
	    0
	    0
	    0
	    0
	    0
	    0
 4164	    5	 44.0	 27.7	 14.2	  9.6	 82.6	 99.8	0	    0
	    0
	    0
	    0
	    0
	    0
	    0
	    0
	    0
	    0
	    0
	    0
	    0
	    0
	    0
	    0
	    0
	    0
	    0
	    0
	    0
	    0
	    0
	    0
	    0
	    0
	    0
	    0
 4192	    5	 44.2	 28.1	 14.4	  9.6	 32.8	 13.8	0	    0
	    0
	    0
	    0
 4196	    3	 35.1	 33.0	 24.2	  4.7	 43.1	 22.6	0	    0
	    0
	    0
	    0
	    0
	    0
	    0
	    0
	    0
	    0
	    0
	    0
	    0
	    0
	    0
	    0
	    0
	    0
	    0
	    0
	    0
	    0
	    0
	    0
	    0
	    0
	    0
	    0
	    0
	    0
	    0
	    0
	    0
	    0
	    0
	    0
	    0
	    0
	    0
	    0
	    0
	    0
	    0
	    0
	    0
	    0
	    0
	    0
	    0
	    0
	    0
	    0
	    0
 4249	    5	 36.9	 27.1	 13.8	  8.5	 24.2	 18.6	0	    0
	    0
 4251	    3	 34.7	 33.0	 24.3	  4.7	 98.5	 13.8	1	    0
	    0
	    0
	    0
 4255	    3	 33.1	 32.6	 23.9	  4.5	 91.3	 81.2	0	    0
	    0
	    0
	    0
	    0
	    0
	    0
	    0
	    0
	    0
	    0
	    0
	    0
	    0
	    0
	    0
	    0
	    0
	    0
	    0
	    0
	    0
	    0
	    0
	    0
	    0
	    0
	    0
	    0
	    0
	    0
	    0
	    0
	    0
	    0
	    0
	    0
	    0
	    0
	    0
	    0
	    0
	    0
	    0
	    0
	    0
	    0
	    0
	    0
	    0
	    0
	    0
	    0
	    0
	    0
	    0
	    0
	    0
	    0
	    0
	    0
 4316	    3	 34.2	 32.8	 24.1	  4.6	 47.8	  1.8	0	    0
	    0
	    0
	    0
 4320	    3	 35.2	 32.8	 24.0	  4.8	 40.5	  6.5	0	    0
	    0
	    0
	    0
	    0
	    0
	    0
	    0
	    0
	    0
	    0
	    0
	    0
	    0
	    0
	    0
	    0
	    0
	    0
	    0
	    0
 4341	    3	 34.0	 32.7	 24.0	  4.6	 91.6	 58.9	1	    0
	    0
	    0
	    0
	    0
	    0
	    0
	    0
	    0
 4350	    3	 34.8	 32.9	 24.1	  4.7	 68.9	 29.0	1	    0
 4351	    5	 41.2	 27.4	 14.0	  9.2	 15.5	 58.4	0	    0
	    0
	    0
	    0
	    0
	    0
	    0
	    0
	    0
	    0
	    0
	    0
	    0
	    0
	    0
	    0
	    0
	    0
	    0
	    0
	    0
	    0
	    0
	    0
 4375	    3	 35.5	 33.1	 24.3	  4.8	 19.5	  9.3	0	    0
	    0
	    0
	    0
	    0
 4380	    5	 40.4	 27.2	 13.9	  9.1	 84.8	 88.3	0	    0
	    0
	    0
	    0
	    0
	    0
	    0
	    0
	    0
	    0
	    0
	    0
	    0
	    0
	    0
	    0
	    0
	    0
	    0
	    0
	    0
 4401	    5	 40.4	 27.8	 14.2	  9.0	 43.7	 99.7	0	    0
	    0
	    0
	    0
	    0
	    0
	    0
	    0
	    0
	    0
	    0
	    0
	    0
	    0
	    0
	    0
	    0
	    0
 4419	    5	 36.4	 26.5	 13.5	  8.5	 21.9	 12.3	0	    0
	    0
	    0
	    0
 4423	    5	 39.5	 26.7	 13.6	  9.0	 79.4	 39.9	0	    0
	    0
	    0
	    0
	    0
	    0
	    0
	    0
	    0
	    0
	    0
	    0
	    0
	    0
	    0
 4438	    5	 33.7	 26.5	 13.5	  8.0	 44.9	 17.3	0	    0
	    0
	    0
	    0
	    0
	    0
	    0
	    0
	    0
	    0
	    0
 4449	    5	 39.6	 27.5	 14.1	  8.9	 79.6	 72.2	0	    0
	    0
	    0
	    0
	    0
	    0
	    0
	    0
	    0
	    0
	    0
	    0
	    0
	    0
 4463	    5	 39.6	 27.1	 13.8	  9.0	  6.1	 17.1	0	    0
	    0
	    0
	    0
 4467	    3	 34.9	 32.8	 24.1	  4.7	 46.7	 81.2	0	    0
	    0
	    0
	    0
	    0
	    0
	    0
	    0
	    0
	    0
	    0
	    0
	    0
	    0
	    0
	    0
 4483	    5	 29.6	 25.1	 12.7	  7.4	  9.2	 57.3	0	    0
	    0
	    0
	    0
	    0
	    0
	    0
	    0
	    0
	    0
	    0
	    0
	    0
	    0
	    0
	    0
	    0
	    0
	    0
	    0
	    0
	    0
	    0
	    0
	    0
	    0
	    0
	    0
	    0
	    0
	    0
	    0
	    0
	    0
 4517	    5	 35.4	 26.5	 13.5	  8.3	 97.4	 20.8	0	    0
 4518	    5	 39.6	 26.9	 13.7	  9.0	 72.4	 36.4	0	    0
	    0
	    0
	    0
	    0
	    0
	    0
	    0
	    0
	    0
	    0
	    0
	    0
	    0
	    0
	    0
	    0
	    0
	    0
	    0
	    0
	    0
	    0
	    0
	    0
	    0
	    0
	    0
	    0
	    0
	    0
	    0
	    0
 4551	    3	 33.6	 32.5	 23.8	  4.6	 52.9	 59.9	0	    0
	    0
	    0
	    0
	    0
	    0
	    0
	    0
	    0
	    0
	    0
 4562	    3	 35.1	 31.9	 23.2	  4.8	 31.8	 84.8	0	    0
	    0
	    0
	    0
	    0
	    0
	    0
	    0
	    0
	    0
	    0
	    0
	    0
	    0
	    0
	    0
	    0
	    0
	    0
	    0
	    0
	    0
	    0
	    0
	    0
	    0
	    0
	    0
	    0
	    0
	    0
	    0
	    0
	    0
	    0
	    0
	    0
 4599	    3	 32.7	 32.2	 23.6	  4.5	 73.9	 66.3	0	    0
	    0
	    0
 4602	    5	 43.0	 27.5	 14.1	  9.5	 45.4	 88.7	0	    0
	    0
	    0
	    0
	    0
	    0
	    0
	    0
	    0
	    0
	    0
	    0
	    0
	    0
	    0
	    0
	    0
	    0
	    0
	    0
	    0
	    0
	    0
	    0
	    0
	    0
	    0
	    0
	    0
	    0
	    0
	    0
	    0
	    0
	    0
	    0
	    0
	    0
	    0
	    0
	    0
	    0
	    0
	    0
	    0
	    0
	    0
	    0
	    0
	    0
	    0
 4653	    3	 34.6	 32.7	 23.9	  4.7	 98.6	 17.8	0	    0
	    0
	    0
 4656	    5	 40.4	 27.6	 14.1	  9.1	 83.9	 23.8	0	    0
	    0
	    0
	    0
	    0
	    0
	    0
	    0
	    0
 4665	    5	 48.5	 28.2	 14.5	 10.3	 51.3	 31.9	0	    0
	    0
	    0
	    0
	    0
	    0
	    0
	    0
	    0
	    0
	    0
	    0
	    0
 4678	    3	 33.6	 32.6	 23.9	  4.6	  8.0	 77.0	0	    0
	    0
	    0
	    0
	    0
	    0
	    0
	    0
	    0
	    0
	    0
	    0
	    0
	    0
	    0
	    0
	    0
	    0
	    0
	    0
	    0
	    0
	    0
	    0
	    0
	    0
	    0
 4705	    5	 43.9	 27.9	 14.3	  9.6	 18.0	 55.4	0	    0
	    0
	    0
	    0
	    0
	    0
	    0
	    0
	    0
	    0
	    0
	    0
	    0
 4718	    3	 33.5	 32.7	 24.0	  4.6	 72.3	 19.4	0	    0
 4719	    5	 44.6	 27.9	 14.3	  9.7	 30.9	 50.0	0	    0
	    0
	    0
	    0
	    0
 4724	    5	 44.2	 27.3	 14.0	  9.7	 59.7	 15.7	0	    0
	    0
	    0
	    0
	    0
	    0
	    0
	    0
	    0
	    0
	    0
	    0
	    0
	    0
	    0
	    0
	    0
	    0
	    0
	    0
	    0
	    0
 4746	    3	 33.5	 32.4	 23.7	  4.6	 65.1	 55.5	0	    0
	    0
	    0
	    0
	    0
	    0
	    0
	    0
	    0
	    0
	    0
	    0
	    0
	    0
	    0
 4761	    3	 34.8	 32.7	 23.9	  4.7	 29.0	 47.9	0	    0
	    0
	    0
	    0
	    0
	    0
	    0
	    0
	    0
 4770	    3	 34.0	 32.6	 23.9	  4.6	 10.8	 45.7	0	    0
 4771	    3	 34.1	 32.7	 24.0	  4.6	 90.3	 93.8	0	    0
	    0
	    0
	    0
	    0
	    0
	    0
	    0
	    0
	    0
	    0
	    0
	    0
	    0
	    0
	    0
	    0
	    0
	    0
	    0
	    0
	    0
	    0
	    0
	    0
	    0
	    0
	    0
	    0
	    0
	    0
	    0
	    0
	    0
	    0
 4806	    5	 36.0	 26.9	 13.7	  8.4	 20.5	 17.9	0	    0
	    0
	    0
	    0
	    0
	    0
	    0
	    0
	    0
	    0
	    0
 4817	    3	 33.5	 32.5	 23.9	  4.6	 97.0	 83.9	0	    0
	    0
	    0
	    0
	    0
 4822	    5	 41.6	 27.6	 14.1	  9.2	 44.0	 27.4	0	    0
 4823	    3	 34.2	 32.7	 24.0	  4.7	 34.9	 30.7	1	    0
	    0
	    0
	    0
	    0
	    0
	    0
	    0
	    0
	    0
	    0
	    0
	    0
 4836	    3	 34.1	 32.8	 24.0	  4.6	 26.2	 96.3	0	    0
	    0
	    0
	    0
	    0
	    0
	    0
	    0
	    0
	    0
	    0
 4847	    3	 36.3	 33.3	 24.5	  4.9	 83.7	 59.6	0	    0
	    0
	    0
	    0
	    0
	    0
	    0
	    0
	    0
	    0
	    0
	    0
	    0
	    0
	    0
 4862	    5	 48.4	 28.7	 14.8	 10.2	 52.4	 85.0	0	    0
	    0
	    0
	    0
	    0
	    0
	    0
	    0
	    0
	    0
	    0
	    0
	    0
	    0
	    0
	    0
	    0
	    0
	    0
	    0
	    0
	    0
	    0
	    0
	    0
	    0
	    0
	    0
	    0
 4891	    3	 33.9	 32.7	 24.0	  4.6	  2.2	 44.3	0	    0
	    0
	    0
	    0
	    0
	    0
	    0
	    0
	    0
 4900	    3	 36.0	 33.1	 24.3	  4.8	 95.1	 78.2	0	    0
	    0
	    0
	    0
	    0
	    0
	    0
	    0
	    0
	    0
	    0
	    0
	    0
	    0
	    0
	    0
	    0
	    0
	    0
	    0
	    0
	    0
	    0
	    0
	    0
	    0
	    0
	    0
	    0
	    0
 4930	    3	 35.5	 33.0	 24.2	  4.8	 68.9	 98.1	0	    0
	    0
	    0
	    0
	    0
 4935	    3	 33.6	 32.3	 23.6	  4.6	 46.7	 37.9	0	    0
	    0
	    0
	    0
 4939	    3	 33.4	 32.2	 23.6	  4.6	 76.8	 44.6	0	    0
	    0
	    0
	    0
	    0
	    0
	    0
	    0
	    0
	    0
	    0
	    0
	    0
 4952	    5	 39.5	 27.4	 14.0	  8.9	 60.0	 60.6	0	    0
 4953	    3	 32.0	 31.7	 23.1	  4.5	 10.1	 76.6	0	    0
	    0
	    0
	    0
	    0
	    0
	    0
	    0
	    0
	    0
	    0
	    0
	    0
	    0
	    0
	    0
	    0
	    0
	    0
	    0
	    0
	    0
	    0
	    0
	    0
	    0
	    0
	    0
	    0
 4982	    5	 33.5	 26.1	 13.3	  8.1	  0.6	 86.1	0	    0
	    0
	    0
	    0
	    0
 4987	    3	 32.7	 32.2	 23.6	  4.5	 79.0	 24.0	1	    0
	    0
	    0
	    0
	    0
	    0
	    0
	    0
	    0
	    0
	    0
	    0
	    0
	    0
