Nr	Art	BHD	h	kra	kd	x	y	kenn	mort
	    0
	    0
	    0
	    0
	    0
	    0
    7	    3	 22.5	 23.4	 16.0	  3.7	 13.5	  9.4	1	    0
	    0
    9	    5	 25.7	 18.5	  9.2	  7.6	 38.1	 82.3	1	    0
   10	    5	 26.6	 18.2	  9.0	  7.8	 78.8	 78.6	0	    0
	    0
   12	    5	 23.1	 17.5	  8.7	  7.1	 75.4	 95.6	1	    0
	    0
	    0
	    0
	    0
	    0
	    0
	    0
	    0
	    0
	    0
	    0
	    0
	    0
	    0
	    0
	    0
	    0
	    0
	    0
	    0
	    0
	    0
	    0
	    0
	    0
	    0
	    0
	    0
	    0
	    0
	    0
	    0
	    0
	    0
	    0
	    0
	    0
   50	    5	 30.4	 19.0	  9.5	  8.5	 30.7	 22.8	0	    0
	    0
	    0
	    0
	    0
	    0
	    0
	    0
	    0
	    0
	    0
	    0
	    0
	    0
	    0
	    0
	    0
	    0
	    0
	    0
	    0
	    0
   72	    5	 27.6	 18.6	  9.2	  8.0	 98.9	 60.9	0	    0
   73	    5	 28.6	 18.8	  9.3	  8.2	  2.9	100.0	0	    0
	    0
	    0
	    0
	    0
	    0
   79	    5	 24.1	 17.9	  8.9	  7.3	 81.9	 58.9	0	    0
	    0
	    0
	    0
	    0
	    0
	    0
   86	    3	 20.7	 22.6	 15.5	  3.5	 35.4	 16.8	0	    0
   87	    3	 18.8	 22.5	 15.9	  3.2	 77.4	 96.0	0	    0
	    0
	    0
	    0
	    0
	    0
	    0
   94	    5	 25.5	 18.0	  8.9	  7.6	 27.9	 95.9	0	    0
	    0
	    0
	    0
	    0
	    0
	    0
	    0
	    0
  103	    3	 21.5	 23.7	 16.5	  3.5	 10.7	 89.7	0	    0
	    0
	    0
	    0
	    0
	    0
	    0
	    0
	    0
	    0
	    0
	    0
	    0
  116	    3	 21.0	 23.6	 16.5	  3.5	 29.4	 18.7	1	    0
	    0
	    0
	    0
	    0
	    0
	    0
	    0
	    0
	    0
	    0
	    0
	    0
	    0
	    0
	    0
	    0
	    0
	    0
  135	    5	 26.7	 18.8	  9.3	  7.7	 35.9	 28.4	0	    0
	    0
	    0
	    0
	    0
	    0
	    0
	    0
	    0
	    0
	    0
	    0
	    0
	    0
	    0
  150	    5	 25.5	 18.2	  9.0	  7.6	 91.9	 47.3	0	    0
	    0
  152	    5	 27.0	 18.2	  9.0	  7.9	 78.9	 74.1	0	    0
	    0
	    0
	    0
	    0
	    0
	    0
	    0
	    0
	    0
	    0
	    0
	    0
  165	    5	 28.0	 18.8	  9.3	  8.0	 66.6	 75.4	0	    0
	    0
	    0
	    0
	    0
	    0
	    0
  172	    3	 20.0	 22.8	 15.9	  3.4	 23.1	 73.0	0	    0
	    0
	    0
	    0
  176	    5	 26.8	 18.3	  9.1	  7.8	 18.1	  4.4	0	    0
	    0
	    0
	    0
  180	    3	 21.4	 23.2	 16.0	  3.6	 62.2	 37.9	0	    0
	    0
	    0
	    0
  184	    5	 31.4	 19.2	  9.5	  8.7	 62.3	  4.7	0	    0
	    0
	    0
  187	    3	 21.5	 23.5	 16.3	  3.6	 15.6	 60.6	0	    0
  188	    3	 20.0	 22.8	 15.9	  3.4	 55.0	 86.2	0	    0
  189	    5	 30.2	 19.1	  9.5	  8.4	 51.2	 90.3	0	    0
	    0
	    0
	    0
	    0
	    0
	    0
	    0
	    0
	    0
	    0
	    0
  201	    5	 27.3	 18.7	  9.3	  7.9	 92.9	 37.0	0	    0
	    0
	    0
	    0
	    0
	    0
	    0
	    0
	    0
	    0
	    0
	    0
	    0
	    0
	    0
	    0
  217	    3	 23.3	 23.9	 16.4	  3.8	  9.9	 37.5	0	    0
	    0
	    0
  220	    3	 21.8	 23.1	 15.8	  3.6	 26.4	 67.4	0	    0
  221	    5	 27.2	 18.5	  9.2	  7.9	 33.1	 20.2	0	    0
  222	    5	 27.7	 18.4	  9.1	  8.0	 52.6	 43.3	0	    0
	    0
	    0
	    0
	    0
	    0
	    0
	    0
	    0
	    0
	    0
  233	    3	 19.3	 22.4	 15.7	  3.3	 34.0	 71.8	0	    0
	    0
	    0
  236	    5	 25.0	 18.1	  9.0	  7.5	 71.4	 93.5	1	    0
	    0
	    0
	    0
	    0
	    0
	    0
  243	    5	 29.5	 19.2	  9.5	  8.3	 54.6	  7.9	0	    0
	    0
  245	    5	 29.7	 18.7	  9.3	  8.4	  0.8	 93.8	0	    0
  246	    3	 22.3	 23.2	 15.9	  3.7	 19.9	 64.3	1	    0
	    0
	    0
	    0
	    0
  251	    3	 23.5	 24.2	 16.6	  3.8	 72.2	 27.1	0	    0
	    0
	    0
  254	    3	 21.5	 23.5	 16.3	  3.6	  0.1	 65.0	1	    0
  255	    5	 26.2	 18.4	  9.1	  7.7	  5.1	 26.1	0	    0
	    0
	    0
	    0
	    0
	    0
  261	    5	 28.4	 18.7	  9.3	  8.1	 35.8	 71.0	0	    0
	    0
	    0
	    0
  265	    5	 28.9	 18.8	  9.3	  8.2	 96.2	 66.9	0	    0
	    0
	    0
	    0
	    0
	    0
	    0
  272	    3	 21.7	 23.1	 15.9	  3.6	 49.6	 54.1	0	    0
  273	    3	 19.4	 22.9	 16.2	  3.3	 59.6	 21.0	0	    0
	    0
	    0
  276	    3	 20.8	 22.1	 15.0	  3.5	 41.1	  1.5	0	    0
  277	    5	 26.5	 18.5	  9.2	  7.8	 58.1	 24.6	0	    0
	    0
	    0
	    0
	    0
	    0
	    0
	    0
	    0
	    0
	    0
	    0
	    0
	    0
	    0
	    0
	    0
	    0
	    0
	    0
	    0
	    0
	    0
  300	    5	 26.0	 18.6	  9.2	  7.6	 58.9	 61.9	0	    0
	    0
	    0
  303	    3	 22.5	 23.8	 16.4	  3.7	 94.1	 21.8	0	    0
	    0
	    0
	    0
	    0
	    0
	    0
	    0
	    0
	    0
  313	    3	 22.2	 23.7	 16.3	  3.6	 30.2	  5.3	0	    0
	    0
	    0
	    0
	    0
	    0
	    0
  320	    3	 26.4	 25.0	 17.1	  4.1	 97.7	 72.7	0	    0
	    0
	    0
	    0
	    0
	    0
	    0
	    0
	    0
  329	    3	 21.2	 23.0	 15.9	  3.5	 47.8	 16.6	0	    0
	    0
	    0
	    0
	    0
	    0
	    0
  336	    5	 24.4	 17.6	  8.7	  7.4	 63.2	 96.4	0	    0
	    0
	    0
	    0
	    0
	    0
  342	    3	 21.9	 23.7	 16.4	  3.6	 53.0	  2.9	0	    0
	    0
	    0
	    0
  346	    5	 22.1	 17.0	  8.4	  7.0	 61.3	 68.0	0	    0
	    0
  348	    5	 30.4	 19.1	  9.5	  8.5	 98.7	 92.1	0	    0
	    0
	    0
	    0
	    0
	    0
	    0
  355	    3	 20.7	 22.6	 15.5	  3.5	 44.4	 90.2	0	    0
	    0
	    0
	    0
	    0
	    0
	    0
	    0
	    0
	    0
	    0
	    0
	    0
	    0
	    0
	    0
	    0
	    0
	    0
	    0
	    0
	    0
	    0
	    0
	    0
  380	    3	 20.6	 22.6	 15.6	  3.5	  1.1	  8.7	0	    0
	    0
  382	    5	 29.8	 19.0	  9.4	  8.4	 94.3	 75.8	0	    0
	    0
	    0
	    0
	    0
	    0
	    0
	    0
	    0
  391	    5	 27.1	 18.6	  9.2	  7.9	 54.8	 61.6	0	    0
	    0
	    0
  394	    5	 29.8	 19.1	  9.5	  8.3	 68.7	 13.3	0	    0
  395	    5	 28.1	 18.8	  9.3	  8.1	 87.8	  1.6	1	    0
	    0
	    0
	    0
	    0
	    0
	    0
	    0
  403	    3	 20.2	 22.4	 15.5	  3.4	 83.7	 50.8	0	    0
	    0
	    0
	    0
	    0
	    0
	    0
  410	    5	 26.6	 18.3	  9.1	  7.8	 87.5	  5.9	0	    0
	    0
	    0
	    0
	    0
	    0
	    0
	    0
	    0
	    0
	    0
	    0
	    0
  423	    5	 27.0	 19.0	  9.4	  7.8	 63.4	 64.2	0	    0
	    0
	    0
	    0
	    0
	    0
	    0
	    0
  431	    5	 29.7	 19.1	  9.5	  8.3	  2.6	 36.9	0	    0
	    0
	    0
	    0
	    0
	    0
	    0
	    0
	    0
	    0
	    0
  442	    5	 24.8	 18.0	  8.9	  7.4	 95.7	 80.7	0	    0
	    0
	    0
	    0
	    0
	    0
	    0
	    0
	    0
	    0
	    0
	    0
	    0
	    0
	    0
	    0
	    0
	    0
  460	    3	 18.8	 22.5	 15.9	  3.2	 89.0	 47.2	0	    0
	    0
	    0
	    0
	    0
  465	    3	 22.0	 23.7	 16.4	  3.6	 99.2	 62.5	0	    0
	    0
	    0
	    0
	    0
	    0
	    0
	    0
	    0
  474	    5	 24.7	 18.0	  8.9	  7.4	 63.3	 17.1	0	    0
	    0
	    0
  477	    5	 31.8	 19.3	  9.6	  8.8	 99.7	 68.7	0	    0
	    0
	    0
	    0
	    0
	    0
	    0
	    0
	    0
	    0
	    0
  488	    5	 23.9	 17.3	  8.5	  7.4	 78.9	 52.6	0	    0
	    0
	    0
	    0
	    0
	    0
	    0
	    0
	    0
	    0
  498	    3	 22.7	 23.8	 16.4	  3.7	  2.5	  8.3	0	    0
	    0
  500	    3	 20.5	 22.1	 15.0	  3.5	 56.6	 25.7	0	    0
	    0
	    0
	    0
	    0
	    0
	    0
	    0
  508	    5	 26.4	 18.5	  9.2	  7.7	 88.2	 69.3	0	    0
	    0
	    0
	    0
	    0
	    0
	    0
	    0
	    0
	    0
	    0
	    0
	    0
	    0
	    0
  523	    5	 27.5	 18.6	  9.2	  7.9	 16.5	 69.6	0	    0
	    0
	    0
	    0
	    0
	    0
	    0
	    0
	    0
	    0
	    0
	    0
	    0
	    0
	    0
	    0
	    0
	    0
	    0
  542	    3	 20.5	 23.2	 16.2	  3.4	 73.2	 56.4	0	    0
	    0
	    0
  545	    3	 23.0	 24.1	 16.6	  3.7	 26.4	  5.1	0	    0
	    0
	    0
	    0
	    0
	    0
	    0
	    0
	    0
  554	    5	 29.4	 19.0	  9.4	  8.3	 64.3	 62.0	0	    0
	    0
	    0
	    0
	    0
	    0
  560	    5	 28.6	 18.8	  9.3	  8.1	 68.7	  0.0	0	    0
	    0
	    0
	    0
  564	    3	 21.3	 23.5	 16.4	  3.5	 50.4	 16.1	0	    0
  565	    5	 25.4	 18.1	  9.0	  7.6	 32.2	 75.6	0	    0
  566	    5	 27.9	 18.6	  9.2	  8.0	 83.5	 95.3	0	    0
  567	    5	 25.3	 18.1	  9.0	  7.5	 32.9	 99.1	0	    0
  568	    3	 20.7	 23.5	 16.4	  3.4	 91.6	 88.8	0	    0
	    0
	    0
	    0
	    0
	    0
	    0
	    0
	    0
	    0
	    0
  579	    5	 26.6	 18.2	  9.0	  7.8	 91.1	 51.7	1	    0
	    0
	    0
  582	    5	 27.9	 18.1	  9.0	  8.1	 13.6	 97.1	0	    0
	    0
	    0
	    0
	    0
	    0
	    0
	    0
	    0
	    0
	    0
	    0
	    0
  595	    5	 25.7	 18.3	  9.1	  7.6	 69.5	 93.0	0	    0
	    0
	    0
	    0
	    0
	    0
	    0
	    0
	    0
	    0
	    0
	    0
	    0
	    0
	    0
	    0
	    0
	    0
	    0
	    0
	    0
	    0
  617	    3	 23.5	 24.3	 16.7	  3.8	 81.0	 99.1	0	    0
	    0
	    0
  620	    5	 29.7	 18.9	  9.4	  8.4	 64.2	 32.6	0	    0
	    0
  622	    3	 19.5	 22.5	 15.7	  3.3	 82.1	 73.8	0	    0
  623	    5	 27.9	 18.9	  9.4	  8.0	 57.1	 48.6	0	    0
  624	    5	 24.5	 18.0	  8.9	  7.4	 52.2	 50.3	0	    0
  625	    5	 23.5	 17.2	  8.5	  7.3	 77.9	 87.7	0	    0
  626	    5	 29.2	 18.8	  9.3	  8.3	 62.6	 27.9	0	    0
	    0
	    0
  629	    5	 32.5	 19.4	  9.6	  8.9	  1.7	 52.7	1	    0
	    0
	    0
	    0
	    0
	    0
	    0
  636	    5	 27.8	 18.9	  9.4	  7.9	  7.1	 66.0	0	    0
	    0
	    0
	    0
	    0
	    0
	    0
	    0
	    0
	    0
	    0
	    0
	    0
  649	    5	 28.7	 18.9	  9.4	  8.2	 62.8	 49.7	0	    0
	    0
	    0
  652	    5	 28.6	 18.3	  9.1	  8.2	 80.7	 22.5	0	    0
  653	    3	 22.0	 23.5	 16.1	  3.6	 47.4	 90.2	0	    0
	    0
	    0
	    0
	    0
	    0
	    0
	    0
	    0
	    0
  663	    5	 27.5	 19.0	  9.4	  7.9	 34.4	 47.5	0	    0
	    0
  665	    3	 20.3	 22.6	 15.6	  3.4	 54.5	 96.8	0	    0
	    0
	    0
	    0
	    0
	    0
	    0
  672	    5	 25.9	 18.0	  8.9	  7.7	 86.4	 83.4	0	    0
	    0
	    0
	    0
	    0
	    0
	    0
  679	    3	 23.4	 24.1	 16.5	  3.8	 31.2	 83.1	1	    0
	    0
  681	    5	 27.4	 18.6	  9.2	  7.9	 64.0	 46.2	0	    0
	    0
  683	    3	 20.5	 22.6	 15.6	  3.5	  6.1	 55.6	0	    0
  684	    5	 29.1	 19.0	  9.4	  8.2	 57.7	 82.6	0	    0
	    0
	    0
	    0
	    0
  689	    3	 17.0	 21.7	 15.6	  3.0	 77.6	 19.1	0	    0
	    0
	    0
	    0
	    0
	    0
	    0
  696	    5	 27.2	 18.6	  9.2	  7.9	 26.6	 60.7	0	    0
	    0
	    0
	    0
	    0
	    0
	    0
  703	    3	 22.1	 23.7	 16.4	  3.6	 96.7	 63.1	0	    0
  704	    5	 34.0	 19.5	  9.7	  9.1	 65.0	 84.2	0	    0
	    0
	    0
	    0
	    0
	    0
	    0
	    0
	    0
	    0
	    0
	    0
	    0
  717	    3	 22.4	 23.9	 16.5	  3.7	 29.1	 75.8	0	    0
	    0
	    0
	    0
	    0
  722	    3	 23.8	 24.3	 16.7	  3.8	 11.4	 49.5	0	    0
	    0
  724	    5	 30.4	 19.3	  9.6	  8.5	 12.1	 51.4	0	    0
	    0
	    0
	    0
	    0
	    0
	    0
	    0
	    0
	    0
	    0
	    0
	    0
	    0
  738	    5	 29.4	 18.9	  9.4	  8.3	 12.4	 80.2	0	    0
	    0
	    0
	    0
	    0
	    0
	    0
	    0
	    0
	    0
	    0
	    0
	    0
	    0
	    0
	    0
	    0
	    0
	    0
	    0
	    0
	    0
	    0
  761	    3	 22.9	 23.9	 16.4	  3.7	  0.9	 20.7	0	    0
  762	    3	 20.3	 22.8	 15.9	  3.4	 56.8	 10.8	0	    0
	    0
  764	    5	 32.4	 19.4	  9.6	  8.9	 59.7	 86.1	0	    0
	    0
	    0
	    0
	    0
	    0
	    0
	    0
	    0
	    0
	    0
	    0
  776	    5	 26.4	 18.1	  8.9	  7.8	 76.0	 12.1	0	    0
	    0
	    0
	    0
	    0
	    0
	    0
	    0
	    0
	    0
	    0
	    0
	    0
	    0
	    0
	    0
	    0
	    0
	    0
	    0
	    0
	    0
  798	    5	 27.1	 18.6	  9.2	  7.9	  7.5	 21.2	0	    0
  799	    5	 30.0	 19.0	  9.4	  8.4	 64.6	 54.0	0	    0
	    0
	    0
	    0
	    0
	    0
	    0
  806	    3	 19.1	 22.7	 16.0	  3.3	 69.1	 60.0	0	    0
  807	    5	 29.2	 18.8	  9.3	  8.3	 46.3	 11.0	0	    0
	    0
	    0
	    0
	    0
	    0
  813	    5	 25.0	 17.8	  8.8	  7.5	  6.4	 93.4	0	    0
	    0
  815	    3	 22.2	 23.5	 16.2	  3.7	 31.9	 35.6	0	    0
	    0
	    0
	    0
  819	    5	 26.0	 18.5	  9.2	  7.6	 77.0	 70.2	0	    0
  820	    3	 19.9	 22.7	 15.8	  3.4	 79.7	 13.2	0	    0
  821	    5	 30.1	 19.2	  9.6	  8.4	 71.4	 48.3	0	    0
	    0
	    0
	    0
	    0
  826	    5	 29.5	 18.6	  9.2	  8.4	 21.9	  8.0	0	    0
	    0
	    0
  829	    3	 18.8	 22.5	 15.9	  3.2	 92.0	 70.4	1	    0
	    0
	    0
  832	    5	 29.9	 19.0	  9.4	  8.4	 58.3	 58.9	0	    0
	    0
	    0
	    0
	    0
	    0
	    0
  839	    5	 28.3	 18.8	  9.3	  8.1	 57.7	 95.7	0	    0
	    0
	    0
	    0
	    0
	    0
	    0
	    0
	    0
	    0
	    0
	    0
  851	    3	 19.2	 21.8	 15.0	  3.3	 86.5	 53.2	0	    0
	    0
	    0
  854	    5	 26.7	 18.2	  9.0	  7.8	 89.4	 13.2	0	    0
	    0
	    0
	    0
	    0
	    0
  860	    3	 21.6	 23.8	 16.6	  3.6	 91.9	 44.1	0	    0
	    0
	    0
  863	    5	 32.3	 19.2	  9.5	  8.9	  1.2	 26.6	0	    0
	    0
	    0
	    0
	    0
	    0
	    0
	    0
	    0
	    0
	    0
	    0
  875	    5	 29.4	 18.8	  9.3	  8.3	 49.8	 80.2	0	    0
	    0
	    0
  878	    3	 19.4	 22.7	 15.9	  3.3	 96.7	 36.6	1	    0
	    0
	    0
	    0
	    0
	    0
	    0
	    0
	    0
	    0
  888	    5	 24.7	 17.7	  8.7	  7.5	 74.4	 69.2	0	    0
	    0
	    0
	    0
	    0
	    0
	    0
	    0
	    0
	    0
	    0
	    0
	    0
	    0
	    0
	    0
	    0
	    0
	    0
	    0
  908	    5	 32.5	 19.7	  9.8	  8.8	 93.5	 91.7	0	    0
	    0
	    0
	    0
	    0
	    0
	    0
	    0
	    0
	    0
	    0
  919	    3	 21.1	 22.9	 15.7	  3.5	 49.4	 31.9	0	    0
	    0
	    0
	    0
	    0
	    0
	    0
	    0
  927	    3	 20.9	 23.5	 16.4	  3.5	 24.3	 28.5	0	    0
	    0
	    0
	    0
	    0
	    0
	    0
	    0
	    0
	    0
	    0
	    0
	    0
	    0
	    0
	    0
	    0
	    0
  945	    3	 24.5	 24.4	 16.7	  3.9	 21.3	 52.4	1	    0
	    0
	    0
	    0
	    0
	    0
	    0
	    0
	    0
	    0
	    0
	    0
	    0
	    0
	    0
	    0
  961	    3	 18.8	 22.5	 15.9	  3.2	 52.0	  0.7	0	    0
	    0
	    0
	    0
	    0
	    0
	    0
	    0
	    0
	    0
	    0
	    0
	    0
	    0
	    0
	    0
  977	    5	 26.5	 18.2	  9.0	  7.8	 66.7	 22.1	0	    0
	    0
	    0
	    0
	    0
  982	    3	 22.2	 23.0	 15.6	  3.7	 86.8	 60.4	0	    0
	    0
	    0
	    0
	    0
	    0
  988	    5	 27.6	 18.5	  9.2	  8.0	 37.0	 85.2	0	    0
  989	    3	 24.9	 24.0	 16.2	  4.0	 68.9	 39.0	0	    0
	    0
	    0
	    0
	    0
	    0
  995	    3	 20.2	 22.3	 15.3	  3.4	 60.8	 61.2	0	    0
	    0
	    0
	    0
	    0
 1000	    3	 21.8	 23.2	 15.9	  3.6	 19.8	 52.0	0	    0
	    0
	    0
	    0
	    0
	    0
	    0
	    0
	    0
	    0
	    0
	    0
	    0
	    0
 1014	    3	 20.6	 22.6	 15.6	  3.5	  8.4	 38.2	0	    0
	    0
 1016	    3	 24.4	 24.5	 16.8	  3.9	 53.5	 55.8	0	    0
	    0
	    0
	    0
 1020	    3	 19.6	 23.2	 16.4	  3.3	 53.3	 32.0	0	    0
	    0
	    0
	    0
	    0
 1025	    5	 25.8	 18.5	  9.2	  7.6	 40.0	 80.8	0	    0
	    0
	    0
	    0
	    0
	    0
	    0
 1032	    5	 29.5	 19.0	  9.4	  8.3	 69.7	 25.5	0	    0
	    0
	    0
 1035	    3	 18.4	 21.2	 14.6	  3.2	 19.0	 79.1	0	    0
	    0
	    0
	    0
	    0
	    0
 1041	    3	 19.0	 21.6	 14.9	  3.3	 97.2	  7.1	1	    0
	    0
	    0
	    0
	    0
	    0
	    0
	    0
	    0
	    0
 1051	    5	 28.5	 18.9	  9.4	  8.1	 33.7	 87.6	0	    0
	    0
	    0
	    0
	    0
	    0
	    0
	    0
	    0
	    0
	    0
	    0
	    0
	    0
	    0
	    0
	    0
 1068	    5	 23.2	 17.7	  8.8	  7.1	 77.9	 87.0	0	    0
	    0
	    0
 1071	    5	 25.4	 18.2	  9.0	  7.5	 23.7	  3.4	0	    0
	    0
	    0
 1074	    5	 29.5	 18.9	  9.4	  8.3	 89.1	 42.6	0	    0
 1075	    5	 32.7	 19.5	  9.7	  8.9	 40.2	 97.8	0	    0
	    0
	    0
 1078	    5	 28.4	 18.7	  9.3	  8.1	 60.6	 92.3	0	    0
	    0
	    0
	    0
	    0
	    0
	    0
	    0
	    0
	    0
	    0
	    0
	    0
	    0
	    0
	    0
	    0
 1095	    3	 22.7	 23.5	 16.1	  3.7	 13.9	 20.3	0	    0
	    0
	    0
	    0
 1099	    3	 21.2	 22.1	 14.9	  3.6	 97.3	 29.2	0	    0
	    0
	    0
	    0
	    0
	    0
	    0
 1106	    3	 19.3	 22.9	 16.1	  3.3	 17.8	 61.4	1	    0
	    0
	    0
 1109	    5	 31.2	 19.6	  9.8	  8.6	 38.4	 54.6	0	    0
	    0
	    0
	    0
	    0
	    0
	    0
	    0
	    0
 1118	    5	 30.8	 19.0	  9.4	  8.6	  4.2	 89.1	0	    0
	    0
	    0
	    0
	    0
	    0
	    0
 1125	    5	 27.8	 18.6	  9.2	  8.0	 68.7	 43.6	0	    0
	    0
	    0
	    0
	    0
	    0
	    0
	    0
	    0
	    0
	    0
	    0
	    0
 1138	    3	 23.3	 23.9	 16.4	  3.8	 27.6	  7.6	0	    0
	    0
	    0
	    0
	    0
	    0
	    0
	    0
	    0
	    0
 1148	    5	 24.9	 17.8	  8.8	  7.5	 17.3	 58.9	0	    0
	    0
 1150	    5	 25.0	 18.0	  8.9	  7.5	 58.1	 79.8	0	    0
	    0
	    0
	    0
 1154	    5	 31.5	 19.0	  9.4	  8.7	 55.6	 76.1	0	    0
	    0
	    0
	    0
	    0
	    0
	    0
	    0
	    0
	    0
	    0
	    0
	    0
	    0
 1168	    5	 26.2	 18.0	  8.9	  7.8	 15.5	 33.3	0	    0
 1169	    5	 23.6	 17.4	  8.6	  7.3	 78.9	 52.7	0	    0
	    0
	    0
	    0
 1173	    5	 26.0	 18.4	  9.1	  7.6	 40.7	 26.0	0	    0
 1174	    5	 25.9	 18.0	  8.9	  7.7	 59.7	  8.6	0	    0
	    0
	    0
	    0
	    0
	    0
	    0
	    0
	    0
	    0
	    0
	    0
	    0
	    0
	    0
 1189	    5	 23.1	 17.2	  8.5	  7.2	 24.7	 87.3	0	    0
	    0
	    0
 1192	    3	 25.8	 25.0	 17.1	  4.1	 40.1	 43.9	0	    0
	    0
	    0
	    0
	    0
	    0
	    0
	    0
	    0
	    0
	    0
	    0
	    0
	    0
	    0
	    0
 1208	    5	 25.9	 18.3	  9.1	  7.6	 38.8	 22.8	0	    0
	    0
	    0
	    0
	    0
	    0
	    0
	    0
	    0
	    0
	    0
	    0
	    0
	    0
	    0
	    0
	    0
	    0
	    0
	    0
	    0
	    0
	    0
	    0
	    0
	    0
 1234	    5	 30.6	 19.2	  9.5	  8.5	 63.9	  8.8	0	    0
 1235	    3	 24.3	 24.5	 16.8	  3.9	  1.4	 67.3	0	    0
	    0
	    0
	    0
	    0
	    0
 1241	    5	 30.3	 19.1	  9.5	  8.5	 58.9	 76.9	0	    0
	    0
	    0
	    0
	    0
	    0
	    0
	    0
	    0
	    0
	    0
	    0
	    0
	    0
	    0
	    0
 1257	    3	 21.4	 23.3	 16.1	  3.6	 78.6	  6.6	0	    0
 1258	    3	 22.2	 23.1	 15.7	  3.7	 48.3	 32.8	0	    0
	    0
	    0
	    0
	    0
	    0
 1264	    5	 25.9	 17.9	  8.9	  7.7	 28.1	 74.2	0	    0
	    0
	    0
	    0
 1268	    3	 19.2	 22.7	 16.0	  3.3	 25.5	 39.7	0	    0
	    0
	    0
 1271	    3	 22.2	 23.7	 16.4	  3.6	 37.5	 80.9	0	    0
	    0
	    0
 1274	    5	 29.7	 19.2	  9.5	  8.3	 58.3	 71.6	0	    0
	    0
	    0
 1277	    3	 19.6	 22.4	 15.6	  3.4	  5.4	 97.3	0	    0
	    0
	    0
	    0
	    0
	    0
	    0
 1284	    5	 27.2	 18.5	  9.2	  7.9	 42.8	 45.3	0	    0
	    0
	    0
	    0
 1288	    3	 18.7	 22.2	 15.6	  3.2	 26.8	 14.9	0	    0
	    0
	    0
	    0
 1292	    5	 26.2	 18.3	  9.1	  7.7	 36.2	 11.4	0	    0
	    0
	    0
	    0
	    0
	    0
	    0
	    0
	    0
	    0
	    0
	    0
	    0
	    0
	    0
	    0
	    0
 1309	    3	 19.3	 22.7	 16.0	  3.3	 16.5	 32.1	0	    0
	    0
	    0
	    0
	    0
	    0
	    0
	    0
	    0
	    0
	    0
	    0
	    0
	    0
	    0
	    0
	    0
 1326	    3	 21.1	 23.3	 16.2	  3.5	  5.3	 80.3	0	    0
 1327	    5	 28.0	 18.5	  9.2	  8.1	 12.6	 20.2	0	    0
	    0
	    0
 1330	    3	 22.6	 23.9	 16.5	  3.7	 83.3	 36.6	0	    0
	    0
 1332	    5	 28.1	 18.9	  9.4	  8.0	 65.6	 95.7	0	    0
	    0
	    0
	    0
	    0
	    0
	    0
	    0
	    0
	    0
	    0
 1343	    3	 20.5	 23.5	 16.5	  3.4	  2.9	 93.9	0	    0
	    0
	    0
	    0
	    0
	    0
	    0
	    0
 1351	    5	 30.7	 19.4	  9.6	  8.5	 59.1	 28.8	0	    0
	    0
 1353	    5	 23.7	 17.6	  8.7	  7.3	 41.5	 84.1	0	    0
	    0
	    0
	    0
	    0
	    0
	    0
	    0
	    0
	    0
	    0
	    0
	    0
	    0
	    0
	    0
 1369	    3	 23.1	 23.8	 16.3	  3.8	 15.1	 60.1	0	    0
	    0
	    0
	    0
	    0
 1374	    5	 27.6	 18.7	  9.3	  8.0	 62.7	 84.5	0	    0
	    0
	    0
	    0
	    0
	    0
	    0
 1381	    3	 19.7	 22.3	 15.4	  3.4	 43.5	 88.2	0	    0
	    0
	    0
	    0
	    0
	    0
	    0
	    0
	    0
	    0
	    0
	    0
	    0
	    0
	    0
	    0
	    0
	    0
	    0
	    0
 1401	    5	 31.5	 19.4	  9.6	  8.7	 89.5	 85.0	1	    0
	    0
 1403	    5	 24.1	 17.6	  8.7	  7.4	  4.7	 79.2	0	    0
	    0
 1405	    3	 20.3	 23.2	 16.3	  3.4	 81.6	 40.5	0	    0
	    0
	    0
	    0
	    0
	    0
	    0
	    0
	    0
	    0
	    0
	    0
	    0
	    0
	    0
	    0
	    0
	    0
	    0
	    0
	    0
	    0
	    0
	    0
	    0
	    0
	    0
	    0
	    0
	    0
	    0
	    0
	    0
	    0
	    0
	    0
	    0
	    0
	    0
	    0
	    0
	    0
	    0
	    0
 1449	    5	 30.3	 19.2	  9.5	  8.5	 32.2	 37.1	0	    0
	    0
	    0
	    0
	    0
	    0
	    0
	    0
	    0
	    0
	    0
	    0
	    0
 1462	    3	 24.3	 24.4	 16.7	  3.9	 55.7	 90.5	0	    0
	    0
 1464	    3	 20.0	 22.6	 15.7	  3.4	 22.9	 88.4	0	    0
	    0
	    0
	    0
	    0
	    0
	    0
 1471	    3	 18.4	 21.9	 15.3	  3.2	 65.2	 12.2	0	    0
	    0
	    0
 1474	    5	 29.0	 19.2	  9.5	  8.2	 70.8	 68.9	0	    0
	    0
	    0
	    0
	    0
	    0
 1480	    5	 30.5	 19.2	  9.5	  8.5	 26.3	 78.9	0	    0
 1481	    3	 21.1	 23.1	 16.0	  3.5	 69.7	 90.7	0	    0
	    0
	    0
	    0
	    0
	    0
	    0
 1488	    5	 26.7	 18.3	  9.0	  7.8	  5.1	 10.1	0	    0
	    0
	    0
	    0
 1492	    5	 27.1	 18.4	  9.1	  7.9	 71.6	 43.8	0	    0
	    0
	    0
	    0
 1496	    3	 22.2	 23.5	 16.1	  3.7	 33.6	 63.6	0	    0
	    0
	    0
	    0
	    0
	    0
 1502	    3	 22.3	 23.4	 16.0	  3.7	 81.4	 46.2	0	    0
	    0
	    0
	    0
	    0
 1507	    3	 24.2	 24.0	 16.3	  3.9	 80.5	 89.3	0	    0
	    0
	    0
	    0
	    0
	    0
	    0
	    0
	    0
	    0
 1517	    5	 27.3	 18.3	  9.1	  7.9	 99.8	 99.8	0	    0
	    0
	    0
	    0
	    0
 1522	    5	 31.1	 19.0	  9.5	  8.6	 22.4	 23.3	1	    0
	    0
	    0
	    0
	    0
 1527	    3	 18.8	 22.2	 15.5	  3.2	 73.9	 82.2	0	    0
	    0
	    0
	    0
	    0
	    0
	    0
	    0
	    0
 1536	    3	 22.7	 24.0	 16.6	  3.7	 71.8	  5.0	0	    0
	    0
	    0
	    0
	    0
 1541	    5	 31.3	 19.2	  9.6	  8.7	 40.7	 89.7	0	    0
	    0
	    0
	    0
	    0
	    0
	    0
	    0
	    0
	    0
	    0
	    0
	    0
	    0
	    0
	    0
 1557	    5	 27.6	 18.4	  9.1	  8.0	 36.2	 98.5	0	    0
	    0
	    0
	    0
	    0
 1562	    5	 26.9	 18.9	  9.4	  7.8	  6.4	 42.7	0	    0
	    0
	    0
	    0
	    0
	    0
	    0
	    0
	    0
	    0
	    0
	    0
	    0
	    0
 1576	    5	 26.2	 18.1	  9.0	  7.7	 96.1	 70.1	0	    0
	    0
	    0
	    0
	    0
	    0
	    0
	    0
	    0
	    0
 1586	    5	 27.2	 18.5	  9.2	  7.9	 21.3	 94.8	0	    0
	    0
	    0
	    0
	    0
	    0
	    0
	    0
	    0
	    0
	    0
	    0
	    0
	    0
	    0
	    0
	    0
	    0
	    0
	    0
	    0
 1607	    3	 22.3	 23.4	 16.0	  3.7	 72.5	 67.3	1	    0
	    0
	    0
	    0
	    0
	    0
	    0
	    0
	    0
 1616	    5	 27.5	 18.8	  9.3	  7.9	 42.8	 70.7	0	    0
	    0
	    0
 1619	    3	 22.9	 24.1	 16.6	  3.7	  3.0	  1.5	0	    0
	    0
	    0
	    0
	    0
	    0
	    0
	    0
	    0
	    0
	    0
	    0
 1631	    5	 28.0	 18.7	  9.3	  8.0	 21.9	 70.1	0	    0
	    0
 1633	    5	 29.5	 18.7	  9.3	  8.4	 45.2	 95.1	0	    0
	    0
	    0
	    0
 1637	    5	 22.9	 17.3	  8.6	  7.1	 55.6	 36.9	0	    0
	    0
	    0
	    0
	    0
	    0
 1643	    3	 21.2	 22.9	 15.8	  3.5	 91.7	 58.1	1	    0
	    0
 1645	    5	 27.4	 18.3	  9.0	  8.0	 74.8	 34.7	0	    0
	    0
	    0
	    0
	    0
 1650	    3	 22.3	 23.0	 15.7	  3.7	 14.8	 13.8	0	    0
	    0
 1652	    5	 29.3	 18.9	  9.4	  8.3	 48.1	 19.1	0	    0
	    0
	    0
	    0
	    0
	    0
	    0
	    0
	    0
	    0
	    0
 1663	    3	 23.2	 24.2	 16.7	  3.7	 68.1	 71.0	0	    0
	    0
 1665	    3	 24.6	 24.5	 16.8	  3.9	 74.8	 25.9	0	    0
	    0
	    0
	    0
	    0
	    0
 1671	    5	 25.8	 18.1	  9.0	  7.6	 56.0	 49.8	0	    0
	    0
 1673	    5	 28.7	 18.6	  9.2	  8.2	 23.0	 11.5	0	    0
	    0
	    0
	    0
	    0
	    0
	    0
	    0
	    0
	    0
	    0
	    0
 1685	    5	 26.4	 18.5	  9.2	  7.7	 28.8	 24.8	0	    0
	    0
	    0
	    0
	    0
	    0
	    0
	    0
	    0
	    0
 1695	    3	 22.5	 22.6	 15.2	  3.7	 27.8	 53.9	0	    0
 1696	    3	 23.4	 23.9	 16.4	  3.8	 57.6	  3.0	0	    0
	    0
 1698	    5	 25.6	 18.2	  9.0	  7.6	  9.5	 20.7	0	    0
	    0
	    0
	    0
 1702	    5	 29.3	 18.6	  9.2	  8.3	 42.8	 65.1	0	    0
	    0
	    0
 1705	    5	 26.7	 18.3	  9.1	  7.8	 64.4	  2.6	0	    0
 1706	    5	 22.8	 17.4	  8.6	  7.1	 83.1	 93.5	0	    0
	    0
	    0
	    0
	    0
	    0
	    0
	    0
	    0
	    0
	    0
	    0
	    0
	    0
	    0
 1721	    5	 27.1	 18.5	  9.2	  7.9	 52.0	 14.7	0	    0
	    0
	    0
 1724	    3	 20.2	 22.6	 15.6	  3.4	 19.9	 91.8	0	    0
 1725	    3	 19.1	 22.0	 15.3	  3.3	 69.7	 88.6	1	    0
	    0
	    0
	    0
	    0
	    0
	    0
	    0
	    0
	    0
	    0
	    0
 1737	    3	 23.5	 24.1	 16.5	  3.8	 66.7	 52.6	0	    0
 1738	    5	 27.9	 18.2	  9.0	  8.1	 67.8	  7.7	0	    0
	    0
	    0
	    0
	    0
 1743	    5	 26.5	 18.5	  9.2	  7.8	 72.5	  2.0	0	    0
	    0
	    0
 1746	    3	 18.2	 21.8	 15.3	  3.2	 23.5	  5.7	1	    0
	    0
	    0
	    0
	    0
	    0
 1752	    5	 26.8	 18.4	  9.1	  7.8	 96.2	 33.3	0	    0
	    0
	    0
	    0
	    0
	    0
	    0
	    0
	    0
	    0
	    0
 1763	    5	 29.7	 18.7	  9.3	  8.4	 91.3	 99.3	0	    0
	    0
	    0
	    0
	    0
	    0
	    0
	    0
	    0
	    0
	    0
	    0
	    0
	    0
 1777	    3	 23.1	 24.2	 16.7	  3.7	 65.0	 56.2	0	    0
	    0
 1779	    5	 25.8	 17.7	  8.7	  7.7	 19.7	 20.8	0	    0
	    0
	    0
 1782	    5	 30.8	 19.3	  9.6	  8.5	 78.7	 59.3	0	    0
	    0
	    0
	    0
	    0
	    0
 1788	    3	 20.1	 23.1	 16.2	  3.4	 52.8	 30.9	0	    0
	    0
	    0
	    0
	    0
	    0
	    0
	    0
	    0
	    0
	    0
 1799	    3	 22.2	 23.7	 16.3	  3.6	 31.4	 18.9	0	    0
	    0
	    0
	    0
	    0
 1804	    3	 19.8	 21.6	 14.7	  3.4	 40.0	 29.4	0	    0
	    0
 1806	    3	 21.9	 23.3	 16.0	  3.6	 67.7	  9.0	0	    0
	    0
	    0
	    0
 1810	    5	 26.5	 18.6	  9.2	  7.7	 21.7	 89.6	0	    0
	    0
	    0
	    0
	    0
	    0
	    0
 1817	    5	 22.9	 17.6	  8.7	  7.1	 11.3	 44.1	0	    0
	    0
	    0
	    0
	    0
 1822	    5	 25.6	 18.1	  9.0	  7.6	 11.9	 56.3	0	    0
 1823	    5	 26.3	 18.3	  9.0	  7.7	 18.2	 74.4	0	    0
	    0
 1825	    3	 18.4	 22.3	 15.8	  3.2	 75.3	 89.0	1	    0
	    0
	    0
	    0
	    0
	    0
 1831	    5	 27.6	 18.6	  9.2	  8.0	 42.7	  8.1	0	    0
	    0
	    0
	    0
 1835	    5	 31.4	 19.3	  9.6	  8.7	 81.7	 55.0	0	    0
	    0
	    0
	    0
 1839	    3	 20.9	 22.5	 15.4	  3.5	 51.0	  4.4	0	    0
	    0
 1841	    5	 24.5	 17.8	  8.8	  7.4	  5.2	 36.9	0	    0
	    0
	    0
 1844	    5	 28.1	 18.6	  9.2	  8.1	 57.3	 68.1	0	    0
	    0
	    0
	    0
	    0
 1849	    5	 27.7	 18.4	  9.1	  8.0	  7.5	 47.1	0	    0
	    0
	    0
	    0
	    0
 1854	    3	 23.8	 24.2	 16.6	  3.8	 70.9	  8.5	0	    0
	    0
 1856	    5	 26.8	 18.3	  9.1	  7.8	 13.5	 22.3	0	    0
	    0
	    0
	    0
	    0
	    0
 1862	    5	 31.4	 19.3	  9.6	  8.7	 50.5	 32.3	0	    0
	    0
	    0
	    0
	    0
 1867	    3	 24.2	 24.5	 16.8	  3.9	 50.0	 85.0	0	    0
 1868	    3	 18.9	 21.9	 15.2	  3.3	 41.9	 33.4	0	    0
	    0
	    0
	    0
 1872	    3	 22.8	 23.4	 16.0	  3.7	 62.3	 34.7	0	    0
	    0
	    0
	    0
	    0
	    0
	    0
	    0
	    0
	    0
	    0
	    0
	    0
	    0
	    0
	    0
	    0
	    0
	    0
	    0
	    0
	    0
	    0
 1895	    5	 26.9	 18.1	  9.0	  7.9	 45.2	 97.5	0	    0
	    0
	    0
	    0
	    0
	    0
	    0
	    0
	    0
	    0
	    0
	    0
	    0
 1908	    3	 25.2	 24.7	 16.9	  4.0	 72.9	 39.8	0	    0
 1909	    5	 31.0	 19.6	  9.7	  8.5	 65.7	 79.2	0	    0
	    0
	    0
	    0
	    0
	    0
 1915	    5	 29.8	 19.0	  9.4	  8.4	 27.3	 91.3	0	    0
	    0
 1917	    5	 28.4	 18.6	  9.2	  8.1	 17.2	 15.3	1	    0
	    0
	    0
 1920	    5	 29.0	 19.0	  9.4	  8.2	 34.8	 51.0	0	    0
	    0
	    0
	    0
	    0
	    0
	    0
 1927	    3	 23.1	 23.5	 16.0	  3.8	 44.5	 71.9	0	    0
	    0
	    0
	    0
	    0
	    0
	    0
	    0
 1935	    5	 26.6	 18.1	  9.0	  7.8	 71.0	 40.2	0	    0
 1936	    3	 19.2	 22.0	 15.3	  3.3	 82.0	  5.8	0	    0
	    0
	    0
	    0
	    0
	    0
	    0
	    0
	    0
	    0
	    0
 1947	    3	 22.8	 23.6	 16.1	  3.7	 39.2	 92.1	0	    0
	    0
	    0
	    0
 1951	    5	 32.1	 19.2	  9.5	  8.8	 91.7	 96.1	0	    0
	    0
	    0
	    0
	    0
 1956	    5	 28.4	 19.1	  9.5	  8.0	  4.5	 44.7	0	    0
 1957	    5	 30.9	 18.6	  9.2	  8.7	 92.8	 63.4	0	    0
 1958	    3	 18.2	 22.0	 15.5	  3.2	 61.6	 53.1	0	    0
	    0
	    0
	    0
	    0
	    0
	    0
 1965	    3	 17.1	 21.8	 15.7	  3.0	  9.7	  5.4	0	    0
	    0
 1967	    5	 25.8	 18.5	  9.2	  7.6	  2.5	 90.2	0	    0
	    0
	    0
	    0
	    0
	    0
	    0
	    0
	    0
	    0
 1977	    5	 27.5	 18.5	  9.2	  8.0	 76.5	 17.4	0	    0
	    0
	    0
	    0
	    0
	    0
 1983	    5	 21.6	 17.0	  8.4	  6.9	  9.5	  0.4	0	    0
	    0
	    0
	    0
	    0
 1988	    5	 29.7	 18.6	  9.2	  8.4	 12.6	 66.2	0	    0
 1989	    5	 28.1	 18.6	  9.2	  8.1	 74.9	 75.3	0	    0
	    0
	    0
	    0
	    0
	    0
	    0
	    0
	    0
	    0
	    0
	    0
	    0
	    0
	    0
	    0
	    0
	    0
	    0
	    0
 2009	    3	 20.7	 22.6	 15.5	  3.5	 39.0	 13.1	1	    0
	    0
 2011	    5	 28.5	 18.4	  9.1	  8.2	 89.4	 89.7	0	    0
	    0
	    0
	    0
	    0
	    0
	    0
	    0
	    0
	    0
	    0
 2022	    5	 30.2	 18.9	  9.4	  8.5	 95.3	 55.4	0	    0
	    0
	    0
 2025	    5	 27.9	 18.6	  9.2	  8.0	 28.6	 85.0	0	    0
	    0
	    0
	    0
	    0
	    0
	    0
	    0
	    0
	    0
	    0
	    0
	    0
	    0
	    0
 2040	    3	 21.1	 22.9	 15.8	  3.5	 53.1	 23.0	0	    0
	    0
	    0
	    0
	    0
	    0
	    0
	    0
	    0
	    0
	    0
	    0
	    0
	    0
	    0
	    0
	    0
	    0
 2058	    3	 18.3	 22.4	 15.9	  3.2	 97.4	 87.8	0	    0
	    0
 2060	    5	 27.9	 18.7	  9.3	  8.0	 40.3	 28.1	0	    0
	    0
 2062	    5	 28.6	 18.8	  9.3	  8.2	 50.4	  3.2	0	    0
	    0
	    0
	    0
	    0
	    0
	    0
	    0
	    0
	    0
	    0
	    0
 2074	    3	 22.8	 23.9	 16.5	  3.7	 20.1	 96.6	0	    0
	    0
	    0
 2077	    3	 25.2	 24.7	 16.9	  4.0	 46.7	 70.7	1	    0
	    0
	    0
 2080	    5	 25.2	 17.9	  8.9	  7.6	  0.4	 35.3	0	    0
 2081	    3	 23.5	 23.6	 16.0	  3.8	  5.2	 81.8	0	    0
	    0
	    0
	    0
	    0
	    0
	    0
	    0
	    0
	    0
	    0
	    0
	    0
	    0
 2095	    3	 21.1	 23.6	 16.5	  3.5	 16.9	 80.1	0	    0
	    0
	    0
	    0
	    0
	    0
	    0
	    0
 2103	    3	 20.6	 22.9	 15.8	  3.5	 26.4	 70.8	1	    0
 2104	    5	 23.8	 17.8	  8.8	  7.2	 69.9	 65.2	0	    0
 2105	    3	 21.0	 23.5	 16.4	  3.5	 19.9	  7.7	0	    0
	    0
	    0
	    0
	    0
 2110	    5	 31.1	 19.3	  9.6	  8.6	 85.3	 29.6	0	    0
 2111	    5	 29.7	 19.1	  9.5	  8.3	 88.6	 57.0	0	    0
	    0
	    0
	    0
	    0
	    0
	    0
 2118	    5	 27.4	 18.5	  9.2	  7.9	 63.8	 36.7	0	    0
	    0
	    0
	    0
	    0
	    0
 2124	    5	 27.3	 18.5	  9.2	  7.9	 97.0	  9.0	0	    0
	    0
 2126	    5	 26.6	 18.2	  9.0	  7.8	 51.6	 56.6	0	    0
	    0
	    0
 2129	    5	 27.0	 18.5	  9.2	  7.9	 38.6	 51.1	0	    0
	    0
	    0
	    0
	    0
	    0
	    0
	    0
	    0
	    0
	    0
	    0
 2141	    5	 27.5	 18.3	  9.1	  8.0	 80.2	 45.9	0	    0
	    0
	    0
	    0
	    0
	    0
	    0
 2148	    5	 26.5	 18.0	  8.9	  7.8	 60.6	 10.1	0	    0
	    0
 2150	    3	 19.5	 23.1	 16.4	  3.3	 59.6	 88.9	0	    0
	    0
	    0
	    0
	    0
 2155	    5	 25.8	 17.9	  8.9	  7.7	 38.9	  1.9	0	    0
	    0
	    0
	    0
	    0
 2160	    3	 22.1	 23.9	 16.5	  3.6	 10.0	 98.4	0	    0
	    0
	    0
	    0
	    0
	    0
	    0
	    0
	    0
	    0
	    0
	    0
	    0
	    0
	    0
	    0
	    0
	    0
	    0
	    0
 2180	    5	 26.9	 18.5	  9.1	  7.8	 40.1	 37.6	0	    0
 2181	    3	 23.8	 24.2	 16.5	  3.8	 49.3	 56.5	0	    0
	    0
	    0
	    0
	    0
	    0
	    0
	    0
	    0
	    0
	    0
	    0
	    0
	    0
	    0
	    0
 2197	    5	 24.5	 17.7	  8.8	  7.4	 34.1	 37.6	0	    0
	    0
	    0
 2200	    5	 26.3	 18.5	  9.2	  7.7	 55.8	  7.3	0	    0
	    0
	    0
	    0
	    0
	    0
	    0
	    0
	    0
	    0
	    0
	    0
	    0
	    0
	    0
	    0
 2216	    3	 18.4	 21.4	 14.8	  3.2	 77.5	 93.7	0	    0
	    0
	    0
	    0
 2220	    5	 25.6	 18.5	  9.2	  7.5	 13.4	 43.9	0	    0
	    0
	    0
	    0
	    0
 2225	    3	 20.3	 22.2	 15.2	  3.5	 26.7	 67.7	0	    0
 2226	    5	 34.0	 19.8	  9.9	  9.1	  5.8	 57.1	0	    0
 2227	    3	 23.3	 23.8	 16.3	  3.8	 41.5	 96.2	0	    0
	    0
	    0
	    0
	    0
	    0
	    0
	    0
	    0
	    0
	    0
	    0
	    0
	    0
	    0
 2242	    5	 28.1	 18.6	  9.2	  8.1	 29.0	 99.3	0	    0
	    0
	    0
	    0
	    0
	    0
	    0
	    0
 2250	    3	 23.3	 24.2	 16.6	  3.8	 83.1	 11.2	0	    0
	    0
	    0
	    0
	    0
	    0
	    0
	    0
	    0
	    0
	    0
	    0
	    0
	    0
	    0
	    0
	    0
	    0
	    0
	    0
 2270	    3	 19.8	 22.9	 16.0	  3.4	 53.6	 73.3	0	    0
	    0
	    0
	    0
	    0
	    0
	    0
 2277	    3	 21.3	 23.1	 16.0	  3.5	 51.1	 67.4	0	    0
	    0
	    0
	    0
	    0
 2282	    5	 25.3	 18.2	  9.0	  7.5	 70.3	 27.5	0	    0
 2283	    5	 27.0	 18.4	  9.1	  7.9	 69.2	 14.6	0	    0
	    0
	    0
	    0
	    0
	    0
	    0
	    0
	    0
 2292	    3	 23.7	 24.3	 16.7	  3.8	 55.7	 22.3	0	    0
	    0
	    0
	    0
	    0
	    0
	    0
	    0
 2300	    3	 21.4	 23.1	 15.9	  3.6	 56.4	 52.5	0	    0
	    0
	    0
	    0
	    0
	    0
	    0
	    0
	    0
	    0
	    0
	    0
	    0
	    0
	    0
	    0
	    0
	    0
	    0
	    0
	    0
	    0
	    0
	    0
	    0
	    0
	    0
	    0
	    0
	    0
 2330	    3	 21.7	 23.4	 16.2	  3.6	 77.7	 90.8	0	    0
	    0
	    0
	    0
	    0
	    0
	    0
 2337	    3	 20.4	 22.6	 15.6	  3.5	 22.9	 86.5	0	    0
	    0
	    0
	    0
	    0
 2342	    5	 28.9	 18.9	  9.4	  8.2	 58.5	 53.2	0	    0
	    0
	    0
	    0
 2346	    5	 32.3	 19.5	  9.7	  8.8	 28.3	 66.4	0	    0
	    0
	    0
	    0
	    0
	    0
	    0
	    0
	    0
	    0
	    0
 2357	    5	 30.9	 19.3	  9.6	  8.6	 84.9	 33.0	0	    0
 2358	    5	 25.2	 18.1	  8.9	  7.5	 96.7	 80.9	1	    0
	    0
	    0
	    0
	    0
	    0
	    0
	    0
 2366	    5	 26.0	 18.0	  8.9	  7.7	 47.7	  7.1	1	    0
	    0
 2368	    3	 24.4	 24.4	 16.7	  3.9	 71.9	 90.8	0	    0
	    0
 2370	    5	 27.4	 18.2	  9.0	  8.0	 87.9	 79.1	0	    0
 2371	    3	 20.2	 21.9	 15.0	  3.5	 80.7	  9.8	0	    0
	    0
	    0
	    0
 2375	    3	 18.9	 22.3	 15.7	  3.3	  2.5	 50.0	0	    0
	    0
	    0
	    0
	    0
	    0
	    0
 2382	    5	 27.0	 18.7	  9.3	  7.8	 40.9	 50.6	0	    0
 2383	    5	 28.6	 18.5	  9.2	  8.2	 90.7	 65.4	0	    0
	    0
	    0
 2386	    5	 29.5	 19.2	  9.5	  8.3	 61.4	 50.5	0	    0
	    0
	    0
	    0
	    0
	    0
	    0
 2393	    5	 26.6	 18.6	  9.2	  7.8	 14.1	  0.7	0	    0
	    0
	    0
	    0
 2397	    3	 21.0	 22.4	 15.2	  3.6	 69.6	 81.3	0	    0
	    0
	    0
	    0
	    0
	    0
	    0
	    0
	    0
	    0
 2407	    5	 25.6	 18.1	  9.0	  7.6	 38.3	 64.6	0	    0
	    0
	    0
	    0
	    0
	    0
	    0
	    0
	    0
	    0
	    0
 2418	    5	 30.4	 18.9	  9.4	  8.5	 74.0	 15.0	0	    0
	    0
 2420	    5	 28.4	 18.8	  9.3	  8.1	 33.7	 41.4	0	    0
	    0
	    0
	    0
	    0
	    0
	    0
	    0
	    0
 2429	    3	 20.9	 22.8	 15.7	  3.5	 16.7	 96.8	0	    0
 2430	    3	 21.8	 23.6	 16.3	  3.6	 43.0	 98.3	0	    0
	    0
	    0
	    0
	    0
	    0
	    0
	    0
 2438	    3	 20.5	 23.5	 16.5	  3.4	 74.8	 67.6	1	    0
	    0
	    0
	    0
 2442	    3	 20.7	 23.1	 16.0	  3.5	 99.2	 49.6	0	    0
	    0
	    0
	    0
	    0
	    0
 2448	    5	 26.4	 18.4	  9.1	  7.7	 14.2	 16.2	0	    0
	    0
	    0
	    0
	    0
	    0
	    0
	    0
	    0
	    0
	    0
	    0
	    0
	    0
	    0
	    0
	    0
	    0
	    0
	    0
	    0
 2469	    3	 21.1	 23.4	 16.3	  3.5	 74.5	 39.5	0	    0
	    0
	    0
	    0
	    0
	    0
	    0
	    0
	    0
	    0
	    0
	    0
	    0
	    0
	    0
	    0
	    0
	    0
	    0
	    0
	    0
	    0
	    0
	    0
 2493	    5	 25.9	 18.1	  9.0	  7.7	 64.7	 10.9	0	    0
	    0
	    0
 2496	    5	 27.6	 18.4	  9.1	  8.0	 96.1	 59.9	0	    0
	    0
 2498	    3	 18.1	 23.0	 16.6	  3.1	 97.6	 36.9	0	    0
	    0
	    0
	    0
	    0
	    0
 2504	    3	 21.4	 23.1	 15.9	  3.6	 49.2	  6.8	0	    0
	    0
	    0
 2507	    5	 24.6	 17.7	  8.8	  7.4	  3.9	 80.9	0	    0
 2508	    3	 21.5	 23.4	 16.2	  3.6	 77.1	 56.2	0	    0
	    0
	    0
	    0
	    0
	    0
 2514	    5	 27.8	 18.5	  9.2	  8.0	 85.2	 61.7	0	    0
	    0
	    0
	    0
 2518	    5	 27.9	 18.5	  9.2	  8.0	 20.1	 14.2	0	    0
	    0
	    0
	    0
	    0
	    0
	    0
	    0
 2526	    5	 29.2	 19.4	  9.6	  8.2	 56.4	 61.3	0	    0
	    0
	    0
	    0
	    0
 2531	    3	 21.0	 23.2	 16.1	  3.5	 93.0	 28.3	0	    0
	    0
	    0
	    0
	    0
	    0
	    0
 2538	    5	 27.5	 18.5	  9.2	  8.0	  6.5	 75.6	0	    0
	    0
	    0
	    0
 2542	    5	 28.2	 18.9	  9.4	  8.0	  4.5	 18.6	0	    0
	    0
	    0
	    0
	    0
	    0
	    0
	    0
	    0
	    0
	    0
	    0
	    0
	    0
	    0
	    0
	    0
	    0
	    0
	    0
	    0
	    0
	    0
	    0
 2566	    3	 23.3	 24.0	 16.4	  3.8	 61.4	 45.3	0	    0
	    0
	    0
 2569	    3	 24.1	 24.4	 16.8	  3.9	 55.0	 71.0	0	    0
	    0
	    0
	    0
	    0
	    0
	    0
	    0
	    0
	    0
	    0
	    0
	    0
	    0
 2583	    5	 27.3	 18.4	  9.1	  7.9	 81.4	 82.0	0	    0
	    0
	    0
 2586	    5	 30.4	 19.2	  9.6	  8.5	 73.1	 71.1	0	    0
	    0
	    0
	    0
	    0
	    0
 2592	    5	 26.4	 18.0	  8.9	  7.8	 58.1	 45.0	0	    0
	    0
	    0
	    0
	    0
 2597	    5	 25.4	 18.0	  8.9	  7.6	 32.6	 75.1	0	    0
	    0
 2599	    5	 27.8	 18.3	  9.1	  8.1	 28.9	 44.5	1	    0
	    0
	    0
	    0
	    0
	    0
	    0
	    0
	    0
	    0
	    0
	    0
	    0
	    0
	    0
	    0
	    0
 2616	    5	 27.9	 18.9	  9.4	  8.0	 62.2	 24.2	0	    0
	    0
	    0
 2619	    5	 27.2	 18.1	  8.9	  8.0	 85.0	  9.7	0	    0
	    0
	    0
 2622	    3	 19.7	 21.7	 14.8	  3.4	 73.9	 27.8	0	    0
	    0
	    0
	    0
	    0
	    0
	    0
	    0
	    0
	    0
	    0
 2633	    3	 21.3	 22.8	 15.6	  3.6	 49.4	 35.2	0	    0
	    0
	    0
 2636	    5	 28.0	 18.6	  9.2	  8.1	  2.7	  4.0	0	    0
 2637	    5	 28.7	 18.8	  9.3	  8.2	 92.5	 59.1	0	    0
	    0
	    0
	    0
	    0
	    0
	    0
	    0
	    0
	    0
	    0
	    0
	    0
	    0
	    0
 2652	    5	 23.8	 17.7	  8.8	  7.3	 19.3	 68.1	0	    0
	    0
	    0
	    0
	    0
	    0
	    0
	    0
	    0
	    0
	    0
	    0
 2664	    3	 21.6	 22.9	 15.7	  3.6	 79.5	 72.2	0	    0
	    0
 2666	    3	 21.6	 23.0	 15.7	  3.6	 26.4	 16.3	0	    0
	    0
	    0
	    0
	    0
	    0
	    0
	    0
	    0
	    0
	    0
	    0
	    0
 2679	    3	 21.6	 23.5	 16.3	  3.6	 17.1	 78.1	1	    0
 2680	    3	 20.6	 22.4	 15.4	  3.5	  4.0	  8.0	0	    0
	    0
	    0
	    0
 2684	    3	 18.9	 22.4	 15.8	  3.2	 76.9	 36.8	0	    0
 2685	    3	 20.8	 22.1	 15.0	  3.5	 36.2	 87.8	1	    0
	    0
	    0
 2688	    5	 27.5	 18.7	  9.3	  7.9	 35.1	 10.8	0	    0
	    0
	    0
	    0
	    0
	    0
	    0
	    0
	    0
 2697	    5	 25.2	 18.2	  9.0	  7.5	 29.9	 96.7	0	    0
	    0
	    0
	    0
	    0
	    0
	    0
	    0
	    0
 2706	    5	 27.6	 18.3	  9.1	  8.0	 56.7	 85.4	0	    0
	    0
 2708	    5	 30.9	 19.2	  9.5	  8.6	 88.5	 38.4	0	    0
	    0
	    0
	    0
	    0
 2713	    5	 32.0	 19.4	  9.6	  8.8	 40.0	 12.0	0	    0
 2714	    5	 31.0	 19.2	  9.6	  8.6	 33.9	 53.3	0	    0
	    0
	    0
	    0
	    0
	    0
	    0
	    0
	    0
 2723	    5	 32.8	 19.3	  9.6	  8.9	 76.4	 31.7	0	    0
 2724	    5	 27.9	 18.9	  9.4	  8.0	 77.2	 46.3	0	    0
	    0
	    0
	    0
	    0
	    0
	    0
	    0
	    0
	    0
	    0
	    0
 2736	    3	 19.8	 22.8	 15.9	  3.4	 24.7	 65.3	0	    0
	    0
	    0
	    0
	    0
	    0
	    0
	    0
	    0
	    0
	    0
	    0
	    0
	    0
	    0
	    0
	    0
	    0
	    0
	    0
	    0
	    0
	    0
	    0
	    0
 2761	    3	 23.3	 24.2	 16.7	  3.8	 77.4	 94.7	0	    0
	    0
 2763	    5	 26.5	 18.6	  9.2	  7.7	 32.0	 27.2	0	    0
 2764	    3	 18.8	 22.4	 15.8	  3.2	 27.9	 48.3	0	    0
 2765	    3	 20.6	 22.8	 15.7	  3.5	 78.8	 26.0	0	    0
	    0
	    0
	    0
	    0
	    0
	    0
	    0
	    0
	    0
	    0
	    0
	    0
	    0
	    0
	    0
	    0
	    0
	    0
	    0
	    0
	    0
	    0
	    0
	    0
	    0
	    0
	    0
	    0
	    0
	    0
	    0
	    0
	    0
	    0
 2800	    5	 29.0	 18.9	  9.4	  8.2	 56.3	 36.4	0	    0
	    0
	    0
	    0
	    0
	    0
	    0
	    0
	    0
	    0
	    0
 2811	    5	 27.2	 17.8	  8.8	  8.0	 78.0	 24.8	0	    0
	    0
	    0
	    0
 2815	    3	 17.2	 21.9	 15.7	  3.0	 83.1	 19.8	0	    0
 2816	    5	 27.8	 18.4	  9.1	  8.0	 17.7	 88.0	0	    0
	    0
	    0
 2819	    3	 20.9	 23.4	 16.4	  3.5	 78.0	 76.4	0	    0
	    0
	    0
	    0
	    0
	    0
	    0
	    0
	    0
	    0
	    0
	    0
	    0
 2832	    5	 30.3	 19.3	  9.6	  8.4	 47.2	 31.5	0	    0
	    0
 2834	    5	 29.1	 18.8	  9.3	  8.3	 95.2	 23.1	0	    0
	    0
	    0
	    0
 2838	    5	 27.4	 18.1	  9.0	  8.0	 17.5	 82.4	0	    0
	    0
 2840	    5	 27.4	 18.5	  9.2	  7.9	 20.0	 11.0	0	    0
	    0
	    0
	    0
	    0
 2845	    5	 27.5	 17.9	  8.8	  8.1	 88.4	 16.1	0	    0
	    0
	    0
	    0
	    0
 2850	    5	 27.1	 18.5	  9.2	  7.9	 23.6	 55.8	0	    0
	    0
	    0
	    0
	    0
 2855	    5	 28.5	 18.9	  9.4	  8.1	 60.5	 71.6	0	    0
	    0
	    0
	    0
	    0
	    0
	    0
 2862	    5	 27.6	 18.7	  9.3	  8.0	  7.3	 45.2	0	    0
	    0
	    0
	    0
 2866	    5	 29.0	 18.7	  9.3	  8.3	 78.6	 34.0	0	    0
	    0
	    0
	    0
	    0
	    0
	    0
	    0
	    0
	    0
	    0
 2877	    5	 30.9	 19.3	  9.6	  8.6	 14.8	  6.3	0	    0
	    0
	    0
	    0
	    0
	    0
	    0
	    0
	    0
	    0
	    0
	    0
	    0
	    0
	    0
	    0
 2893	    5	 23.5	 17.4	  8.6	  7.2	 80.1	 68.4	0	    0
	    0
 2895	    5	 25.9	 18.4	  9.1	  7.6	 15.9	 57.0	0	    0
	    0
	    0
	    0
	    0
	    0
	    0
	    0
	    0
	    0
	    0
	    0
	    0
	    0
 2909	    5	 24.7	 18.1	  9.0	  7.4	  8.1	 70.4	0	    0
	    0
	    0
	    0
	    0
 2914	    5	 26.9	 17.7	  8.8	  8.0	 21.5	  4.0	0	    0
	    0
	    0
	    0
	    0
	    0
 2920	    5	 26.9	 18.5	  9.2	  7.8	 32.7	 43.7	0	    0
	    0
	    0
	    0
	    0
	    0
	    0
	    0
	    0
	    0
 2930	    3	 22.5	 23.5	 16.1	  3.7	 54.6	 89.1	1	    0
	    0
	    0
	    0
	    0
	    0
	    0
	    0
	    0
 2939	    3	 21.9	 23.7	 16.4	  3.6	 55.8	 51.8	1	    0
	    0
	    0
	    0
	    0
	    0
 2945	    5	 30.9	 19.3	  9.6	  8.6	 31.9	 79.4	0	    0
	    0
	    0
	    0
	    0
 2950	    5	 30.6	 18.8	  9.4	  8.6	 77.5	 66.5	0	    0
	    0
	    0
	    0
 2954	    3	 22.6	 23.0	 15.6	  3.7	 82.4	 76.3	0	    0
	    0
	    0
	    0
	    0
	    0
	    0
	    0
	    0
	    0
	    0
	    0
 2966	    5	 31.8	 19.5	  9.7	  8.7	 48.5	 70.3	0	    0
	    0
 2968	    5	 26.7	 18.4	  9.1	  7.8	  2.8	 16.0	0	    0
	    0
	    0
	    0
	    0
	    0
	    0
 2975	    3	 22.0	 23.5	 16.2	  3.6	 78.7	  0.0	0	    0
	    0
	    0
	    0
 2979	    3	 19.7	 22.8	 16.0	  3.3	 25.0	 47.8	0	    0
	    0
	    0
	    0
	    0
	    0
	    0
	    0
	    0
	    0
	    0
	    0
	    0
	    0
 2993	    5	 25.9	 18.4	  9.1	  7.6	 54.0	 39.8	0	    0
	    0
	    0
	    0
	    0
	    0
	    0
	    0
 3001	    5	 27.6	 18.6	  9.2	  8.0	  5.5	 62.5	0	    0
	    0
 3003	    3	 21.0	 22.5	 15.4	  3.5	 52.3	 69.8	0	    0
	    0
	    0
	    0
	    0
	    0
	    0
	    0
 3011	    3	 18.5	 21.8	 15.3	  3.2	 88.7	 62.7	0	    0
	    0
 3013	    3	 23.6	 24.4	 16.8	  3.8	 17.3	 79.9	0	    0
 3014	    3	 21.4	 23.7	 16.5	  3.5	 67.2	 52.6	0	    0
	    0
	    0
	    0
	    0
	    0
	    0
	    0
 3022	    3	 18.3	 21.8	 15.3	  3.2	 79.3	 14.6	0	    0
	    0
	    0
	    0
	    0
	    0
	    0
	    0
	    0
	    0
	    0
	    0
	    0
	    0
	    0
	    0
	    0
	    0
	    0
 3041	    5	 27.9	 19.0	  9.5	  8.0	 44.2	  2.1	0	    0
	    0
	    0
	    0
	    0
	    0
	    0
	    0
	    0
	    0
 3051	    5	 28.4	 18.7	  9.3	  8.1	 75.7	 77.9	0	    0
	    0
	    0
	    0
	    0
	    0
	    0
	    0
	    0
	    0
	    0
	    0
	    0
	    0
	    0
	    0
	    0
	    0
	    0
	    0
	    0
	    0
	    0
 3074	    5	 29.1	 19.0	  9.4	  8.2	 28.9	 55.6	0	    0
	    0
	    0
	    0
	    0
	    0
	    0
	    0
 3082	    5	 26.1	 18.3	  9.1	  7.7	 55.2	 54.4	0	    0
	    0
	    0
 3085	    5	 28.8	 18.6	  9.2	  8.2	  7.5	 35.4	1	    0
	    0
	    0
	    0
 3089	    3	 22.4	 23.8	 16.4	  3.7	 29.3	 13.8	0	    0
 3090	    5	 27.3	 18.1	  9.0	  8.0	 98.2	 50.9	0	    0
	    0
 3092	    5	 29.8	 18.9	  9.4	  8.4	 67.3	 40.5	0	    0
	    0
	    0
	    0
	    0
	    0
	    0
	    0
	    0
	    0
 3102	    3	 19.2	 22.4	 15.6	  3.3	 92.0	 29.6	0	    0
 3103	    3	 23.0	 24.2	 16.7	  3.7	 24.2	 47.3	0	    0
	    0
 3105	    3	 18.9	 22.1	 15.5	  3.3	 21.8	 82.4	0	    0
	    0
	    0
	    0
	    0
	    0
	    0
	    0
 3113	    5	 26.2	 18.6	  9.2	  7.7	 98.2	 16.9	0	    0
	    0
	    0
	    0
	    0
	    0
	    0
	    0
	    0
	    0
	    0
	    0
	    0
 3126	    5	 28.7	 18.8	  9.3	  8.2	 31.2	 13.1	0	    0
	    0
 3128	    5	 28.6	 18.4	  9.1	  8.2	 98.5	 25.2	0	    0
	    0
 3130	    3	 20.0	 23.1	 16.2	  3.4	 20.1	  6.4	0	    0
	    0
	    0
	    0
	    0
	    0
 3136	    5	 29.0	 18.8	  9.3	  8.2	 12.8	 83.0	0	    0
	    0
	    0
	    0
	    0
 3141	    5	 29.3	 18.8	  9.3	  8.3	  7.7	  0.8	0	    0
	    0
	    0
	    0
	    0
	    0
	    0
	    0
	    0
	    0
 3151	    5	 27.4	 18.4	  9.1	  8.0	 49.1	 44.4	0	    0
	    0
 3153	    5	 25.4	 17.9	  8.9	  7.6	 69.6	 30.9	0	    0
	    0
	    0
 3156	    5	 27.1	 18.6	  9.2	  7.9	 31.2	 67.4	1	    0
	    0
 3158	    5	 20.4	 16.8	  8.3	  6.6	 38.7	 34.0	0	    0
	    0
 3160	    3	 21.7	 23.6	 16.3	  3.6	 24.7	 68.4	0	    0
 3161	    5	 30.4	 19.2	  9.5	  8.5	  7.7	 88.7	0	    0
	    0
	    0
	    0
	    0
	    0
	    0
	    0
	    0
 3170	    5	 25.8	 18.2	  9.0	  7.6	 29.6	 32.7	0	    0
	    0
	    0
	    0
	    0
 3175	    3	 17.2	 22.2	 16.0	  3.0	 85.3	 80.7	0	    0
	    0
	    0
	    0
	    0
	    0
 3181	    5	 28.0	 18.6	  9.2	  8.1	 21.9	 27.1	0	    0
	    0
	    0
	    0
	    0
	    0
	    0
 3188	    3	 22.3	 24.0	 16.6	  3.6	 60.7	 28.4	0	    0
 3189	    5	 32.0	 19.4	  9.6	  8.8	 70.5	  3.3	0	    0
	    0
	    0
	    0
	    0
	    0
	    0
	    0
 3197	    5	 27.3	 18.6	  9.2	  7.9	 28.9	 37.1	0	    0
 3198	    5	 27.1	 18.0	  8.9	  8.0	 86.0	  2.6	0	    0
	    0
 3200	    3	 19.3	 22.3	 15.5	  3.3	 19.9	 96.2	0	    0
	    0
	    0
	    0
	    0
	    0
	    0
 3207	    3	 19.2	 22.7	 16.0	  3.3	 76.6	 93.7	0	    0
	    0
	    0
 3210	    3	 22.6	 24.0	 16.6	  3.7	 49.7	 50.0	1	    0
	    0
	    0
	    0
	    0
	    0
	    0
	    0
	    0
	    0
	    0
 3221	    3	 18.9	 22.6	 16.0	  3.2	 18.7	 88.5	1	    0
	    0
	    0
	    0
 3225	    5	 31.9	 19.0	  9.5	  8.8	 46.9	 48.9	0	    0
	    0
	    0
	    0
	    0
	    0
	    0
	    0
	    0
	    0
	    0
 3236	    5	 28.3	 18.9	  9.4	  8.1	  6.9	 18.6	0	    0
 3237	    5	 24.6	 17.6	  8.7	  7.4	 90.0	 27.4	0	    0
	    0
	    0
	    0
	    0
	    0
	    0
	    0
	    0
	    0
	    0
	    0
	    0
	    0
	    0
	    0
 3253	    5	 28.4	 18.5	  9.2	  8.2	 47.9	 93.8	0	    0
	    0
	    0
	    0
 3257	    3	 21.0	 22.4	 15.2	  3.6	 26.6	 11.1	1	    0
	    0
 3259	    5	 26.6	 18.3	  9.1	  7.8	 11.6	 10.5	0	    0
	    0
	    0
 3262	    5	 27.0	 18.4	  9.1	  7.9	 28.9	 34.2	0	    0
	    0
	    0
	    0
	    0
	    0
	    0
	    0
	    0
	    0
	    0
	    0
	    0
	    0
 3276	    3	 21.1	 23.1	 16.0	  3.5	 74.9	 20.9	0	    0
	    0
 3278	    5	 31.7	 19.3	  9.6	  8.7	 51.6	 39.9	0	    0
	    0
	    0
	    0
	    0
	    0
	    0
	    0
	    0
	    0
	    0
	    0
	    0
	    0
	    0
	    0
	    0
	    0
	    0
	    0
 3298	    5	 27.8	 18.5	  9.2	  8.0	 64.5	 20.1	1	    0
 3299	    3	 22.1	 23.8	 16.4	  3.6	 96.8	 89.6	0	    0
	    0
	    0
	    0
	    0
	    0
	    0
	    0
	    0
 3308	    3	 18.8	 22.3	 15.7	  3.2	 43.8	 29.4	1	    0
	    0
	    0
	    0
	    0
	    0
	    0
 3315	    3	 21.8	 23.7	 16.5	  3.6	 73.6	 28.9	0	    0
	    0
 3317	    5	 26.1	 18.2	  9.0	  7.7	 11.3	 33.7	1	    0
	    0
	    0
	    0
	    0
	    0
	    0
	    0
	    0
	    0
	    0
 3328	    3	 19.0	 21.9	 15.2	  3.3	 89.5	 47.3	0	    0
	    0
	    0
	    0
 3332	    5	 26.9	 18.3	  9.1	  7.9	 94.9	 74.3	0	    0
	    0
	    0
	    0
	    0
	    0
	    0
 3339	    5	 29.3	 19.3	  9.6	  8.2	 66.0	 43.9	0	    0
	    0
	    0
	    0
	    0
 3344	    5	 24.9	 18.1	  9.0	  7.4	 26.4	  2.9	0	    0
	    0
 3346	    3	 20.7	 22.6	 15.5	  3.5	  9.7	 29.2	0	    0
	    0
	    0
	    0
	    0
	    0
	    0
	    0
	    0
	    0
	    0
	    0
	    0
	    0
	    0
	    0
	    0
 3363	    3	 22.5	 24.0	 16.6	  3.7	 52.0	 12.1	0	    0
	    0
	    0
	    0
 3367	    3	 21.1	 23.5	 16.3	  3.5	 97.3	 61.9	0	    0
	    0
	    0
	    0
	    0
	    0
 3373	    3	 21.5	 23.0	 15.8	  3.6	 17.2	 10.7	0	    0
	    0
	    0
	    0
	    0
 3378	    5	 28.7	 18.5	  9.1	  8.2	 46.3	  0.5	0	    0
	    0
	    0
	    0
	    0
	    0
	    0
	    0
	    0
	    0
	    0
	    0
	    0
 3391	    3	 22.6	 24.0	 16.6	  3.7	 76.7	 74.2	0	    0
	    0
	    0
	    0
	    0
	    0
	    0
 3398	    3	 22.3	 23.3	 15.9	  3.7	 90.8	 17.5	1	    0
	    0
	    0
	    0
	    0
	    0
	    0
	    0
	    0
	    0
	    0
	    0
	    0
	    0
	    0
	    0
	    0
	    0
	    0
	    0
	    0
	    0
	    0
	    0
	    0
	    0
	    0
	    0
	    0
	    0
	    0
	    0
 3430	    5	 27.4	 18.3	  9.1	  8.0	 49.7	  0.9	0	    0
	    0
 3432	    3	 20.6	 22.7	 15.7	  3.5	 11.6	 99.2	0	    0
	    0
	    0
	    0
	    0
	    0
	    0
	    0
	    0
	    0
	    0
	    0
	    0
	    0
	    0
	    0
	    0
	    0
	    0
	    0
	    0
	    0
	    0
	    0
	    0
	    0
	    0
	    0
	    0
	    0
	    0
	    0
	    0
	    0
	    0
	    0
	    0
	    0
	    0
	    0
	    0
	    0
	    0
 3475	    3	 19.3	 22.9	 16.2	  3.3	 18.2	 20.9	0	    0
	    0
	    0
	    0
	    0
	    0
	    0
	    0
	    0
	    0
	    0
 3486	    5	 30.8	 19.5	  9.7	  8.5	 92.2	 19.5	0	    0
	    0
	    0
	    0
 3490	    3	 19.5	 22.6	 15.8	  3.3	 41.1	 39.6	0	    0
 3491	    5	 26.9	 18.7	  9.3	  7.8	 17.7	 94.9	0	    0
	    0
 3493	    5	 27.3	 18.4	  9.1	  7.9	 79.0	 99.0	0	    0
	    0
	    0
	    0
	    0
	    0
	    0
	    0
	    0
 3502	    5	 25.3	 18.1	  9.0	  7.5	 62.0	 76.8	0	    0
 3503	    3	 20.3	 23.3	 16.4	  3.4	 91.2	 45.3	0	    0
	    0
	    0
	    0
 3507	    3	 20.6	 22.9	 15.9	  3.5	 41.1	 63.3	1	    0
	    0
	    0
	    0
	    0
	    0
	    0
	    0
	    0
	    0
	    0
	    0
	    0
	    0
	    0
	    0
	    0
	    0
	    0
	    0
	    0
	    0
	    0
	    0
	    0
	    0
	    0
	    0
	    0
	    0
	    0
	    0
	    0
	    0
	    0
	    0
	    0
	    0
	    0
	    0
 3547	    5	 28.6	 18.7	  9.3	  8.2	 51.6	 24.0	0	    0
	    0
	    0
	    0
 3551	    3	 17.3	 21.0	 14.7	  3.1	 28.9	 88.0	0	    0
	    0
	    0
	    0
	    0
	    0
	    0
	    0
 3559	    3	 18.8	 22.8	 16.2	  3.2	  8.8	 93.6	0	    0
	    0
	    0
 3562	    3	 19.2	 22.5	 15.8	  3.3	 65.1	 24.7	0	    0
	    0
 3564	    5	 25.2	 18.3	  9.1	  7.5	 83.4	 23.5	1	    0
	    0
	    0
	    0
 3568	    3	 22.9	 24.0	 16.5	  3.7	 33.9	 39.0	0	    0
	    0
	    0
	    0
	    0
	    0
	    0
	    0
	    0
	    0
	    0
	    0
	    0
	    0
 3582	    5	 30.7	 19.5	  9.7	  8.5	 35.1	  4.9	0	    0
	    0
	    0
	    0
	    0
	    0
	    0
	    0
	    0
	    0
	    0
	    0
	    0
 3595	    5	 30.2	 19.4	  9.6	  8.4	 41.6	 49.2	0	    0
	    0
	    0
 3598	    3	 22.3	 23.4	 16.0	  3.7	  7.3	 85.8	0	    0
	    0
	    0
	    0
	    0
	    0
	    0
	    0
	    0
	    0
 3608	    3	 23.3	 23.7	 16.2	  3.8	 84.3	 89.9	0	    0
	    0
	    0
	    0
	    0
	    0
	    0
	    0
	    0
	    0
	    0
	    0
	    0
	    0
	    0
 3623	    5	 28.8	 18.5	  9.2	  8.2	 25.8	 42.9	1	    0
	    0
	    0
 3626	    3	 22.0	 23.8	 16.5	  3.6	 40.6	 75.0	0	    0
	    0
 3628	    3	 21.9	 22.3	 15.0	  3.7	  3.1	  8.3	0	    0
	    0
 3630	    5	 27.7	 18.8	  9.3	  8.0	 35.3	 61.3	0	    0
	    0
	    0
	    0
	    0
	    0
	    0
	    0
	    0
	    0
	    0
	    0
	    0
	    0
	    0
	    0
	    0
	    0
 3648	    5	 24.8	 18.1	  9.0	  7.4	 70.3	 29.2	0	    0
	    0
	    0
	    0
 3652	    3	 21.7	 23.2	 16.0	  3.6	  2.8	 21.6	0	    0
	    0
	    0
	    0
 3656	    5	 27.9	 18.6	  9.2	  8.0	 23.4	 91.1	0	    0
	    0
	    0
	    0
	    0
	    0
	    0
	    0
	    0
	    0
	    0
	    0
	    0
	    0
 3670	    5	 29.2	 18.9	  9.4	  8.3	 63.9	 89.8	0	    0
	    0
	    0
	    0
	    0
	    0
	    0
	    0
	    0
	    0
	    0
	    0
	    0
	    0
	    0
 3685	    3	 21.6	 23.0	 15.8	  3.6	 73.1	 79.3	0	    0
	    0
	    0
	    0
	    0
	    0
 3691	    5	 31.6	 19.3	  9.6	  8.7	 18.4	  5.9	0	    0
	    0
	    0
 3694	    3	 22.3	 23.3	 15.9	  3.7	 43.0	 42.0	0	    0
	    0
	    0
	    0
	    0
	    0
	    0
	    0
	    0
	    0
	    0
	    0
	    0
	    0
	    0
 3709	    5	 28.9	 18.7	  9.3	  8.2	 70.1	 36.4	0	    0
	    0
	    0
	    0
	    0
	    0
	    0
	    0
	    0
	    0
	    0
	    0
	    0
	    0
	    0
	    0
	    0
	    0
	    0
	    0
	    0
	    0
	    0
	    0
	    0
	    0
	    0
	    0
	    0
	    0
	    0
	    0
	    0
	    0
	    0
	    0
	    0
	    0
	    0
	    0
	    0
	    0
	    0
	    0
 3753	    5	 28.9	 18.7	  9.3	  8.2	 88.3	 88.3	0	    0
 3754	    3	 22.6	 24.0	 16.5	  3.7	 88.3	 82.0	0	    0
	    0
 3756	    5	 26.6	 18.3	  9.1	  7.8	 20.1	 60.2	0	    0
	    0
	    0
	    0
	    0
	    0
	    0
	    0
	    0
	    0
	    0
	    0
	    0
	    0
	    0
	    0
	    0
	    0
	    0
	    0
	    0
	    0
	    0
 3779	    3	 18.8	 21.7	 15.1	  3.3	 43.9	 38.1	0	    0
	    0
	    0
	    0
	    0
	    0
	    0
 3786	    3	 19.8	 22.2	 15.3	  3.4	 53.0	 23.2	0	    0
	    0
	    0
	    0
	    0
	    0
	    0
	    0
	    0
	    0
	    0
	    0
 3798	    5	 30.8	 19.2	  9.5	  8.6	 48.8	 75.0	0	    0
	    0
 3800	    3	 21.1	 23.1	 15.9	  3.5	 67.6	 78.3	0	    0
	    0
	    0
 3803	    5	 28.5	 18.5	  9.2	  8.2	 32.5	  0.4	0	    0
	    0
 3805	    3	 20.9	 23.3	 16.2	  3.5	 59.5	 68.1	0	    0
 3806	    5	 23.5	 17.3	  8.6	  7.2	 49.8	 27.8	0	    0
	    0
 3808	    5	 28.9	 18.9	  9.4	  8.2	 86.6	 66.1	0	    0
	    0
	    0
	    0
	    0
 3813	    3	 17.6	 21.6	 15.3	  3.1	 97.5	 94.6	0	    0
	    0
	    0
	    0
 3817	    5	 29.1	 18.9	  9.4	  8.2	 68.2	 56.4	0	    0
	    0
	    0
	    0
	    0
	    0
	    0
	    0
	    0
	    0
 3827	    5	 28.4	 18.8	  9.3	  8.1	 83.5	  7.3	0	    0
	    0
	    0
	    0
	    0
	    0
	    0
	    0
	    0
	    0
	    0
	    0
 3839	    3	 23.0	 23.4	 16.0	  3.8	 52.6	 66.5	0	    0
	    0
	    0
	    0
	    0
	    0
	    0
	    0
	    0
	    0
	    0
	    0
	    0
	    0
	    0
	    0
	    0
	    0
 3857	    3	 21.9	 23.5	 16.2	  3.6	 75.5	 52.7	1	    0
	    0
	    0
	    0
	    0
	    0
	    0
	    0
	    0
	    0
	    0
	    0
	    0
	    0
	    0
	    0
	    0
	    0
	    0
	    0
	    0
	    0
	    0
	    0
	    0
	    0
	    0
	    0
	    0
 3886	    5	 24.1	 18.2	  9.0	  7.3	  3.1	 19.6	0	    0
	    0
	    0
	    0
	    0
	    0
	    0
	    0
	    0
	    0
	    0
	    0
	    0
	    0
	    0
	    0
 3902	    3	 20.1	 23.2	 16.3	  3.4	 26.8	 57.7	0	    0
	    0
 3904	    5	 24.8	 18.1	  9.0	  7.4	  3.7	 74.6	0	    0
	    0
	    0
	    0
	    0
	    0
	    0
	    0
	    0
	    0
	    0
 3915	    3	 20.6	 22.9	 15.8	  3.5	  3.5	  9.3	0	    0
	    0
	    0
	    0
	    0
	    0
	    0
 3922	    5	 23.7	 17.8	  8.8	  7.2	  8.8	 60.8	0	    0
	    0
 3924	    5	 24.7	 18.0	  8.9	  7.4	 91.8	 33.7	0	    0
	    0
	    0
	    0
	    0
	    0
	    0
	    0
	    0
	    0
	    0
	    0
	    0
	    0
	    0
	    0
 3940	    5	 26.0	 17.9	  8.9	  7.7	 44.0	 12.4	0	    0
	    0
	    0
	    0
 3944	    5	 27.2	 17.9	  8.9	  8.0	 16.8	 25.0	0	    0
	    0
	    0
	    0
	    0
	    0
	    0
	    0
	    0
 3953	    5	 24.9	 17.8	  8.8	  7.5	 78.6	 16.7	0	    0
	    0
	    0
	    0
	    0
	    0
	    0
 3960	    3	 20.0	 22.7	 15.8	  3.4	 45.0	 78.4	0	    0
	    0
	    0
 3963	    3	 24.7	 24.2	 16.4	  4.0	 95.6	 92.4	0	    0
	    0
	    0
	    0
	    0
	    0
	    0
	    0
	    0
	    0
	    0
	    0
	    0
	    0
	    0
 3978	    5	 26.4	 18.8	  9.3	  7.7	 16.0	 74.6	0	    0
	    0
	    0
	    0
	    0
	    0
	    0
	    0
	    0
	    0
	    0
	    0
	    0
	    0
	    0
	    0
	    0
	    0
	    0
	    0
	    0
	    0
	    0
	    0
	    0
	    0
	    0
	    0
	    0
	    0
	    0
	    0
	    0
	    0
 4012	    3	 21.0	 23.2	 16.1	  3.5	 32.2	 25.9	0	    0
	    0
	    0
	    0
	    0
	    0
	    0
	    0
	    0
	    0
	    0
	    0
	    0
	    0
	    0
	    0
	    0
	    0
	    0
	    0
	    0
	    0
	    0
	    0
 4036	    5	 24.3	 17.7	  8.7	  7.4	 58.5	 65.1	0	    0
	    0
	    0
	    0
	    0
	    0
 4042	    3	 21.4	 23.2	 16.1	  3.6	 42.4	 43.3	0	    0
	    0
	    0
	    0
	    0
	    0
	    0
	    0
	    0
	    0
 4052	    5	 26.0	 18.2	  9.0	  7.7	 69.7	 34.1	0	    0
	    0
	    0
	    0
	    0
	    0
	    0
	    0
	    0
	    0
	    0
	    0
	    0
	    0
	    0
	    0
	    0
	    0
	    0
	    0
	    0
	    0
	    0
	    0
	    0
	    0
	    0
	    0
	    0
	    0
	    0
	    0
 4084	    5	 28.7	 18.8	  9.3	  8.2	 98.3	  3.1	0	    0
	    0
	    0
	    0
	    0
	    0
	    0
	    0
	    0
	    0
 4094	    3	 23.0	 23.9	 16.5	  3.7	  0.7	 76.6	0	    0
	    0
	    0
	    0
 4098	    5	 23.6	 17.6	  8.7	  7.2	 88.7	 54.5	0	    0
	    0
	    0
	    0
	    0
 4103	    3	 21.7	 23.1	 15.8	  3.6	 36.1	 16.8	0	    0
	    0
	    0
	    0
	    0
	    0
	    0
	    0
	    0
	    0
	    0
	    0
	    0
	    0
	    0
	    0
	    0
	    0
	    0
	    0
	    0
	    0
	    0
	    0
	    0
	    0
	    0
	    0
	    0
	    0
	    0
	    0
	    0
	    0
 4137	    5	 27.3	 18.3	  9.1	  8.0	 70.8	 66.9	0	    0
	    0
	    0
	    0
	    0
 4142	    5	 29.3	 18.9	  9.4	  8.3	 80.9	  2.9	0	    0
	    0
	    0
	    0
	    0
	    0
	    0
	    0
	    0
	    0
	    0
	    0
 4154	    5	 25.7	 18.3	  9.1	  7.6	 49.2	  5.0	0	    0
	    0
 4156	    3	 22.3	 23.8	 16.4	  3.7	 60.4	  6.9	0	    0
	    0
	    0
	    0
	    0
	    0
	    0
 4163	    5	 22.2	 17.0	  8.4	  7.0	 78.5	 88.8	0	    0
 4164	    5	 28.5	 18.7	  9.3	  8.1	 82.6	 99.8	0	    0
	    0
	    0
	    0
	    0
	    0
 4170	    3	 23.0	 23.2	 15.7	  3.8	 94.3	 82.1	0	    0
	    0
	    0
	    0
	    0
	    0
	    0
	    0
	    0
	    0
	    0
	    0
	    0
	    0
	    0
	    0
	    0
	    0
	    0
	    0
	    0
	    0
	    0
	    0
	    0
	    0
	    0
	    0
	    0
	    0
 4200	    3	 19.8	 22.4	 15.6	  3.4	 40.7	  8.0	0	    0
	    0
	    0
	    0
	    0
	    0
	    0
	    0
	    0
 4209	    3	 26.6	 25.1	 17.1	  4.2	 19.0	 27.1	0	    0
	    0
	    0
	    0
	    0
	    0
	    0
	    0
	    0
	    0
 4219	    3	 21.8	 23.3	 16.0	  3.6	 52.3	  5.7	0	    0
	    0
	    0
	    0
 4223	    3	 20.6	 22.3	 15.2	  3.5	 84.6	 60.2	1	    0
	    0
	    0
	    0
	    0
	    0
 4229	    3	 20.0	 23.2	 16.3	  3.4	 68.8	 85.2	0	    0
	    0
	    0
	    0
	    0
	    0
	    0
	    0
 4237	    5	 22.0	 17.4	  8.6	  6.9	 46.1	 42.4	0	    0
	    0
	    0
	    0
	    0
	    0
	    0
	    0
	    0
	    0
	    0
	    0
	    0
	    0
	    0
	    0
	    0
	    0
	    0
	    0
 4257	    5	 31.9	 19.2	  9.6	  8.8	  8.8	 28.6	0	    0
	    0
	    0
	    0
	    0
	    0
 4263	    3	 21.5	 22.5	 15.3	  3.6	 35.0	 79.2	1	    0
	    0
	    0
	    0
	    0
	    0
 4269	    3	 22.9	 23.9	 16.4	  3.7	 61.2	 34.0	0	    0
 4270	    5	 29.6	 18.9	  9.4	  8.3	 85.9	 73.1	0	    0
	    0
	    0
 4273	    3	 20.0	 21.6	 14.7	  3.4	 95.5	 29.8	0	    0
	    0
	    0
	    0
	    0
 4278	    5	 26.3	 18.5	  9.2	  7.7	 15.6	 88.9	0	    0
	    0
	    0
	    0
	    0
	    0
	    0
	    0
	    0
 4287	    5	 30.9	 19.2	  9.5	  8.6	 18.5	 44.3	0	    0
	    0
	    0
	    0
	    0
	    0
	    0
 4294	    3	 23.6	 24.2	 16.6	  3.8	 26.1	 17.2	1	    0
	    0
 4296	    5	 28.7	 18.9	  9.4	  8.1	 24.1	 38.4	0	    0
 4297	    5	 29.2	 18.8	  9.3	  8.3	 12.3	 47.0	0	    0
	    0
	    0
	    0
	    0
	    0
	    0
	    0
	    0
	    0
	    0
	    0
	    0
 4310	    3	 21.9	 23.0	 15.7	  3.6	 53.2	 78.8	0	    0
	    0
	    0
 4313	    5	 25.9	 17.9	  8.9	  7.7	 43.2	 76.3	0	    0
	    0
 4315	    5	 24.2	 17.8	  8.8	  7.3	 97.9	 30.7	0	    0
	    0
 4317	    3	 23.1	 23.9	 16.4	  3.8	 24.8	 78.2	0	    0
 4318	    5	 28.0	 18.8	  9.3	  8.0	  9.3	 84.8	0	    0
	    0
	    0
	    0
	    0
	    0
	    0
	    0
	    0
	    0
	    0
	    0
 4330	    5	 28.4	 18.9	  9.4	  8.1	 27.9	  0.5	0	    0
 4331	    3	 16.4	 21.9	 16.0	  2.9	 68.6	 88.9	0	    0
	    0
	    0
	    0
	    0
	    0
	    0
	    0
	    0
	    0
	    0
 4342	    5	 29.4	 18.9	  9.4	  8.3	 12.9	 76.5	0	    0
	    0
	    0
 4345	    5	 25.4	 18.2	  9.0	  7.5	 52.0	 82.6	0	    0
	    0
	    0
	    0
	    0
	    0
	    0
	    0
	    0
 4354	    3	 19.9	 23.3	 16.4	  3.4	 40.4	 17.5	0	    0
	    0
	    0
	    0
	    0
	    0
	    0
	    0
 4362	    5	 30.8	 18.9	  9.4	  8.6	 37.1	 24.2	0	    0
	    0
	    0
	    0
	    0
	    0
	    0
 4369	    3	 20.2	 22.6	 15.7	  3.4	 92.6	 39.0	0	    0
	    0
	    0
 4372	    5	 27.0	 18.7	  9.3	  7.8	  8.5	 51.4	0	    0
 4373	    5	 28.8	 18.6	  9.2	  8.2	 81.5	 83.9	0	    0
	    0
 4375	    3	 23.8	 24.2	 16.6	  3.8	 19.5	  9.3	1	    0
 4376	    5	 28.3	 19.1	  9.5	  8.0	 53.1	 35.6	0	    0
	    0
	    0
	    0
	    0
	    0
 4382	    5	 26.9	 18.6	  9.2	  7.8	 36.6	  8.6	0	    0
	    0
	    0
	    0
	    0
	    0
	    0
	    0
 4390	    5	 29.4	 19.2	  9.5	  8.2	 72.6	 61.6	0	    0
	    0
	    0
	    0
	    0
	    0
	    0
	    0
	    0
	    0
	    0
 4401	    5	 27.5	 18.4	  9.1	  8.0	 43.7	 99.7	0	    0
	    0
	    0
	    0
	    0
	    0
	    0
	    0
	    0
 4410	    5	 23.5	 18.0	  9.0	  7.1	 94.8	  2.5	0	    0
	    0
 4412	    3	 20.2	 23.2	 16.3	  3.4	  3.1	 39.6	0	    0
	    0
	    0
	    0
	    0
 4417	    5	 27.5	 18.5	  9.2	  8.0	 80.4	 58.4	0	    0
	    0
	    0
	    0
	    0
	    0
	    0
	    0
	    0
	    0
	    0
	    0
	    0
	    0
 4431	    5	 27.7	 19.0	  9.5	  7.9	 42.9	 57.1	0	    0
	    0
	    0
	    0
	    0
	    0
 4437	    3	 18.8	 22.4	 15.8	  3.2	 75.8	 24.7	0	    0
	    0
 4439	    5	 26.5	 18.2	  9.0	  7.8	 24.9	 32.2	0	    0
	    0
	    0
 4442	    3	 20.1	 23.2	 16.3	  3.4	 42.3	 12.0	0	    0
	    0
	    0
	    0
	    0
	    0
	    0
	    0
	    0
	    0
	    0
	    0
	    0
	    0
	    0
	    0
	    0
	    0
	    0
	    0
 4462	    5	 26.3	 18.3	  9.1	  7.7	 41.3	 79.0	0	    0
	    0
 4464	    5	 29.8	 19.1	  9.5	  8.4	 97.4	 15.7	0	    0
	    0
 4466	    3	 20.5	 23.1	 16.0	  3.4	  2.8	 76.3	0	    0
	    0
	    0
	    0
 4470	    3	 19.7	 22.7	 15.9	  3.3	 22.3	 46.4	1	    0
	    0
	    0
 4473	    5	 27.9	 18.4	  9.1	  8.1	 40.1	 47.3	0	    0
	    0
	    0
	    0
	    0
 4478	    3	 21.7	 23.2	 15.9	  3.6	 38.4	 68.9	1	    0
	    0
	    0
	    0
	    0
 4483	    5	 26.3	 18.3	  9.1	  7.7	  9.2	 57.3	0	    0
	    0
	    0
	    0
	    0
	    0
	    0
	    0
	    0
	    0
	    0
	    0
	    0
	    0
	    0
 4498	    5	 29.9	 18.6	  9.2	  8.5	 66.6	 31.0	1	    0
 4499	    5	 29.8	 18.8	  9.3	  8.4	 51.0	 59.0	0	    0
 4500	    3	 23.9	 24.4	 16.8	  3.8	 11.0	 66.2	0	    0
	    0
	    0
 4503	    5	 24.0	 17.8	  8.8	  7.3	  2.3	 23.3	0	    0
	    0
	    0
	    0
	    0
	    0
	    0
	    0
	    0
	    0
	    0
	    0
	    0
	    0
 4517	    5	 26.2	 18.2	  9.0	  7.7	 97.4	 20.8	0	    0
	    0
	    0
	    0
	    0
 4522	    3	 20.7	 22.4	 15.3	  3.5	 57.2	 26.5	0	    0
	    0
	    0
	    0
	    0
	    0
	    0
 4529	    5	 24.3	 17.6	  8.7	  7.4	 60.8	 93.6	0	    0
	    0
	    0
	    0
	    0
	    0
	    0
 4536	    3	 21.5	 23.0	 15.8	  3.6	 25.4	 46.8	0	    0
	    0
	    0
 4539	    5	 25.2	 18.1	  9.0	  7.5	 68.9	 10.9	1	    0
	    0
	    0
	    0
 4543	    5	 30.6	 19.0	  9.4	  8.5	 34.6	 15.3	0	    0
	    0
	    0
	    0
	    0
	    0
	    0
	    0
 4551	    3	 22.0	 23.8	 16.5	  3.6	 52.9	 59.9	0	    0
	    0
	    0
	    0
	    0
	    0
	    0
	    0
	    0
	    0
	    0
	    0
	    0
	    0
 4565	    3	 19.1	 22.4	 15.8	  3.3	 56.4	 47.5	0	    0
	    0
	    0
	    0
	    0
	    0
	    0
	    0
	    0
	    0
	    0
 4576	    5	 28.4	 18.3	  9.0	  8.2	 76.8	 38.4	0	    0
	    0
	    0
 4579	    5	 29.6	 18.8	  9.3	  8.4	 47.3	 39.1	0	    0
	    0
	    0
	    0
	    0
	    0
	    0
	    0
	    0
	    0
	    0
	    0
 4591	    5	 30.5	 19.4	  9.6	  8.5	 37.3	 35.9	0	    0
	    0
	    0
	    0
 4595	    5	 30.6	 19.2	  9.6	  8.5	 35.4	  2.1	0	    0
	    0
	    0
	    0
 4599	    3	 19.6	 23.1	 16.3	  3.3	 73.9	 66.3	0	    0
	    0
	    0
	    0
	    0
	    0
 4605	    5	 25.7	 18.1	  9.0	  7.6	 77.4	 11.5	0	    0
	    0
	    0
	    0
	    0
	    0
	    0
	    0
	    0
	    0
	    0
	    0
 4617	    5	 26.9	 18.4	  9.1	  7.8	 63.6	 29.4	0	    0
	    0
	    0
	    0
	    0
	    0
	    0
 4624	    3	 21.9	 23.7	 16.4	  3.6	 86.0	 53.1	0	    0
	    0
	    0
	    0
	    0
	    0
	    0
	    0
	    0
 4633	    5	 31.4	 19.6	  9.8	  8.6	 84.8	 65.7	0	    0
	    0
	    0
	    0
	    0
	    0
	    0
 4640	    5	 24.7	 17.8	  8.8	  7.5	 84.3	 48.7	0	    0
	    0
 4642	    3	 22.3	 23.5	 16.2	  3.7	  5.4	 76.9	0	    0
 4643	    5	 28.2	 18.6	  9.2	  8.1	 95.1	  7.1	0	    0
	    0
	    0
	    0
	    0
	    0
	    0
 4650	    5	 28.5	 18.6	  9.2	  8.2	 38.4	 72.5	0	    0
	    0
	    0
	    0
	    0
	    0
	    0
 4657	    5	 30.0	 19.1	  9.5	  8.4	 82.7	  0.2	0	    0
 4658	    5	 28.1	 18.5	  9.2	  8.1	 28.5	 27.7	0	    0
 4659	    5	 27.6	 18.6	  9.2	  8.0	 70.0	 61.2	0	    0
 4660	    5	 25.5	 18.1	  9.0	  7.6	 48.6	 41.9	0	    0
	    0
	    0
	    0
	    0
	    0
	    0
	    0
	    0
	    0
	    0
	    0
	    0
	    0
 4674	    5	 29.7	 18.7	  9.3	  8.4	 36.2	 79.1	0	    0
 4675	    5	 27.8	 18.6	  9.2	  8.0	 11.3	 13.3	0	    0
	    0
	    0
 4678	    3	 25.1	 24.7	 16.9	  4.0	  8.0	 77.0	0	    0
 4679	    3	 21.8	 23.7	 16.4	  3.6	 60.5	 75.9	1	    0
	    0
	    0
	    0
	    0
	    0
 4685	    5	 31.2	 19.7	  9.8	  8.5	 60.2	 99.4	0	    0
	    0
	    0
	    0
	    0
	    0
	    0
	    0
	    0
	    0
 4695	    3	 19.9	 21.6	 14.7	  3.4	 76.7	 25.1	0	    0
	    0
	    0
	    0
	    0
	    0
	    0
	    0
	    0
	    0
	    0
	    0
	    0
	    0
	    0
	    0
	    0
	    0
	    0
	    0
	    0
	    0
	    0
 4718	    3	 21.5	 22.2	 15.0	  3.6	 72.3	 19.4	0	    0
 4719	    5	 30.3	 18.8	  9.3	  8.5	 30.9	 50.0	0	    0
	    0
	    0
	    0
	    0
	    0
	    0
	    0
	    0
	    0
	    0
	    0
 4731	    5	 27.5	 18.7	  9.3	  7.9	 48.7	 77.9	0	    0
	    0
	    0
	    0
	    0
	    0
	    0
	    0
	    0
	    0
	    0
	    0
	    0
 4744	    5	 28.7	 18.8	  9.4	  8.2	 32.8	 32.8	0	    0
 4745	    5	 27.3	 18.6	  9.2	  7.9	 71.1	 20.7	0	    0
	    0
	    0
	    0
	    0
	    0
	    0
	    0
	    0
	    0
	    0
	    0
	    0
	    0
	    0
	    0
 4761	    3	 21.6	 22.9	 15.7	  3.6	 29.0	 47.9	0	    0
	    0
	    0
 4764	    5	 29.7	 19.1	  9.5	  8.3	 61.8	 19.0	0	    0
	    0
	    0
	    0
	    0
	    0
	    0
	    0
	    0
	    0
	    0
	    0
	    0
 4777	    5	 27.4	 18.5	  9.2	  7.9	 21.2	 36.0	0	    0
	    0
 4779	    5	 22.8	 17.4	  8.6	  7.1	 11.1	 74.7	0	    0
 4780	    3	 23.8	 23.8	 16.2	  3.9	  0.0	 44.8	0	    0
 4781	    3	 22.2	 23.8	 16.5	  3.6	 25.9	 21.6	1	    0
	    0
	    0
 4784	    5	 30.8	 18.8	  9.3	  8.6	 22.3	 74.9	0	    0
	    0
	    0
	    0
	    0
 4789	    5	 26.9	 18.3	  9.0	  7.9	  7.9	  5.4	0	    0
	    0
	    0
	    0
	    0
 4794	    5	 27.6	 18.4	  9.1	  8.0	 18.7	 40.9	0	    0
	    0
	    0
	    0
 4798	    3	 19.0	 22.4	 15.8	  3.3	 51.0	 87.5	0	    0
	    0
	    0
	    0
	    0
	    0
	    0
	    0
 4806	    5	 30.8	 19.3	  9.6	  8.5	 20.5	 17.9	0	    0
	    0
 4808	    3	 20.1	 22.0	 15.1	  3.4	 38.9	  4.8	0	    0
	    0
	    0
	    0
	    0
	    0
	    0
	    0
 4816	    3	 24.4	 24.5	 16.8	  3.9	  6.5	 10.2	0	    0
	    0
	    0
	    0
	    0
	    0
	    0
	    0
	    0
	    0
	    0
	    0
	    0
 4829	    3	 18.2	 22.1	 15.6	  3.2	  2.1	 72.8	0	    0
	    0
	    0
	    0
	    0
	    0
	    0
	    0
	    0
	    0
	    0
	    0
	    0
	    0
 4843	    3	 22.1	 23.7	 16.4	  3.6	 75.7	  0.4	0	    0
	    0
 4845	    3	 20.3	 22.7	 15.8	  3.4	 31.4	 40.1	0	    0
 4846	    5	 27.8	 18.7	  9.3	  8.0	 49.2	 10.1	0	    0
	    0
	    0
	    0
	    0
	    0
	    0
	    0
	    0
	    0
	    0
	    0
	    0
	    0
	    0
	    0
	    0
	    0
 4864	    3	 21.7	 23.7	 16.5	  3.6	 79.7	  4.6	0	    0
	    0
	    0
	    0
	    0
	    0
	    0
	    0
	    0
	    0
	    0
	    0
	    0
	    0
	    0
	    0
	    0
	    0
	    0
	    0
	    0
 4885	    5	 25.9	 18.2	  9.0	  7.7	 48.2	 24.9	0	    0
	    0
	    0
	    0
 4889	    3	 21.3	 22.6	 15.4	  3.6	 41.8	 31.9	0	    0
	    0
	    0
	    0
	    0
	    0
 4895	    3	 24.7	 24.5	 16.8	  3.9	 71.9	 54.9	0	    0
	    0
	    0
	    0
	    0
	    0
	    0
	    0
	    0
	    0
	    0
 4906	    5	 25.7	 18.3	  9.1	  7.6	  3.2	 30.6	0	    0
	    0
	    0
	    0
	    0
 4911	    5	 30.1	 19.2	  9.5	  8.4	 85.0	 16.5	0	    0
	    0
	    0
	    0
	    0
	    0
	    0
	    0
	    0
	    0
	    0
	    0
	    0
	    0
	    0
	    0
	    0
	    0
	    0
	    0
	    0
 4932	    5	 27.3	 18.1	  9.0	  8.0	  7.4	 72.6	0	    0
	    0
	    0
	    0
	    0
	    0
	    0
	    0
	    0
 4941	    3	 19.3	 22.2	 15.4	  3.3	 51.2	 76.1	0	    0
	    0
	    0
	    0
	    0
	    0
	    0
	    0
	    0
	    0
	    0
	    0
	    0
	    0
	    0
	    0
 4957	    5	 24.6	 17.9	  8.9	  7.4	  4.1	 60.5	0	    0
	    0
 4959	    5	 25.0	 18.2	  9.0	  7.4	 19.3	 33.2	0	    0
 4960	    5	 28.6	 18.7	  9.3	  8.2	 17.4	 63.2	0	    0
 4961	    5	 27.6	 18.4	  9.1	  8.0	 19.8	 65.5	0	    0
	    0
	    0
	    0
	    0
	    0
	    0
	    0
	    0
	    0
	    0
	    0
 4973	    5	 31.0	 19.1	  9.5	  8.6	 36.5	 90.9	1	    0
	    0
	    0
	    0
	    0
	    0
	    0
	    0
	    0
 4982	    5	 30.9	 19.0	  9.5	  8.6	  0.6	 86.1	0	    0
	    0
	    0
	    0
 4986	    5	 27.8	 18.7	  9.3	  8.0	 46.8	 83.2	0	    0
 4987	    3	 20.4	 22.4	 15.4	  3.5	 79.0	 24.0	0	    0
	    0
	    0
	    0
	    0
	    0
	    0
 4994	    3	 23.1	 23.9	 16.4	  3.8	 55.7	 74.3	0	    0
	    0
	    0
	    0
 4998	    3	 23.1	 24.0	 16.5	  3.7	 51.3	 75.7	0	    0
	    0
 5000	    3	 22.9	 23.9	 16.4	  3.7	 60.0	 52.6	0	    0
