Nr	Art	BHD	h	kra	kd	x	y	kenn	mort
	    0
	    0
	    0
	    0
	    0
	    0
    7	    3	 34.0	 32.4	 23.7	  4.7	 13.5	  9.4	0	    0
	    0
	    0
	    0
	    0
	    0
	    0
	    0
   15	    3	 33.5	 31.6	 23.0	  4.6	 57.9	 53.8	0	    0
	    0
	    0
	    0
	    0
	    0
	    0
	    0
	    0
	    0
	    0
	    0
	    0
   28	    3	 34.6	 32.8	 24.1	  4.7	 41.7	 98.6	0	    0
	    0
	    0
	    0
	    0
	    0
	    0
	    0
	    0
	    0
	    0
	    0
	    0
	    0
	    0
	    0
	    0
	    0
	    0
	    0
	    0
	    0
	    0
	    0
   52	    5	 43.0	 27.7	 14.2	  9.5	 86.2	 18.3	0	    0
	    0
	    0
	    0
	    0
	    0
	    0
	    0
   60	    5	 40.3	 27.2	 13.9	  9.1	 19.8	 41.8	1	    0
	    0
	    0
	    0
	    0
	    0
	    0
	    0
	    0
	    0
	    0
	    0
	    0
	    0
	    0
	    0
	    0
	    0
	    0
	    0
	    0
	    0
	    0
	    0
	    0
	    0
	    0
	    0
	    0
	    0
	    0
	    0
	    0
	    0
	    0
	    0
	    0
	    0
	    0
	    0
	    0
  101	    5	 42.8	 27.0	 13.8	  9.5	 17.4	 14.7	0	    0
  102	    5	 41.7	 27.3	 13.9	  9.3	 30.2	 92.1	0	    0
	    0
  104	    3	 34.6	 32.2	 23.5	  4.7	 24.3	 65.1	0	    0
	    0
	    0
	    0
	    0
	    0
	    0
	    0
	    0
	    0
	    0
	    0
	    0
	    0
	    0
	    0
	    0
	    0
	    0
	    0
	    0
	    0
	    0
	    0
	    0
	    0
	    0
	    0
	    0
	    0
	    0
	    0
	    0
	    0
	    0
  139	    3	 35.4	 32.8	 24.0	  4.8	 41.2	 89.8	0	    0
	    0
	    0
	    0
	    0
  144	    5	 44.3	 27.5	 14.1	  9.7	 67.9	 48.7	0	    0
	    0
	    0
	    0
	    0
	    0
	    0
	    0
	    0
	    0
	    0
	    0
	    0
	    0
	    0
	    0
	    0
	    0
	    0
	    0
	    0
	    0
	    0
	    0
	    0
	    0
	    0
	    0
	    0
	    0
	    0
	    0
	    0
  177	    5	 40.7	 26.8	 13.6	  9.2	 20.0	 53.7	0	    0
	    0
	    0
	    0
	    0
  182	    5	 42.8	 27.3	 14.0	  9.5	 49.4	 38.3	0	    0
	    0
	    0
  185	    5	 47.8	 28.2	 14.5	 10.2	 19.1	  0.5	1	    0
	    0
	    0
	    0
	    0
	    0
	    0
  192	    5	 44.0	 27.4	 14.0	  9.7	 86.6	 99.2	0	    0
	    0
	    0
	    0
  196	    3	 32.4	 31.7	 23.1	  4.5	 93.9	 32.7	0	    0
	    0
	    0
	    0
	    0
	    0
	    0
	    0
	    0
	    0
	    0
	    0
	    0
	    0
	    0
	    0
	    0
	    0
	    0
  215	    5	 44.1	 27.6	 14.1	  9.7	 43.0	 27.6	1	    0
	    0
	    0
	    0
	    0
	    0
	    0
	    0
	    0
	    0
	    0
	    0
	    0
	    0
	    0
  230	    5	 45.4	 28.3	 14.5	  9.8	  5.0	 74.0	0	    0
	    0
	    0
	    0
	    0
	    0
	    0
	    0
	    0
	    0
	    0
	    0
	    0
	    0
	    0
	    0
	    0
	    0
	    0
	    0
	    0
	    0
	    0
	    0
	    0
	    0
	    0
	    0
	    0
	    0
	    0
	    0
	    0
	    0
  264	    3	 32.9	 31.0	 22.4	  4.6	 67.9	 68.9	0	    0
	    0
	    0
	    0
	    0
	    0
	    0
  271	    5	 45.0	 27.8	 14.3	  9.8	 12.6	 34.2	0	    0
	    0
	    0
	    0
  275	    5	 41.0	 27.1	 13.8	  9.2	  2.0	 58.8	0	    0
	    0
	    0
  278	    5	 41.7	 27.0	 13.8	  9.4	 51.1	 77.7	1	    0
	    0
	    0
	    0
	    0
	    0
	    0
	    0
	    0
	    0
	    0
	    0
	    0
	    0
	    0
	    0
	    0
	    0
	    0
	    0
	    0
	    0
	    0
	    0
	    0
	    0
	    0
	    0
	    0
	    0
	    0
	    0
	    0
	    0
	    0
	    0
  314	    3	 34.3	 32.0	 23.3	  4.7	 38.4	 87.5	1	    0
	    0
  316	    3	 35.0	 32.9	 24.2	  4.7	 99.7	 23.3	0	    0
	    0
	    0
	    0
	    0
	    0
	    0
	    0
	    0
	    0
	    0
	    0
	    0
	    0
	    0
	    0
	    0
	    0
	    0
	    0
	    0
	    0
	    0
	    0
	    0
	    0
	    0
	    0
	    0
	    0
	    0
	    0
  348	    5	 44.0	 27.7	 14.2	  9.7	 98.7	 92.1	1	    0
	    0
	    0
	    0
	    0
	    0
	    0
	    0
	    0
  357	    3	 34.0	 32.6	 23.9	  4.6	 19.7	 82.0	0	    0
	    0
	    0
	    0
	    0
	    0
	    0
  364	    3	 30.0	 31.2	 22.8	  4.2	 31.0	 82.4	0	    0
	    0
	    0
	    0
	    0
	    0
	    0
	    0
	    0
	    0
	    0
	    0
	    0
	    0
	    0
	    0
	    0
	    0
	    0
	    0
	    0
	    0
	    0
	    0
	    0
	    0
	    0
	    0
	    0
	    0
  394	    5	 41.0	 27.0	 13.8	  9.2	 68.7	 13.3	0	    0
	    0
	    0
	    0
	    0
	    0
	    0
	    0
	    0
	    0
	    0
	    0
	    0
  407	    3	 30.1	 30.4	 22.0	  4.3	 39.5	  2.8	0	    0
	    0
	    0
	    0
	    0
	    0
	    0
	    0
  415	    5	 46.2	 27.9	 14.3	 10.0	 19.2	 58.5	0	    0
	    0
	    0
  418	    3	 33.0	 32.0	 23.4	  4.6	 42.4	 64.6	0	    0
	    0
  420	    3	 31.4	 31.0	 22.5	  4.4	 11.1	 74.5	0	    0
	    0
	    0
	    0
	    0
	    0
	    0
	    0
  428	    5	 46.2	 28.3	 14.5	  9.9	 80.4	 54.4	0	    0
	    0
	    0
	    0
	    0
	    0
	    0
	    0
	    0
	    0
	    0
	    0
	    0
	    0
	    0
	    0
	    0
	    0
	    0
	    0
	    0
	    0
	    0
	    0
	    0
	    0
	    0
	    0
  456	    5	 45.9	 28.0	 14.4	  9.9	 59.9	 45.2	1	    0
	    0
	    0
	    0
	    0
	    0
  462	    3	 33.0	 32.0	 23.4	  4.5	 94.7	 77.4	0	    0
	    0
	    0
	    0
	    0
	    0
  468	    5	 51.0	 28.7	 14.8	 10.6	 24.7	 98.4	0	    0
	    0
	    0
	    0
	    0
	    0
	    0
	    0
	    0
	    0
	    0
	    0
	    0
  481	    5	 39.6	 26.9	 13.7	  9.0	 80.0	 41.4	0	    0
	    0
	    0
	    0
	    0
	    0
	    0
	    0
	    0
  490	    5	 44.9	 27.8	 14.2	  9.8	 43.8	 32.9	0	    0
	    0
	    0
	    0
	    0
	    0
	    0
	    0
	    0
	    0
	    0
	    0
	    0
	    0
	    0
	    0
	    0
	    0
	    0
	    0
	    0
	    0
	    0
	    0
	    0
	    0
	    0
	    0
	    0
	    0
	    0
	    0
	    0
	    0
	    0
	    0
	    0
	    0
	    0
	    0
	    0
	    0
	    0
	    0
	    0
	    0
	    0
	    0
	    0
	    0
	    0
	    0
  542	    3	 32.7	 32.3	 23.7	  4.5	 73.2	 56.4	0	    0
	    0
	    0
	    0
	    0
	    0
	    0
	    0
	    0
	    0
	    0
  553	    5	 40.9	 27.2	 13.9	  9.2	 27.9	 62.7	1	    0
	    0
  555	    3	 33.5	 32.5	 23.8	  4.6	 20.0	 26.3	0	    0
	    0
	    0
	    0
	    0
	    0
	    0
	    0
	    0
	    0
	    0
	    0
	    0
	    0
	    0
	    0
	    0
	    0
	    0
	    0
	    0
	    0
	    0
	    0
	    0
	    0
  581	    5	 39.5	 27.0	 13.8	  9.0	 93.3	  7.9	0	    0
	    0
	    0
	    0
	    0
	    0
	    0
	    0
	    0
	    0
	    0
	    0
	    0
	    0
	    0
  596	    3	 34.1	 32.5	 23.8	  4.6	 80.4	 18.2	0	    0
	    0
	    0
	    0
  600	    5	 39.4	 26.9	 13.7	  9.0	 80.7	 74.7	0	    0
  601	    5	 36.6	 26.7	 13.6	  8.5	 70.9	 13.8	0	    0
	    0
	    0
	    0
	    0
	    0
	    0
	    0
	    0
	    0
	    0
	    0
	    0
	    0
	    0
	    0
	    0
	    0
	    0
	    0
	    0
	    0
	    0
	    0
	    0
	    0
	    0
	    0
	    0
	    0
	    0
	    0
	    0
	    0
	    0
	    0
	    0
	    0
  639	    3	 31.3	 31.7	 23.2	  4.4	 81.0	 71.1	0	    0
	    0
	    0
	    0
	    0
	    0
	    0
  646	    5	 48.1	 28.5	 14.7	 10.2	 74.4	 43.9	0	    0
	    0
	    0
  649	    5	 48.3	 28.4	 14.6	 10.2	 62.8	 49.7	0	    0
	    0
	    0
	    0
	    0
	    0
	    0
	    0
	    0
	    0
	    0
	    0
  661	    3	 32.6	 31.9	 23.3	  4.5	 57.0	 10.7	0	    0
	    0
	    0
	    0
	    0
	    0
	    0
	    0
	    0
	    0
	    0
	    0
	    0
	    0
	    0
	    0
	    0
	    0
	    0
	    0
	    0
	    0
	    0
	    0
	    0
	    0
	    0
	    0
	    0
	    0
	    0
	    0
	    0
	    0
	    0
  696	    5	 42.3	 27.2	 13.9	  9.4	 26.6	 60.7	0	    0
	    0
	    0
	    0
	    0
	    0
	    0
	    0
	    0
	    0
	    0
	    0
	    0
	    0
	    0
	    0
	    0
	    0
	    0
  715	    5	 36.6	 26.5	 13.5	  8.6	 47.7	 59.7	1	    0
	    0
	    0
	    0
	    0
	    0
  721	    3	 31.2	 30.9	 22.4	  4.4	  1.5	  2.5	1	    0
	    0
	    0
	    0
	    0
	    0
  727	    3	 34.7	 32.8	 24.0	  4.7	 58.5	 61.5	0	    0
	    0
	    0
	    0
	    0
	    0
	    0
	    0
	    0
	    0
	    0
	    0
	    0
	    0
	    0
	    0
	    0
	    0
	    0
	    0
	    0
	    0
	    0
	    0
	    0
	    0
	    0
	    0
	    0
	    0
	    0
	    0
	    0
	    0
	    0
	    0
	    0
	    0
	    0
	    0
	    0
	    0
	    0
	    0
	    0
	    0
	    0
  774	    5	 42.6	 27.6	 14.1	  9.4	 89.2	 20.2	1	    0
	    0
	    0
	    0
	    0
	    0
	    0
	    0
	    0
	    0
	    0
  785	    3	 34.8	 32.3	 23.5	  4.7	 23.4	 69.0	0	    0
	    0
	    0
	    0
	    0
	    0
	    0
  792	    3	 32.3	 31.9	 23.3	  4.5	 20.9	 90.1	0	    0
	    0
	    0
	    0
	    0
	    0
	    0
	    0
	    0
	    0
	    0
	    0
	    0
	    0
	    0
	    0
	    0
	    0
	    0
	    0
	    0
	    0
	    0
	    0
	    0
	    0
	    0
	    0
	    0
	    0
	    0
	    0
	    0
	    0
	    0
	    0
	    0
	    0
	    0
	    0
	    0
	    0
	    0
	    0
	    0
	    0
	    0
	    0
	    0
	    0
	    0
	    0
	    0
	    0
	    0
	    0
	    0
	    0
  850	    3	 30.6	 31.2	 22.7	  4.3	  1.7	 51.9	0	    0
	    0
	    0
	    0
	    0
	    0
	    0
	    0
	    0
	    0
  860	    3	 32.9	 31.0	 22.4	  4.6	 91.9	 44.1	0	    0
	    0
	    0
	    0
	    0
	    0
	    0
	    0
	    0
	    0
	    0
	    0
	    0
	    0
	    0
	    0
	    0
	    0
	    0
	    0
  880	    5	 45.0	 28.0	 14.3	  9.8	 28.4	 77.6	0	    0
	    0
  882	    3	 32.6	 31.6	 23.0	  4.5	 64.8	 74.9	0	    0
  883	    5	 46.1	 28.0	 14.4	  9.9	 91.6	 25.9	1	    0
	    0
	    0
	    0
	    0
	    0
	    0
	    0
	    0
	    0
	    0
	    0
	    0
	    0
	    0
	    0
	    0
	    0
	    0
	    0
	    0
	    0
	    0
	    0
	    0
	    0
	    0
	    0
	    0
	    0
	    0
	    0
	    0
	    0
	    0
	    0
	    0
  920	    3	 34.3	 32.8	 24.1	  4.7	 44.8	 71.9	0	    0
	    0
	    0
	    0
	    0
	    0
	    0
	    0
	    0
	    0
	    0
	    0
	    0
	    0
  934	    5	 46.4	 28.0	 14.4	 10.0	 88.4	 66.9	0	    0
	    0
	    0
	    0
	    0
  939	    3	 31.0	 30.8	 22.3	  4.4	  2.8	 15.3	0	    0
	    0
	    0
	    0
	    0
	    0
	    0
	    0
	    0
	    0
  949	    3	 33.8	 32.5	 23.8	  4.6	  4.8	  7.4	0	    0
	    0
	    0
	    0
	    0
	    0
	    0
	    0
	    0
	    0
	    0
	    0
  961	    3	 33.5	 32.6	 24.0	  4.6	 52.0	  0.7	0	    0
	    0
	    0
	    0
	    0
	    0
	    0
	    0
	    0
	    0
	    0
	    0
	    0
	    0
	    0
  976	    5	 47.3	 28.3	 14.5	 10.1	 31.1	 34.1	0	    0
	    0
	    0
	    0
	    0
  981	    5	 44.8	 27.6	 14.1	  9.8	 38.2	 87.1	0	    0
	    0
	    0
	    0
	    0
	    0
	    0
	    0
  989	    3	 33.4	 32.5	 23.8	  4.6	 68.9	 39.0	0	    0
	    0
	    0
	    0
	    0
	    0
	    0
	    0
	    0
	    0
	    0
	    0
	    0
	    0
	    0
	    0
	    0
	    0
	    0
	    0
	    0
 1010	    3	 36.5	 33.4	 24.6	  4.9	 64.4	 44.9	0	    0
	    0
	    0
	    0
	    0
	    0
	    0
	    0
	    0
	    0
	    0
	    0
 1022	    3	 34.3	 32.8	 24.1	  4.7	 98.2	 79.5	0	    0
	    0
 1024	    5	 45.5	 27.8	 14.2	  9.9	 96.3	 52.1	0	    0
	    0
	    0
	    0
	    0
	    0
	    0
	    0
	    0
	    0
	    0
	    0
	    0
	    0
	    0
	    0
	    0
	    0
	    0
	    0
	    0
	    0
	    0
	    0
	    0
	    0
 1050	    5	 40.1	 27.5	 14.0	  9.0	 35.2	 25.9	0	    0
	    0
	    0
	    0
	    0
	    0
	    0
	    0
	    0
 1059	    5	 34.6	 26.6	 13.5	  8.2	 66.6	 71.6	1	    0
	    0
	    0
 1062	    5	 46.2	 27.6	 14.2	 10.0	 10.9	 94.7	0	    0
	    0
	    0
 1065	    3	 29.4	 29.9	 21.5	  4.2	 29.2	 68.0	1	    0
	    0
	    0
	    0
	    0
	    0
 1071	    5	 49.4	 28.4	 14.6	 10.4	 23.7	  3.4	0	    0
	    0
	    0
	    0
	    0
	    0
	    0
	    0
	    0
	    0
	    0
	    0
	    0
	    0
	    0
	    0
	    0
	    0
	    0
	    0
	    0
	    0
	    0
	    0
	    0
	    0
	    0
	    0
	    0
	    0
	    0
	    0
	    0
	    0
	    0
	    0
 1107	    5	 47.6	 28.0	 14.4	 10.2	  1.1	 47.1	0	    0
	    0
 1109	    5	 45.6	 27.7	 14.2	  9.9	 38.4	 54.6	0	    0
 1110	    5	 43.7	 27.7	 14.2	  9.6	 25.5	 71.7	0	    0
	    0
	    0
	    0
	    0
	    0
	    0
	    0
	    0
	    0
	    0
	    0
	    0
	    0
	    0
	    0
	    0
	    0
	    0
	    0
	    0
	    0
	    0
	    0
	    0
	    0
 1136	    5	 42.0	 27.3	 14.0	  9.4	 27.9	 84.3	0	    0
 1137	    5	 43.1	 26.9	 13.7	  9.6	 89.3	 90.6	0	    0
	    0
	    0
	    0
	    0
	    0
 1143	    3	 30.0	 30.7	 22.3	  4.3	 89.1	 93.1	1	    0
	    0
	    0
	    0
	    0
	    0
	    0
	    0
	    0
	    0
	    0
 1154	    5	 45.8	 27.8	 14.2	  9.9	 55.6	 76.1	0	    0
	    0
	    0
	    0
	    0
	    0
	    0
	    0
	    0
	    0
	    0
	    0
	    0
	    0
	    0
	    0
	    0
	    0
 1172	    3	 33.0	 32.3	 23.7	  4.5	 64.9	 53.6	0	    0
	    0
 1174	    5	 42.2	 26.9	 13.7	  9.5	 59.7	  8.6	1	    0
	    0
	    0
	    0
	    0
	    0
	    0
	    0
	    0
	    0
	    0
	    0
	    0
	    0
	    0
	    0
	    0
	    0
	    0
	    0
	    0
	    0
	    0
	    0
	    0
	    0
	    0
	    0
	    0
	    0
	    0
	    0
 1206	    3	 34.9	 33.0	 24.2	  4.7	  7.7	 22.4	0	    0
	    0
 1208	    5	 44.6	 27.7	 14.2	  9.7	 38.8	 22.8	1	    0
	    0
	    0
	    0
	    0
 1213	    3	 34.3	 32.8	 24.0	  4.7	 76.7	 62.8	1	    0
	    0
	    0
	    0
	    0
	    0
	    0
	    0
	    0
	    0
	    0
	    0
	    0
	    0
	    0
	    0
	    0
	    0
	    0
	    0
	    0
	    0
 1235	    3	 33.1	 32.5	 23.8	  4.5	  1.4	 67.3	0	    0
	    0
	    0
	    0
	    0
	    0
	    0
	    0
 1243	    5	 42.1	 27.5	 14.1	  9.3	 12.3	 87.2	0	    0
 1244	    3	 35.8	 33.0	 24.2	  4.8	  5.0	 52.0	0	    0
	    0
	    0
	    0
	    0
	    0
	    0
	    0
	    0
	    0
	    0
	    0
	    0
	    0
	    0
	    0
	    0
	    0
	    0
	    0
	    0
	    0
 1266	    3	 36.3	 33.3	 24.5	  4.9	 18.7	 53.1	0	    0
	    0
	    0
	    0
	    0
	    0
	    0
 1273	    3	 33.1	 32.0	 23.4	  4.6	  7.1	 54.0	0	    0
	    0
	    0
	    0
	    0
	    0
	    0
	    0
	    0
	    0
	    0
	    0
	    0
	    0
	    0
	    0
	    0
	    0
 1291	    3	 33.1	 31.7	 23.1	  4.6	 17.5	 98.9	0	    0
	    0
	    0
	    0
	    0
 1296	    3	 31.2	 31.5	 23.0	  4.4	 94.9	 69.0	0	    0
	    0
	    0
	    0
	    0
	    0
	    0
	    0
	    0
	    0
	    0
	    0
	    0
	    0
	    0
 1311	    3	 36.1	 33.1	 24.3	  4.8	 46.8	 39.6	0	    0
	    0
	    0
	    0
	    0
 1316	    3	 31.2	 31.3	 22.8	  4.4	 61.6	  4.7	0	    0
	    0
	    0
	    0
	    0
	    0
	    0
	    0
	    0
	    0
	    0
	    0
	    0
	    0
	    0
	    0
	    0
	    0
	    0
	    0
	    0
	    0
	    0
	    0
	    0
	    0
	    0
 1343	    3	 33.3	 32.5	 23.8	  4.6	  2.9	 93.9	0	    0
	    0
	    0
	    0
	    0
	    0
	    0
	    0
 1351	    5	 41.6	 27.3	 14.0	  9.3	 59.1	 28.8	1	    0
	    0
	    0
	    0
	    0
	    0
 1357	    5	 40.5	 26.8	 13.7	  9.2	 72.9	 92.4	0	    0
	    0
	    0
	    0
	    0
	    0
 1363	    3	 34.5	 32.0	 23.3	  4.7	 21.2	 12.3	0	    0
	    0
	    0
	    0
	    0
	    0
	    0
	    0
	    0
	    0
	    0
	    0
 1375	    5	 44.0	 27.9	 14.3	  9.6	 47.2	 51.6	0	    0
	    0
	    0
 1378	    5	 45.9	 27.7	 14.2	 10.0	 59.4	  0.8	0	    0
	    0
	    0
	    0
	    0
	    0
	    0
	    0
	    0
	    0
	    0
	    0
 1390	    3	 32.4	 31.6	 23.0	  4.5	 32.5	 72.5	0	    0
	    0
	    0
	    0
	    0
 1395	    5	 36.5	 26.6	 13.5	  8.5	 30.1	 10.6	0	    0
	    0
	    0
	    0
	    0
	    0
	    0
	    0
	    0
	    0
	    0
	    0
	    0
	    0
	    0
	    0
	    0
 1412	    5	 41.2	 27.3	 13.9	  9.2	 81.5	 78.2	0	    0
	    0
 1414	    5	 43.0	 27.4	 14.0	  9.5	 12.3	 58.9	0	    0
	    0
	    0
	    0
	    0
	    0
 1420	    5	 41.4	 27.0	 13.8	  9.3	  7.1	 58.7	1	    0
	    0
	    0
	    0
	    0
	    0
	    0
	    0
	    0
	    0
	    0
	    0
	    0
	    0
	    0
	    0
	    0
	    0
 1438	    3	 32.3	 31.7	 23.1	  4.5	 84.5	 34.9	1	    0
	    0
 1440	    5	 44.3	 27.8	 14.2	  9.7	 96.3	 59.7	0	    0
	    0
	    0
	    0
	    0
	    0
	    0
	    0
	    0
	    0
	    0
	    0
	    0
	    0
	    0
 1455	    5	 49.6	 28.3	 14.6	 10.5	 34.4	 50.6	0	    0
	    0
	    0
	    0
	    0
	    0
 1461	    5	 46.1	 28.0	 14.4	  9.9	 35.3	 17.8	0	    0
	    0
	    0
	    0
	    0
	    0
	    0
	    0
	    0
	    0
	    0
	    0
	    0
 1474	    5	 45.8	 27.9	 14.3	  9.9	 70.8	 68.9	0	    0
	    0
	    0
	    0
	    0
	    0
	    0
	    0
	    0
	    0
	    0
	    0
	    0
	    0
	    0
	    0
	    0
	    0
	    0
	    0
	    0
	    0
	    0
	    0
	    0
	    0
	    0
	    0
	    0
	    0
	    0
	    0
 1506	    3	 33.0	 32.2	 23.5	  4.5	 38.6	 16.7	0	    0
	    0
	    0
	    0
	    0
	    0
	    0
	    0
	    0
	    0
	    0
	    0
	    0
	    0
	    0
	    0
	    0
	    0
	    0
	    0
	    0
 1527	    3	 32.3	 32.1	 23.6	  4.5	 73.9	 82.2	0	    0
	    0
	    0
	    0
	    0
	    0
	    0
	    0
	    0
	    0
	    0
	    0
	    0
 1540	    3	 32.1	 32.1	 23.5	  4.4	 83.1	 86.0	0	    0
	    0
	    0
	    0
	    0
 1545	    3	 33.6	 32.4	 23.8	  4.6	 89.3	 84.8	0	    0
	    0
	    0
	    0
	    0
	    0
 1551	    5	 46.8	 27.9	 14.3	 10.1	 19.6	 93.9	0	    0
	    0
	    0
	    0
	    0
 1556	    3	 31.6	 31.5	 23.0	  4.4	 94.1	 59.7	0	    0
	    0
	    0
	    0
	    0
 1561	    3	 32.3	 31.3	 22.7	  4.5	 14.5	 12.9	0	    0
	    0
	    0
 1564	    3	 34.0	 32.7	 24.0	  4.6	 31.5	 62.2	0	    0
	    0
 1566	    3	 31.2	 31.2	 22.7	  4.4	 90.5	 12.1	0	    0
	    0
	    0
	    0
	    0
	    0
	    0
	    0
	    0
	    0
	    0
	    0
	    0
	    0
	    0
	    0
	    0
	    0
	    0
	    0
	    0
	    0
	    0
	    0
	    0
	    0
	    0
	    0
	    0
	    0
	    0
	    0
	    0
	    0
	    0
	    0
	    0
	    0
	    0
	    0
	    0
	    0
	    0
	    0
	    0
	    0
	    0
	    0
	    0
	    0
	    0
	    0
	    0
	    0
	    0
	    0
	    0
	    0
	    0
	    0
	    0
	    0
	    0
	    0
	    0
	    0
	    0
 1633	    5	 44.8	 28.1	 14.4	  9.7	 45.2	 95.1	0	    0
	    0
	    0
	    0
 1637	    5	 44.8	 27.7	 14.2	  9.8	 55.6	 36.9	0	    0
	    0
 1639	    5	 40.8	 27.2	 13.9	  9.2	 89.9	 45.2	1	    0
	    0
	    0
	    0
 1643	    3	 33.6	 32.1	 23.5	  4.6	 91.7	 58.1	0	    0
	    0
 1645	    5	 44.7	 27.6	 14.2	  9.8	 74.8	 34.7	0	    0
	    0
	    0
	    0
	    0
	    0
	    0
	    0
	    0
	    0
	    0
	    0
	    0
	    0
	    0
	    0
	    0
	    0
	    0
	    0
	    0
	    0
	    0
	    0
	    0
 1670	    5	 45.2	 27.6	 14.1	  9.9	 28.9	 51.5	0	    0
	    0
	    0
	    0
	    0
	    0
	    0
	    0
	    0
	    0
	    0
 1681	    3	 33.1	 31.9	 23.2	  4.6	 30.5	  5.7	0	    0
	    0
	    0
	    0
	    0
	    0
	    0
	    0
	    0
	    0
	    0
	    0
	    0
	    0
	    0
	    0
	    0
	    0
	    0
	    0
	    0
	    0
	    0
	    0
	    0
	    0
	    0
	    0
	    0
	    0
	    0
	    0
	    0
	    0
	    0
	    0
	    0
	    0
	    0
	    0
	    0
	    0
	    0
	    0
	    0
	    0
	    0
	    0
 1729	    5	 47.4	 27.9	 14.3	 10.2	 68.5	 90.5	0	    0
 1730	    3	 34.5	 32.7	 24.0	  4.7	 29.0	 70.1	0	    0
	    0
	    0
	    0
	    0
	    0
	    0
	    0
	    0
	    0
	    0
	    0
	    0
	    0
	    0
	    0
	    0
	    0
	    0
	    0
	    0
	    0
	    0
	    0
	    0
	    0
	    0
	    0
	    0
	    0
	    0
	    0
	    0
	    0
	    0
	    0
	    0
 1767	    3	 36.2	 33.0	 24.2	  4.9	 13.8	 76.9	0	    0
	    0
	    0
	    0
	    0
	    0
	    0
	    0
	    0
	    0
	    0
	    0
 1779	    5	 45.8	 27.7	 14.2	  9.9	 19.7	 20.8	0	    0
	    0
	    0
	    0
	    0
	    0
	    0
	    0
	    0
	    0
 1789	    5	 39.2	 26.9	 13.7	  9.0	 70.9	 75.7	0	    0
	    0
	    0
	    0
	    0
	    0
	    0
	    0
	    0
	    0
	    0
	    0
	    0
	    0
	    0
	    0
	    0
	    0
	    0
	    0
	    0
	    0
	    0
	    0
	    0
	    0
	    0
	    0
	    0
	    0
	    0
	    0
	    0
	    0
	    0
	    0
	    0
	    0
	    0
	    0
	    0
	    0
 1831	    5	 50.3	 28.5	 14.7	 10.5	 42.7	  8.1	0	    0
	    0
	    0
	    0
	    0
	    0
	    0
	    0
	    0
	    0
	    0
	    0
	    0
 1844	    5	 43.6	 27.7	 14.2	  9.6	 57.3	 68.1	0	    0
	    0
	    0
	    0
 1848	    5	 35.9	 26.2	 13.3	  8.5	 27.2	 82.1	0	    0
	    0
	    0
	    0
	    0
	    0
	    0
	    0
	    0
	    0
	    0
	    0
	    0
	    0
	    0
	    0
 1864	    3	 33.1	 31.5	 22.9	  4.6	 33.1	 34.5	0	    0
	    0
	    0
	    0
	    0
	    0
	    0
	    0
	    0
	    0
	    0
	    0
	    0
	    0
 1878	    3	 33.6	 32.6	 23.9	  4.6	 64.6	 12.1	0	    0
	    0
	    0
	    0
	    0
	    0
	    0
	    0
	    0
	    0
	    0
	    0
	    0
	    0
	    0
	    0
	    0
	    0
	    0
	    0
	    0
	    0
	    0
	    0
	    0
	    0
	    0
	    0
	    0
	    0
	    0
	    0
	    0
	    0
	    0
	    0
	    0
	    0
 1916	    3	 32.6	 31.9	 23.3	  4.5	 66.4	 64.0	0	    0
	    0
 1918	    5	 42.9	 27.4	 14.0	  9.5	  4.4	 37.6	0	    0
	    0
	    0
	    0
	    0
	    0
	    0
	    0
	    0
	    0
	    0
	    0
	    0
	    0
	    0
	    0
	    0
	    0
	    0
 1937	    3	 33.6	 32.1	 23.4	  4.6	 13.1	 55.0	0	    0
	    0
 1939	    5	 44.0	 27.6	 14.1	  9.7	 35.2	 39.9	0	    0
	    0
	    0
	    0
	    0
	    0
	    0
	    0
	    0
	    0
	    0
	    0
	    0
	    0
 1953	    5	 46.1	 28.3	 14.5	  9.9	 29.6	  1.9	0	    0
	    0
	    0
	    0
	    0
	    0
	    0
	    0
	    0
	    0
	    0
 1964	    3	 30.8	 31.0	 22.5	  4.4	  8.2	 50.7	0	    0
	    0
	    0
	    0
	    0
	    0
	    0
	    0
	    0
	    0
	    0
	    0
	    0
	    0
	    0
	    0
	    0
	    0
	    0
 1983	    5	 48.5	 28.1	 14.5	 10.3	  9.5	  0.4	0	    0
	    0
	    0
	    0
	    0
	    0
	    0
	    0
	    0
	    0
	    0
	    0
	    0
	    0
	    0
	    0
 1999	    5	 40.7	 27.3	 13.9	  9.2	 69.0	 74.2	0	    0
	    0
	    0
	    0
	    0
	    0
	    0
	    0
	    0
	    0
	    0
	    0
	    0
	    0
	    0
	    0
	    0
	    0
	    0
	    0
	    0
	    0
	    0
	    0
	    0
	    0
	    0
	    0
	    0
	    0
	    0
	    0
	    0
	    0
	    0
	    0
	    0
	    0
	    0
	    0
	    0
	    0
	    0
	    0
	    0
 2044	    5	 41.1	 27.4	 14.0	  9.2	 86.6	  6.4	1	    0
	    0
	    0
	    0
 2048	    3	 35.2	 32.8	 24.1	  4.8	 20.8	 68.1	0	    0
	    0
	    0
	    0
	    0
	    0
	    0
	    0
	    0
	    0
	    0
	    0
	    0
	    0
	    0
	    0
	    0
	    0
	    0
	    0
	    0
	    0
	    0
	    0
	    0
	    0
	    0
	    0
	    0
	    0
	    0
 2079	    3	 31.9	 31.5	 22.9	  4.5	 87.4	 39.4	0	    0
 2080	    5	 40.0	 27.0	 13.8	  9.1	  0.4	 35.3	1	    0
	    0
	    0
	    0
	    0
	    0
	    0
	    0
	    0
	    0
	    0
	    0
	    0
	    0
	    0
	    0
 2096	    3	 31.2	 31.4	 22.9	  4.4	 78.6	 62.4	1	    0
	    0
	    0
	    0
	    0
 2101	    3	 33.1	 31.9	 23.2	  4.6	 32.9	 23.9	0	    0
	    0
	    0
	    0
	    0
	    0
	    0
	    0
	    0
	    0
	    0
	    0
	    0
	    0
	    0
 2116	    5	 47.0	 28.1	 14.4	 10.1	 24.3	 35.0	0	    0
	    0
	    0
	    0
	    0
	    0
	    0
	    0
	    0
	    0
	    0
	    0
	    0
	    0
	    0
	    0
	    0
	    0
	    0
	    0
	    0
	    0
	    0
	    0
	    0
	    0
	    0
	    0
	    0
	    0
	    0
	    0
	    0
	    0
	    0
 2151	    3	 33.5	 31.9	 23.3	  4.6	  7.4	 83.3	0	    0
 2152	    3	 35.0	 32.3	 23.6	  4.8	 37.6	  2.0	0	    0
	    0
	    0
	    0
	    0
	    0
	    0
	    0
	    0
	    0
	    0
	    0
	    0
	    0
	    0
	    0
	    0
	    0
	    0
	    0
	    0
	    0
	    0
	    0
	    0
	    0
	    0
	    0
	    0
	    0
	    0
	    0
	    0
	    0
	    0
	    0
	    0
	    0
	    0
	    0
	    0
	    0
	    0
	    0
	    0
	    0
	    0
	    0
	    0
	    0
	    0
	    0
 2204	    3	 35.6	 33.1	 24.3	  4.8	 97.8	 11.1	0	    0
	    0
	    0
 2207	    3	 34.0	 31.4	 22.7	  4.7	 80.5	 92.6	0	    0
	    0
	    0
	    0
 2211	    5	 47.7	 28.2	 14.5	 10.2	 25.2	 21.8	0	    0
	    0
	    0
	    0
	    0
	    0
	    0
	    0
	    0
	    0
	    0
	    0
	    0
	    0
	    0
	    0
	    0
	    0
	    0
	    0
	    0
	    0
	    0
	    0
	    0
	    0
	    0
	    0
	    0
	    0
	    0
	    0
	    0
	    0
	    0
	    0
	    0
	    0
	    0
	    0
	    0
	    0
	    0
	    0
	    0
	    0
	    0
	    0
	    0
	    0
	    0
	    0
	    0
	    0
	    0
	    0
	    0
 2268	    5	 42.3	 27.6	 14.1	  9.4	 57.1	 31.0	0	    0
	    0
	    0
	    0
	    0
	    0
	    0
	    0
	    0
	    0
	    0
	    0
	    0
	    0
	    0
	    0
	    0
	    0
 2286	    3	 32.3	 31.8	 23.2	  4.5	 31.8	 27.9	0	    0
	    0
	    0
	    0
	    0
	    0
	    0
	    0
	    0
	    0
	    0
	    0
	    0
	    0
	    0
 2301	    3	 34.2	 32.3	 23.6	  4.7	 43.7	 68.4	0	    0
	    0
	    0
	    0
	    0
	    0
	    0
	    0
	    0
	    0
	    0
	    0
	    0
	    0
	    0
	    0
	    0
 2318	    5	 46.3	 27.6	 14.2	 10.0	 32.7	 99.3	0	    0
	    0
	    0
	    0
	    0
	    0
	    0
	    0
 2326	    5	 44.4	 27.6	 14.1	  9.7	 87.6	 11.2	0	    0
	    0
	    0
	    0
	    0
	    0
	    0
	    0
	    0
	    0
	    0
	    0
	    0
	    0
	    0
	    0
	    0
	    0
	    0
	    0
	    0
	    0
	    0
	    0
	    0
	    0
	    0
	    0
	    0
	    0
	    0
	    0
	    0
	    0
	    0
	    0
	    0
	    0
	    0
	    0
	    0
	    0
	    0
	    0
	    0
 2371	    3	 33.8	 32.6	 23.9	  4.6	 80.7	  9.8	0	    0
	    0
	    0
 2374	    3	 34.6	 32.7	 24.0	  4.7	 68.1	 51.8	0	    0
	    0
	    0
	    0
	    0
	    0
	    0
	    0
	    0
	    0
	    0
	    0
	    0
	    0
	    0
	    0
	    0
	    0
	    0
	    0
	    0
	    0
	    0
	    0
	    0
	    0
	    0
	    0
	    0
	    0
 2404	    5	 46.5	 27.9	 14.3	 10.0	 94.5	 85.9	0	    0
 2405	    5	 40.0	 27.1	 13.9	  9.1	 31.6	 93.0	0	    0
	    0
	    0
	    0
	    0
	    0
	    0
	    0
	    0
	    0
	    0
	    0
	    0
	    0
	    0
	    0
	    0
	    0
	    0
	    0
	    0
	    0
	    0
	    0
	    0
	    0
 2431	    5	 36.7	 26.4	 13.4	  8.6	 71.6	 17.6	0	    0
	    0
	    0
	    0
	    0
	    0
	    0
	    0
	    0
	    0
	    0
	    0
 2443	    5	 47.0	 27.7	 14.2	 10.1	 65.6	  7.5	0	    0
	    0
	    0
	    0
	    0
	    0
	    0
	    0
	    0
	    0
	    0
	    0
	    0
	    0
	    0
	    0
	    0
	    0
	    0
	    0
	    0
	    0
	    0
	    0
	    0
 2468	    5	 43.1	 26.9	 13.8	  9.6	 50.7	 14.9	0	    0
	    0
	    0
	    0
	    0
	    0
	    0
	    0
	    0
	    0
	    0
	    0
	    0
	    0
	    0
	    0
	    0
	    0
	    0
	    0
	    0
	    0
	    0
	    0
	    0
	    0
	    0
	    0
	    0
	    0
	    0
	    0
	    0
	    0
	    0
	    0
	    0
	    0
	    0
	    0
	    0
	    0
	    0
	    0
	    0
	    0
 2514	    5	 47.9	 27.9	 14.3	 10.3	 85.2	 61.7	0	    0
	    0
	    0
 2517	    3	 33.2	 31.8	 23.2	  4.6	 44.5	 47.1	0	    0
	    0
	    0
	    0
	    0
	    0
	    0
	    0
	    0
	    0
	    0
	    0
	    0
	    0
	    0
	    0
	    0
	    0
	    0
	    0
	    0
	    0
	    0
	    0
	    0
	    0
	    0
	    0
	    0
 2546	    5	 40.1	 27.2	 13.9	  9.1	 49.8	 63.6	1	    0
	    0
	    0
	    0
	    0
	    0
	    0
	    0
	    0
	    0
	    0
	    0
	    0
	    0
	    0
 2561	    5	 38.5	 26.7	 13.6	  8.9	 85.7	 36.5	0	    0
	    0
	    0
	    0
	    0
	    0
	    0
	    0
 2569	    3	 34.0	 32.5	 23.8	  4.6	 55.0	 71.0	0	    0
	    0
	    0
	    0
	    0
	    0
	    0
	    0
	    0
	    0
	    0
	    0
	    0
	    0
	    0
	    0
	    0
	    0
	    0
	    0
	    0
	    0
	    0
	    0
	    0
	    0
	    0
	    0
	    0
	    0
	    0
	    0
	    0
	    0
	    0
	    0
	    0
	    0
	    0
	    0
	    0
	    0
	    0
	    0
	    0
	    0
	    0
	    0
	    0
	    0
	    0
	    0
	    0
	    0
	    0
 2624	    3	 33.3	 31.8	 23.1	  4.6	 30.6	 84.7	0	    0
	    0
	    0
	    0
	    0
	    0
	    0
	    0
 2632	    3	 32.3	 32.1	 23.5	  4.5	 82.6	 90.8	0	    0
	    0
	    0
	    0
 2636	    5	 47.1	 27.7	 14.2	 10.1	  2.7	  4.0	0	    0
	    0
	    0
	    0
	    0
	    0
	    0
	    0
	    0
	    0
	    0
	    0
	    0
	    0
	    0
	    0
 2652	    5	 39.2	 27.1	 13.8	  8.9	 19.3	 68.1	0	    0
	    0
	    0
	    0
	    0
	    0
	    0
	    0
	    0
	    0
	    0
	    0
	    0
	    0
	    0
	    0
	    0
	    0
	    0
	    0
	    0
	    0
 2674	    5	 44.5	 28.0	 14.3	  9.7	 30.3	 15.7	0	    0
	    0
	    0
	    0
	    0
 2679	    3	 33.4	 32.2	 23.5	  4.6	 17.1	 78.1	0	    0
	    0
	    0
 2682	    5	 43.7	 27.6	 14.1	  9.6	 36.1	 78.8	0	    0
	    0
	    0
	    0
	    0
	    0
	    0
	    0
	    0
	    0
	    0
	    0
	    0
	    0
	    0
	    0
	    0
	    0
	    0
	    0
 2702	    5	 35.7	 26.5	 13.5	  8.4	 84.3	 38.6	0	    0
	    0
	    0
	    0
	    0
	    0
	    0
	    0
	    0
	    0
	    0
	    0
	    0
	    0
	    0
	    0
	    0
 2719	    5	 47.1	 28.1	 14.4	 10.1	 44.7	 56.7	0	    0
	    0
	    0
	    0
	    0
	    0
	    0
	    0
	    0
	    0
	    0
	    0
	    0
	    0
	    0
	    0
	    0
	    0
	    0
	    0
	    0
	    0
	    0
	    0
	    0
	    0
 2745	    3	 30.3	 31.1	 22.7	  4.3	 60.5	 38.9	0	    0
	    0
	    0
	    0
	    0
	    0
	    0
	    0
	    0
	    0
	    0
 2756	    3	 33.1	 32.2	 23.5	  4.6	 48.0	 90.4	0	    0
	    0
	    0
	    0
	    0
	    0
	    0
	    0
	    0
	    0
	    0
	    0
	    0
	    0
	    0
	    0
	    0
	    0
	    0
	    0
	    0
	    0
	    0
	    0
	    0
	    0
	    0
	    0
	    0
	    0
	    0
	    0
	    0
	    0
	    0
	    0
	    0
	    0
 2794	    3	 34.3	 32.8	 24.0	  4.7	 97.4	 98.5	0	    0
	    0
	    0
	    0
	    0
	    0
	    0
	    0
	    0
	    0
	    0
	    0
 2806	    5	 45.6	 27.9	 14.3	  9.9	 15.0	 81.8	0	    0
	    0
	    0
	    0
	    0
	    0
	    0
	    0
	    0
	    0
	    0
	    0
	    0
	    0
	    0
	    0
	    0
	    0
	    0
	    0
	    0
	    0
	    0
	    0
	    0
	    0
	    0
	    0
	    0
	    0
 2836	    3	 30.7	 31.1	 22.7	  4.3	 69.1	 24.2	0	    0
	    0
	    0
	    0
 2840	    5	 40.1	 26.8	 13.7	  9.1	 20.0	 11.0	1	    0
	    0
	    0
	    0
	    0
	    0
	    0
 2847	    3	 33.9	 32.4	 23.7	  4.6	 11.0	 79.2	0	    0
	    0
	    0
	    0
	    0
	    0
	    0
	    0
	    0
	    0
	    0
	    0
	    0
	    0
	    0
	    0
	    0
	    0
	    0
	    0
	    0
	    0
	    0
	    0
	    0
	    0
	    0
	    0
	    0
	    0
	    0
	    0
	    0
	    0
	    0
	    0
	    0
	    0
	    0
	    0
	    0
	    0
 2889	    5	 37.6	 27.1	 13.8	  8.6	 36.1	 27.4	0	    0
	    0
	    0
	    0
	    0
	    0
	    0
	    0
	    0
	    0
	    0
	    0
	    0
	    0
	    0
	    0
	    0
	    0
	    0
	    0
	    0
	    0
	    0
	    0
	    0
	    0
	    0
	    0
	    0
	    0
	    0
	    0
	    0
 2922	    3	 33.2	 32.5	 23.8	  4.5	  9.5	 63.7	0	    0
	    0
	    0
	    0
	    0
	    0
	    0
	    0
	    0
	    0
	    0
	    0
	    0
	    0
	    0
	    0
	    0
	    0
	    0
	    0
	    0
	    0
	    0
	    0
	    0
	    0
	    0
	    0
 2950	    5	 46.1	 27.7	 14.2	 10.0	 77.5	 66.5	0	    0
	    0
	    0
 2953	    3	 33.6	 31.9	 23.2	  4.6	 82.7	 73.7	0	    0
	    0
	    0
	    0
	    0
	    0
	    0
	    0
	    0
	    0
	    0
	    0
	    0
	    0
	    0
	    0
	    0
	    0
	    0
	    0
	    0
 2974	    5	 38.9	 26.8	 13.6	  8.9	 14.3	 88.8	0	    0
	    0
	    0
	    0
	    0
 2979	    3	 36.2	 33.3	 24.5	  4.8	 25.0	 47.8	0	    0
	    0
	    0
	    0
	    0
	    0
	    0
	    0
	    0
	    0
	    0
	    0
	    0
	    0
	    0
	    0
	    0
	    0
	    0
	    0
	    0
	    0
	    0
	    0
	    0
	    0
	    0
	    0
	    0
	    0
	    0
	    0
	    0
	    0
	    0
	    0
	    0
	    0
	    0
	    0
	    0
	    0
	    0
	    0
	    0
	    0
	    0
 3026	    5	 46.9	 27.9	 14.3	 10.1	  3.5	 13.3	0	    0
	    0
	    0
	    0
	    0
	    0
	    0
	    0
	    0
	    0
	    0
	    0
	    0
	    0
	    0
	    0
	    0
	    0
	    0
	    0
	    0
	    0
	    0
	    0
	    0
	    0
	    0
	    0
	    0
	    0
	    0
	    0
	    0
	    0
	    0
	    0
	    0
	    0
 3064	    3	 30.4	 31.1	 22.7	  4.3	 30.2	 50.2	0	    0
	    0
	    0
	    0
	    0
	    0
	    0
	    0
	    0
	    0
	    0
	    0
	    0
	    0
	    0
	    0
	    0
	    0
	    0
	    0
	    0
	    0
	    0
	    0
	    0
	    0
	    0
	    0
	    0
	    0
	    0
	    0
	    0
	    0
	    0
	    0
 3100	    5	 44.0	 27.7	 14.2	  9.6	 76.8	 29.6	0	    0
	    0
 3102	    3	 35.1	 33.0	 24.2	  4.7	 92.0	 29.6	0	    0
	    0
	    0
	    0
	    0
	    0
	    0
	    0
	    0
	    0
	    0
	    0
	    0
	    0
	    0
	    0
	    0
	    0
	    0
	    0
	    0
	    0
	    0
	    0
	    0
	    0
	    0
 3129	    5	 44.9	 28.0	 14.4	  9.8	 97.9	 33.8	0	    0
	    0
	    0
	    0
	    0
	    0
	    0
	    0
	    0
	    0
	    0
	    0
	    0
	    0
	    0
	    0
	    0
	    0
 3147	    3	 32.6	 32.0	 23.4	  4.5	 17.3	 25.0	0	    0
	    0
	    0
	    0
 3151	    5	 47.6	 28.3	 14.5	 10.1	 49.1	 44.4	0	    0
	    0
 3153	    5	 40.2	 27.3	 13.9	  9.1	 69.6	 30.9	0	    0
	    0
	    0
 3156	    5	 45.4	 28.0	 14.3	  9.8	 31.2	 67.4	0	    0
	    0
	    0
	    0
 3160	    3	 32.6	 32.2	 23.6	  4.5	 24.7	 68.4	0	    0
	    0
	    0
	    0
	    0
	    0
	    0
	    0
	    0
	    0
	    0
	    0
	    0
	    0
	    0
	    0
	    0
	    0
	    0
	    0
	    0
	    0
	    0
	    0
	    0
	    0
	    0
	    0
	    0
	    0
	    0
	    0
	    0
	    0
	    0
	    0
	    0
	    0
	    0
	    0
	    0
	    0
	    0
	    0
 3204	    3	 32.0	 31.8	 23.3	  4.4	 49.6	 25.3	0	    0
	    0
	    0
	    0
	    0
	    0
	    0
	    0
	    0
	    0
	    0
	    0
	    0
 3217	    3	 34.9	 33.0	 24.3	  4.7	 88.2	 15.3	0	    0
	    0
	    0
	    0
	    0
	    0
	    0
	    0
	    0
	    0
	    0
 3228	    3	 32.6	 31.6	 23.0	  4.5	 98.2	 52.1	0	    0
	    0
	    0
	    0
	    0
	    0
	    0
	    0
	    0
	    0
	    0
	    0
	    0
	    0
	    0
	    0
	    0
	    0
	    0
	    0
	    0
	    0
	    0
	    0
	    0
	    0
	    0
	    0
	    0
 3257	    3	 33.7	 32.2	 23.5	  4.6	 26.6	 11.1	0	    0
	    0
	    0
 3260	    3	 28.8	 30.6	 22.3	  4.1	 86.1	 85.4	0	    0
	    0
	    0
	    0
	    0
	    0
 3266	    3	 33.6	 32.3	 23.6	  4.6	 61.1	 17.1	1	    0
	    0
	    0
	    0
	    0
	    0
	    0
 3273	    3	 29.1	 29.4	 21.1	  4.2	 35.6	  5.6	0	    0
	    0
	    0
 3276	    3	 32.8	 32.3	 23.7	  4.5	 74.9	 20.9	0	    0
	    0
	    0
	    0
	    0
	    0
	    0
	    0
	    0
	    0
	    0
	    0
	    0
	    0
	    0
	    0
	    0
	    0
	    0
	    0
	    0
	    0
	    0
	    0
	    0
	    0
 3302	    5	 43.3	 27.4	 14.0	  9.6	 18.8	 75.9	0	    0
	    0
	    0
	    0
	    0
	    0
	    0
	    0
	    0
	    0
	    0
	    0
	    0
	    0
	    0
	    0
	    0
	    0
	    0
	    0
	    0
	    0
	    0
	    0
	    0
	    0
	    0
	    0
	    0
	    0
	    0
	    0
	    0
	    0
	    0
	    0
	    0
	    0
	    0
	    0
	    0
	    0
	    0
	    0
	    0
	    0
	    0
	    0
	    0
	    0
 3352	    5	 41.9	 27.5	 14.0	  9.3	 93.3	 80.6	0	    0
	    0
	    0
	    0
	    0
	    0
	    0
	    0
	    0
	    0
	    0
	    0
	    0
	    0
	    0
	    0
	    0
	    0
	    0
 3371	    3	 34.9	 32.2	 23.5	  4.8	 98.5	 44.5	0	    0
	    0
	    0
	    0
	    0
	    0
	    0
	    0
	    0
	    0
	    0
	    0
	    0
	    0
	    0
	    0
	    0
	    0
	    0
	    0
	    0
	    0
	    0
	    0
	    0
	    0
	    0
	    0
	    0
	    0
	    0
	    0
	    0
	    0
	    0
	    0
	    0
	    0
	    0
	    0
	    0
	    0
	    0
	    0
	    0
	    0
	    0
	    0
	    0
	    0
	    0
	    0
	    0
	    0
	    0
	    0
	    0
	    0
	    0
	    0
	    0
	    0
	    0
	    0
	    0
	    0
	    0
 3438	    3	 32.9	 31.6	 23.0	  4.6	 27.0	 61.7	0	    0
	    0
	    0
	    0
	    0
	    0
	    0
	    0
	    0
	    0
	    0
	    0
	    0
	    0
	    0
	    0
	    0
	    0
	    0
	    0
	    0
	    0
	    0
	    0
	    0
	    0
	    0
	    0
	    0
	    0
	    0
	    0
	    0
	    0
	    0
	    0
 3474	    3	 34.8	 32.7	 24.0	  4.7	 61.4	 52.1	0	    0
	    0
	    0
 3477	    5	 50.0	 28.4	 14.6	 10.5	 41.1	 37.7	0	    0
 3478	    3	 30.4	 30.8	 22.3	  4.3	 31.5	 38.4	0	    0
	    0
	    0
	    0
	    0
	    0
	    0
 3485	    3	 36.3	 33.0	 24.2	  4.9	  1.6	 35.7	0	    0
	    0
	    0
	    0
	    0
	    0
	    0
	    0
	    0
	    0
	    0
	    0
	    0
	    0
	    0
	    0
	    0
 3502	    5	 40.9	 27.2	 13.9	  9.2	 62.0	 76.8	0	    0
	    0
	    0
 3505	    5	 42.8	 27.3	 14.0	  9.5	 45.2	  1.0	0	    0
	    0
	    0
	    0
	    0
	    0
	    0
	    0
	    0
	    0
 3515	    3	 34.8	 32.2	 23.5	  4.7	 77.8	 11.3	0	    0
	    0
	    0
	    0
	    0
	    0
	    0
	    0
	    0
	    0
	    0
	    0
 3527	    5	 46.4	 27.6	 14.2	 10.1	 97.4	 41.8	0	    0
	    0
	    0
	    0
	    0
	    0
	    0
	    0
	    0
 3536	    3	 31.7	 31.7	 23.2	  4.4	 24.3	 77.8	0	    0
	    0
 3538	    3	 32.6	 31.4	 22.8	  4.5	 29.4	 39.0	1	    0
	    0
	    0
	    0
	    0
	    0
	    0
	    0
	    0
	    0
	    0
	    0
	    0
	    0
	    0
	    0
	    0
	    0
 3556	    3	 34.4	 32.7	 24.0	  4.7	 35.3	 60.1	0	    0
	    0
 3558	    5	 44.8	 27.7	 14.2	  9.8	 78.2	  2.2	0	    0
	    0
	    0
	    0
	    0
	    0
	    0
	    0
	    0
	    0
	    0
	    0
	    0
	    0
	    0
	    0
	    0
	    0
	    0
	    0
	    0
 3579	    3	 33.4	 32.5	 23.8	  4.6	 91.1	 86.6	0	    0
	    0
	    0
	    0
	    0
	    0
	    0
	    0
	    0
	    0
	    0
	    0
	    0
	    0
	    0
	    0
 3595	    5	 46.1	 28.0	 14.4	  9.9	 41.6	 49.2	0	    0
	    0
	    0
	    0
	    0
	    0
	    0
	    0
	    0
	    0
	    0
	    0
	    0
	    0
	    0
	    0
 3611	    3	 34.8	 32.7	 24.0	  4.7	  3.4	 25.6	0	    0
	    0
	    0
	    0
	    0
	    0
	    0
	    0
 3619	    3	 32.3	 31.5	 22.9	  4.5	 60.0	  4.0	0	    0
	    0
	    0
	    0
	    0
	    0
	    0
	    0
	    0
	    0
	    0
	    0
	    0
	    0
	    0
	    0
	    0
	    0
	    0
	    0
	    0
	    0
	    0
	    0
	    0
	    0
	    0
	    0
	    0
 3648	    5	 39.3	 27.2	 13.9	  8.9	 70.3	 29.2	0	    0
	    0
	    0
	    0
	    0
	    0
	    0
	    0
	    0
	    0
	    0
	    0
	    0
	    0
	    0
	    0
	    0
	    0
 3666	    3	 34.6	 32.2	 23.5	  4.7	 97.3	 96.4	0	    0
	    0
	    0
	    0
	    0
	    0
	    0
	    0
	    0
	    0
	    0
	    0
 3678	    3	 32.3	 32.3	 23.7	  4.5	  3.6	 67.9	0	    0
	    0
	    0
	    0
	    0
	    0
	    0
	    0
	    0
	    0
	    0
	    0
	    0
	    0
	    0
 3693	    3	 36.5	 33.3	 24.5	  4.9	 66.3	 29.1	0	    0
	    0
	    0
	    0
	    0
	    0
	    0
	    0
	    0
	    0
	    0
	    0
	    0
	    0
	    0
	    0
	    0
	    0
	    0
	    0
	    0
	    0
	    0
	    0
	    0
	    0
	    0
	    0
	    0
	    0
	    0
	    0
	    0
	    0
	    0
	    0
	    0
	    0
	    0
	    0
	    0
	    0
	    0
	    0
	    0
	    0
	    0
	    0
	    0
	    0
	    0
 3744	    3	 35.1	 32.9	 24.2	  4.7	 74.9	 30.5	0	    0
	    0
 3746	    3	 33.6	 32.5	 23.9	  4.6	 53.6	 72.1	0	    0
	    0
 3748	    3	 32.7	 32.1	 23.5	  4.5	  3.6	 75.2	0	    0
 3749	    5	 46.6	 28.1	 14.4	 10.0	 26.9	 41.5	0	    0
	    0
 3751	    5	 46.6	 27.8	 14.3	 10.1	 60.3	 22.0	0	    0
	    0
	    0
	    0
	    0
	    0
	    0
	    0
	    0
	    0
 3761	    3	 34.1	 32.2	 23.5	  4.7	 79.7	 79.8	0	    0
	    0
	    0
	    0
	    0
	    0
	    0
	    0
	    0
 3770	    3	 33.8	 32.6	 23.9	  4.6	 27.6	 30.0	0	    0
	    0
	    0
 3773	    3	 34.4	 32.7	 24.0	  4.7	  2.8	 22.6	1	    0
	    0
	    0
	    0
	    0
	    0
	    0
	    0
	    0
	    0
	    0
	    0
	    0
 3786	    3	 32.3	 31.9	 23.3	  4.5	 53.0	 23.2	0	    0
 3787	    5	 35.1	 26.4	 13.5	  8.3	 24.7	 83.1	0	    0
	    0
	    0
	    0
	    0
	    0
	    0
	    0
	    0
	    0
 3797	    3	 31.6	 31.2	 22.7	  4.4	 17.4	 37.6	0	    0
	    0
	    0
	    0
	    0
 3802	    3	 35.0	 32.9	 24.1	  4.7	 63.5	 36.5	0	    0
	    0
	    0
	    0
	    0
	    0
	    0
	    0
	    0
	    0
	    0
	    0
	    0
	    0
	    0
	    0
	    0
	    0
 3820	    5	 48.1	 28.2	 14.5	 10.2	 86.5	 25.1	0	    0
	    0
	    0
	    0
	    0
	    0
	    0
	    0
	    0
	    0
	    0
	    0
	    0
	    0
	    0
	    0
	    0
	    0
	    0
	    0
	    0
	    0
	    0
	    0
	    0
	    0
	    0
	    0
	    0
	    0
	    0
	    0
	    0
	    0
	    0
	    0
	    0
	    0
	    0
	    0
	    0
	    0
	    0
	    0
	    0
	    0
	    0
	    0
	    0
	    0
	    0
	    0
	    0
	    0
	    0
	    0
	    0
	    0
	    0
	    0
	    0
	    0
	    0
	    0
	    0
 3885	    5	 48.2	 28.1	 14.4	 10.3	 56.0	 53.9	0	    0
	    0
	    0
 3888	    5	 41.2	 27.4	 14.0	  9.2	  9.8	 81.3	0	    0
	    0
	    0
	    0
	    0
	    0
	    0
	    0
	    0
	    0
	    0
	    0
	    0
	    0
	    0
	    0
	    0
	    0
	    0
	    0
	    0
	    0
	    0
	    0
	    0
	    0
	    0
	    0
	    0
	    0
	    0
	    0
	    0
	    0
	    0
	    0
	    0
	    0
	    0
	    0
	    0
	    0
	    0
	    0
	    0
	    0
	    0
	    0
	    0
	    0
	    0
	    0
	    0
	    0
	    0
	    0
	    0
	    0
	    0
	    0
	    0
	    0
	    0
	    0
	    0
	    0
	    0
 3955	    3	 36.8	 33.4	 24.5	  4.9	 33.0	 43.9	0	    0
	    0
	    0
	    0
	    0
	    0
	    0
	    0
	    0
	    0
	    0
	    0
	    0
	    0
	    0
	    0
	    0
 3972	    3	 33.3	 31.9	 23.3	  4.6	 44.2	  0.7	0	    0
	    0
	    0
	    0
	    0
	    0
	    0
	    0
	    0
	    0
	    0
	    0
	    0
	    0
	    0
	    0
	    0
	    0
	    0
	    0
	    0
	    0
	    0
	    0
	    0
	    0
	    0
	    0
 4000	    5	 43.3	 27.7	 14.2	  9.5	 84.7	 42.4	1	    0
	    0
	    0
	    0
	    0
	    0
	    0
	    0
	    0
	    0
	    0
	    0
	    0
	    0
	    0
 4015	    3	 31.2	 31.0	 22.5	  4.4	 45.6	 77.0	0	    0
	    0
	    0
	    0
	    0
	    0
	    0
	    0
	    0
 4024	    5	 37.8	 26.6	 13.5	  8.7	  9.2	 76.0	1	    0
	    0
	    0
	    0
	    0
	    0
	    0
	    0
	    0
	    0
	    0
	    0
	    0
	    0
	    0
	    0
	    0
	    0
	    0
	    0
	    0
	    0
	    0
	    0
	    0
	    0
	    0
	    0
	    0
	    0
	    0
	    0
	    0
	    0
	    0
 4059	    3	 33.4	 32.3	 23.7	  4.6	 53.3	 42.3	0	    0
	    0
	    0
	    0
	    0
	    0
	    0
	    0
	    0
	    0
	    0
	    0
	    0
	    0
	    0
 4074	    3	 34.0	 32.7	 24.0	  4.6	 94.7	 32.1	0	    0
	    0
	    0
	    0
	    0
 4079	    3	 34.0	 32.6	 23.9	  4.6	 23.2	  8.8	0	    0
	    0
	    0
	    0
	    0
	    0
	    0
	    0
	    0
	    0
	    0
	    0
	    0
	    0
	    0
	    0
	    0
	    0
	    0
	    0
	    0
 4100	    5	 46.2	 27.4	 14.0	 10.1	 13.8	 48.6	0	    0
	    0
	    0
	    0
	    0
	    0
	    0
	    0
	    0
	    0
	    0
	    0
	    0
	    0
	    0
	    0
	    0
	    0
	    0
	    0
	    0
	    0
	    0
	    0
	    0
	    0
	    0
	    0
	    0
	    0
	    0
	    0
	    0
	    0
	    0
	    0
	    0
	    0
	    0
	    0
	    0
	    0
	    0
	    0
	    0
	    0
	    0
	    0
 4148	    3	 31.0	 31.3	 22.8	  4.4	 95.1	 54.4	0	    0
	    0
	    0
	    0
	    0
	    0
 4154	    5	 47.6	 28.3	 14.5	 10.1	 49.2	  5.0	0	    0
	    0
	    0
	    0
	    0
	    0
	    0
	    0
	    0
	    0
	    0
	    0
	    0
	    0
	    0
	    0
	    0
	    0
	    0
	    0
	    0
	    0
	    0
	    0
	    0
	    0
	    0
	    0
	    0
	    0
	    0
	    0
	    0
	    0
	    0
	    0
	    0
	    0
	    0
	    0
	    0
	    0
	    0
	    0
	    0
	    0
	    0
	    0
	    0
	    0
	    0
	    0
	    0
	    0
	    0
 4209	    3	 36.2	 33.1	 24.3	  4.9	 19.0	 27.1	0	    0
	    0
	    0
	    0
	    0
	    0
	    0
	    0
	    0
	    0
	    0
	    0
	    0
	    0
	    0
	    0
	    0
	    0
	    0
	    0
	    0
	    0
	    0
	    0
	    0
	    0
	    0
	    0
	    0
	    0
	    0
	    0
	    0
	    0
	    0
	    0
	    0
	    0
	    0
	    0
	    0
	    0
 4251	    3	 33.5	 32.2	 23.5	  4.6	 98.5	 13.8	0	    0
	    0
	    0
	    0
	    0
	    0
	    0
	    0
	    0
	    0
	    0
 4262	    5	 40.5	 27.2	 13.9	  9.1	 46.9	 75.3	0	    0
	    0
	    0
	    0
	    0
 4267	    3	 31.2	 31.6	 23.2	  4.4	 91.2	 75.3	0	    0
	    0
	    0
	    0
	    0
	    0
	    0
	    0
	    0
	    0
	    0
	    0
	    0
	    0
	    0
	    0
	    0
	    0
	    0
	    0
 4287	    5	 42.4	 27.5	 14.0	  9.4	 18.5	 44.3	0	    0
	    0
	    0
	    0
	    0
	    0
	    0
	    0
	    0
	    0
	    0
	    0
	    0
	    0
	    0
	    0
	    0
	    0
	    0
	    0
	    0
	    0
	    0
	    0
	    0
	    0
	    0
	    0
	    0
	    0
 4317	    3	 32.3	 31.9	 23.3	  4.5	 24.8	 78.2	0	    0
	    0
	    0
	    0
	    0
	    0
	    0
	    0
	    0
	    0
	    0
	    0
 4329	    5	 45.5	 27.6	 14.1	  9.9	 89.3	 53.5	0	    0
	    0
	    0
	    0
	    0
	    0
	    0
	    0
	    0
 4338	    5	 48.3	 28.5	 14.7	 10.2	 45.2	 81.2	0	    0
	    0
 4340	    3	 31.6	 31.5	 23.0	  4.4	 25.2	 74.9	0	    0
 4341	    3	 33.5	 32.2	 23.5	  4.6	 91.6	 58.9	0	    0
 4342	    5	 42.6	 27.6	 14.1	  9.4	 12.9	 76.5	0	    0
	    0
	    0
	    0
	    0
	    0
	    0
	    0
	    0
	    0
	    0
	    0
	    0
	    0
	    0
	    0
	    0
	    0
	    0
	    0
	    0
	    0
	    0
	    0
	    0
	    0
	    0
	    0
	    0
	    0
	    0
	    0
	    0
	    0
	    0
	    0
	    0
	    0
	    0
	    0
 4382	    5	 52.7	 28.7	 14.8	 10.9	 36.6	  8.6	0	    0
	    0
	    0
	    0
	    0
	    0
	    0
	    0
	    0
	    0
	    0
	    0
	    0
 4395	    3	 34.3	 32.8	 24.1	  4.7	 61.6	 71.5	0	    0
	    0
 4397	    5	 47.6	 28.0	 14.4	 10.2	  7.9	  6.7	1	    0
	    0
	    0
	    0
	    0
	    0
	    0
	    0
	    0
	    0
	    0
	    0
 4409	    5	 43.7	 27.9	 14.3	  9.6	 89.9	 41.6	0	    0
 4410	    5	 46.7	 28.0	 14.4	 10.0	 94.8	  2.5	0	    0
	    0
	    0
	    0
	    0
	    0
	    0
	    0
	    0
	    0
	    0
	    0
	    0
	    0
	    0
	    0
	    0
	    0
	    0
	    0
	    0
	    0
	    0
	    0
 4434	    5	 46.1	 27.7	 14.2	 10.0	 73.3	  4.8	0	    0
	    0
	    0
	    0
	    0
	    0
	    0
	    0
 4442	    3	 31.8	 31.7	 23.1	  4.4	 42.3	 12.0	0	    0
	    0
	    0
	    0
	    0
	    0
 4448	    5	 38.0	 26.8	 13.7	  8.7	 83.0	 40.9	0	    0
	    0
	    0
	    0
	    0
	    0
	    0
	    0
	    0
	    0
	    0
	    0
	    0
	    0
	    0
	    0
	    0
	    0
	    0
	    0
 4468	    3	 33.8	 32.7	 24.0	  4.6	 60.2	 89.2	0	    0
	    0
	    0
	    0
	    0
	    0
	    0
	    0
 4476	    3	 33.9	 32.4	 23.7	  4.6	 93.5	 70.4	0	    0
	    0
	    0
	    0
	    0
	    0
	    0
	    0
	    0
	    0
	    0
 4487	    3	 31.0	 31.4	 23.0	  4.4	 27.5	 70.9	0	    0
	    0
	    0
	    0
	    0
	    0
	    0
	    0
	    0
	    0
	    0
	    0
	    0
	    0
	    0
	    0
	    0
	    0
 4505	    3	 32.4	 32.0	 23.4	  4.5	 10.2	 55.7	0	    0
	    0
	    0
 4508	    3	 30.3	 31.1	 22.7	  4.3	  3.8	 44.1	0	    0
	    0
	    0
 4511	    5	 44.9	 28.1	 14.4	  9.7	 62.7	 61.8	0	    0
	    0
	    0
	    0
	    0
	    0
 4517	    5	 44.0	 27.6	 14.1	  9.7	 97.4	 20.8	0	    0
	    0
	    0
	    0
	    0
	    0
	    0
 4524	    3	 34.6	 32.8	 24.1	  4.7	 53.3	  3.4	0	    0
	    0
	    0
	    0
	    0
	    0
	    0
	    0
	    0
	    0
	    0
	    0
	    0
	    0
	    0
	    0
	    0
	    0
	    0
	    0
	    0
	    0
	    0
	    0
	    0
	    0
	    0
	    0
	    0
	    0
 4554	    3	 31.3	 31.4	 22.9	  4.4	 89.6	 93.8	0	    0
	    0
	    0
	    0
	    0
	    0
	    0
	    0
	    0
	    0
	    0
	    0
	    0
	    0
	    0
	    0
	    0
	    0
	    0
	    0
	    0
	    0
	    0
	    0
	    0
	    0
	    0
	    0
	    0
	    0
	    0
	    0
	    0
	    0
	    0
	    0
	    0
	    0
 4592	    3	 35.4	 32.8	 24.0	  4.8	 76.8	 44.6	0	    0
	    0
	    0
 4595	    5	 41.1	 26.9	 13.7	  9.3	 35.4	  2.1	0	    0
	    0
	    0
	    0
	    0
	    0
	    0
	    0
	    0
	    0
	    0
	    0
	    0
	    0
	    0
 4610	    5	 44.8	 28.0	 14.4	  9.7	  8.7	 18.2	0	    0
	    0
 4612	    5	 42.7	 27.4	 14.0	  9.5	 50.8	 66.3	0	    0
	    0
	    0
	    0
	    0
	    0
	    0
	    0
	    0
	    0
	    0
	    0
	    0
	    0
	    0
	    0
	    0
	    0
 4630	    3	 32.6	 32.3	 23.7	  4.5	  9.4	 84.0	0	    0
	    0
	    0
	    0
	    0
	    0
 4636	    5	 43.3	 27.5	 14.1	  9.6	 63.9	 68.6	0	    0
	    0
	    0
	    0
	    0
	    0
	    0
	    0
	    0
	    0
	    0
 4647	    3	 35.3	 33.0	 24.3	  4.8	 64.7	 33.2	0	    0
	    0
	    0
	    0
	    0
	    0
	    0
 4654	    5	 45.0	 28.3	 14.5	  9.7	 67.8	 58.9	1	    0
	    0
	    0
	    0
	    0
	    0
	    0
	    0
	    0
	    0
	    0
	    0
	    0
	    0
	    0
	    0
	    0
	    0
	    0
	    0
	    0
	    0
	    0
	    0
	    0
	    0
	    0
	    0
	    0
	    0
	    0
	    0
	    0
	    0
	    0
	    0
 4690	    5	 42.2	 27.3	 13.9	  9.4	 16.1	 67.5	0	    0
	    0
	    0
	    0
	    0
	    0
	    0
	    0
	    0
	    0
	    0
	    0
	    0
	    0
	    0
	    0
	    0
	    0
	    0
	    0
	    0
	    0
	    0
	    0
	    0
	    0
	    0
	    0
	    0
	    0
	    0
	    0
	    0
	    0
	    0
	    0
	    0
	    0
	    0
	    0
	    0
	    0
	    0
	    0
	    0
	    0
	    0
	    0
	    0
	    0
	    0
	    0
	    0
	    0
	    0
	    0
	    0
	    0
	    0
	    0
	    0
	    0
	    0
	    0
	    0
	    0
	    0
	    0
	    0
	    0
	    0
	    0
	    0
	    0
	    0
	    0
	    0
	    0
	    0
	    0
 4770	    3	 34.4	 32.9	 24.2	  4.7	 10.8	 45.7	0	    0
	    0
	    0
	    0
	    0
 4775	    3	 34.4	 32.8	 24.1	  4.7	 15.9	 56.0	0	    0
	    0
	    0
	    0
	    0
	    0
	    0
	    0
	    0
	    0
	    0
	    0
	    0
	    0
	    0
	    0
	    0
 4792	    5	 43.6	 27.6	 14.1	  9.6	  8.2	 99.6	0	    0
	    0
	    0
	    0
	    0
	    0
	    0
	    0
	    0
	    0
	    0
	    0
	    0
	    0
	    0
	    0
	    0
	    0
	    0
	    0
	    0
	    0
	    0
	    0
	    0
	    0
 4818	    5	 39.1	 26.8	 13.7	  8.9	 96.5	 78.5	0	    0
	    0
	    0
	    0
	    0
	    0
	    0
	    0
	    0
	    0
	    0
	    0
	    0
	    0
	    0
	    0
	    0
	    0
	    0
	    0
	    0
	    0
	    0
	    0
	    0
	    0
	    0
	    0
	    0
	    0
	    0
	    0
	    0
	    0
	    0
	    0
	    0
	    0
	    0
 4857	    5	 39.2	 27.0	 13.8	  8.9	 60.8	 78.7	0	    0
	    0
	    0
	    0
	    0
 4862	    5	 47.2	 28.2	 14.5	 10.1	 52.4	 85.0	0	    0
	    0
	    0
	    0
 4866	    3	 32.3	 32.3	 23.7	  4.5	 74.5	 71.1	0	    0
	    0
	    0
	    0
	    0
	    0
	    0
	    0
	    0
	    0
	    0
	    0
	    0
	    0
	    0
	    0
	    0
	    0
	    0
	    0
	    0
	    0
	    0
	    0
	    0
	    0
	    0
	    0
	    0
	    0
 4896	    3	 31.8	 31.5	 23.0	  4.4	 69.2	 16.8	0	    0
	    0
	    0
	    0
	    0
	    0
	    0
	    0
	    0
	    0
 4906	    5	 44.2	 28.1	 14.4	  9.6	  3.2	 30.6	0	    0
	    0
 4908	    3	 34.2	 32.5	 23.8	  4.7	 80.1	 90.5	0	    0
	    0
	    0
	    0
 4912	    3	 31.5	 31.1	 22.6	  4.4	 47.1	 41.4	0	    0
	    0
	    0
 4915	    3	 30.3	 31.5	 23.1	  4.3	 13.6	 62.8	0	    0
	    0
	    0
	    0
	    0
	    0
	    0
	    0
	    0
	    0
	    0
	    0
	    0
	    0
	    0
 4930	    3	 32.0	 32.2	 23.6	  4.4	 68.9	 98.1	0	    0
	    0
	    0
	    0
	    0
	    0
	    0
	    0
	    0
	    0
	    0
	    0
	    0
	    0
	    0
	    0
	    0
 4947	    3	 32.4	 30.9	 22.3	  4.6	 60.9	 78.4	0	    0
	    0
	    0
	    0
	    0
	    0
	    0
	    0
	    0
	    0
	    0
	    0
	    0
 4960	    5	 42.2	 27.6	 14.1	  9.4	 17.4	 63.2	1	    0
 4961	    5	 35.9	 26.8	 13.6	  8.4	 19.8	 65.5	0	    0
	    0
	    0
	    0
 4965	    5	 47.1	 28.2	 14.5	 10.1	 65.1	 81.9	0	    0
	    0
	    0
	    0
	    0
	    0
	    0
	    0
	    0
	    0
 4975	    3	 31.2	 31.4	 22.9	  4.4	 25.3	 31.5	0	    0
	    0
	    0
	    0
	    0
	    0
	    0
	    0
	    0
	    0
	    0
	    0
 4987	    3	 31.6	 31.5	 23.0	  4.4	 79.0	 24.0	0	    0
	    0
	    0
	    0
	    0
	    0
	    0
	    0
	    0
	    0
	    0
	    0
	    0
	    0
