Nr	Art	BHD	h	kra	kd	x	y	kenn	mort
	    0
	    0
	    0
	    0
	    0
	    0
	    0
	    0
	    0
	    0
	    0
	    0
	    0
	    0
	    0
	    0
	    0
	    0
	    0
	    0
	    0
	    0
	    0
	    0
	    0
	    0
	    0
	    0
	    0
	    0
	    0
	    0
	    0
	    0
	    0
	    0
	    0
	    0
	    0
	    0
	    0
	    0
	    0
	    0
	    0
	    0
	    0
	    0
	    0
   50	    5	 44.9	 27.9	 14.3	  9.8	 30.7	 22.8	0	    0
	    0
	    0
	    0
	    0
	    0
	    0
	    0
	    0
	    0
	    0
	    0
	    0
	    0
	    0
	    0
	    0
	    0
	    0
	    0
	    0
	    0
	    0
   73	    5	 44.8	 27.7	 14.2	  9.8	  2.9	100.0	0	    0
	    0
	    0
	    0
	    0
	    0
   79	    5	 31.0	 25.5	 13.0	  7.7	 81.9	 58.9	0	    0
	    0
	    0
	    0
	    0
	    0
	    0
	    0
	    0
	    0
	    0
	    0
	    0
	    0
	    0
   94	    5	 35.3	 26.1	 13.3	  8.4	 27.9	 95.9	0	    0
	    0
	    0
	    0
	    0
	    0
	    0
	    0
	    0
	    0
	    0
	    0
	    0
	    0
	    0
	    0
	    0
	    0
	    0
	    0
	    0
	    0
	    0
	    0
	    0
	    0
	    0
	    0
	    0
	    0
	    0
	    0
	    0
	    0
	    0
	    0
	    0
	    0
	    0
	    0
	    0
	    0
	    0
	    0
	    0
	    0
	    0
	    0
	    0
	    0
	    0
	    0
	    0
	    0
	    0
	    0
  150	    5	 40.0	 27.0	 13.8	  9.1	 91.9	 47.3	0	    0
	    0
  152	    5	 38.2	 26.6	 13.5	  8.8	 78.9	 74.1	0	    0
	    0
	    0
	    0
	    0
	    0
	    0
	    0
	    0
	    0
	    0
	    0
	    0
  165	    5	 41.2	 27.4	 14.0	  9.2	 66.6	 75.4	0	    0
	    0
	    0
	    0
	    0
	    0
	    0
	    0
	    0
	    0
	    0
	    0
	    0
	    0
	    0
  180	    3	 30.8	 31.1	 22.7	  4.3	 62.2	 37.9	0	    0
	    0
	    0
	    0
  184	    5	 45.6	 27.9	 14.3	  9.9	 62.3	  4.7	0	    0
	    0
	    0
  187	    3	 31.9	 32.0	 23.5	  4.4	 15.6	 60.6	0	    0
	    0
  189	    5	 46.0	 27.9	 14.3	  9.9	 51.2	 90.3	0	    0
	    0
	    0
	    0
	    0
	    0
	    0
	    0
	    0
	    0
	    0
	    0
  201	    5	 41.3	 27.2	 13.9	  9.3	 92.9	 37.0	1	    0
	    0
	    0
	    0
	    0
	    0
	    0
	    0
	    0
	    0
	    0
	    0
	    0
	    0
	    0
	    0
  217	    3	 35.1	 32.8	 24.1	  4.8	  9.9	 37.5	0	    0
	    0
	    0
	    0
  221	    5	 42.5	 27.5	 14.1	  9.4	 33.1	 20.2	0	    0
	    0
	    0
	    0
	    0
	    0
	    0
	    0
	    0
	    0
	    0
	    0
  233	    3	 29.8	 30.2	 21.8	  4.3	 34.0	 71.8	0	    0
	    0
	    0
	    0
	    0
	    0
	    0
	    0
	    0
	    0
	    0
	    0
  245	    5	 43.4	 27.3	 14.0	  9.6	  0.8	 93.8	0	    0
	    0
	    0
	    0
	    0
	    0
	    0
	    0
	    0
	    0
  255	    5	 37.6	 26.7	 13.6	  8.7	  5.1	 26.1	0	    0
	    0
	    0
	    0
	    0
	    0
  261	    5	 43.4	 27.6	 14.1	  9.6	 35.8	 71.0	0	    0
	    0
	    0
	    0
  265	    5	 42.0	 27.4	 14.0	  9.4	 96.2	 66.9	0	    0
	    0
	    0
	    0
	    0
	    0
	    0
	    0
	    0
	    0
	    0
	    0
	    0
	    0
	    0
	    0
	    0
	    0
	    0
	    0
	    0
	    0
	    0
	    0
	    0
	    0
	    0
	    0
	    0
	    0
	    0
	    0
	    0
	    0
	    0
  300	    5	 34.3	 26.5	 13.5	  8.1	 58.9	 61.9	0	    0
	    0
	    0
  303	    3	 32.0	 31.2	 22.7	  4.5	 94.1	 21.8	0	    0
	    0
	    0
	    0
	    0
	    0
	    0
	    0
	    0
	    0
  313	    3	 33.5	 32.4	 23.7	  4.6	 30.2	  5.3	0	    0
	    0
	    0
	    0
	    0
	    0
	    0
	    0
	    0
	    0
	    0
	    0
	    0
	    0
	    0
	    0
	    0
	    0
	    0
	    0
	    0
	    0
	    0
  336	    5	 33.2	 25.6	 13.0	  8.0	 63.2	 96.4	0	    0
	    0
	    0
	    0
	    0
	    0
  342	    3	 30.7	 31.5	 23.1	  4.3	 53.0	  2.9	0	    0
	    0
	    0
	    0
  346	    5	 29.9	 24.9	 12.6	  7.5	 61.3	 68.0	1	    0
	    0
  348	    5	 46.6	 28.1	 14.4	 10.0	 98.7	 92.1	0	    0
	    0
	    0
	    0
	    0
	    0
	    0
	    0
	    0
	    0
	    0
	    0
	    0
	    0
	    0
	    0
	    0
	    0
	    0
	    0
	    0
	    0
	    0
	    0
	    0
	    0
	    0
	    0
	    0
	    0
	    0
	    0
	    0
	    0
  382	    5	 40.7	 27.1	 13.8	  9.2	 94.3	 75.8	0	    0
	    0
	    0
	    0
	    0
	    0
	    0
	    0
	    0
  391	    5	 37.5	 27.1	 13.8	  8.6	 54.8	 61.6	0	    0
	    0
	    0
	    0
	    0
	    0
	    0
	    0
	    0
	    0
	    0
	    0
	    0
	    0
	    0
	    0
	    0
	    0
	    0
  410	    5	 40.3	 27.0	 13.8	  9.1	 87.5	  5.9	0	    0
	    0
	    0
	    0
	    0
	    0
	    0
	    0
	    0
	    0
	    0
	    0
	    0
  423	    5	 42.1	 27.8	 14.2	  9.3	 63.4	 64.2	0	    0
	    0
	    0
	    0
	    0
	    0
	    0
	    0
  431	    5	 43.0	 27.8	 14.2	  9.5	  2.6	 36.9	0	    0
	    0
	    0
	    0
	    0
	    0
	    0
	    0
	    0
	    0
	    0
  442	    5	 37.9	 26.5	 13.5	  8.8	 95.7	 80.7	0	    0
	    0
	    0
	    0
	    0
	    0
	    0
	    0
	    0
	    0
	    0
	    0
	    0
	    0
	    0
	    0
	    0
	    0
	    0
	    0
	    0
	    0
	    0
	    0
	    0
	    0
	    0
	    0
	    0
	    0
	    0
	    0
	    0
	    0
	    0
	    0
	    0
	    0
	    0
	    0
	    0
	    0
	    0
	    0
	    0
	    0
  488	    5	 36.3	 26.0	 13.2	  8.6	 78.9	 52.6	0	    0
	    0
	    0
	    0
	    0
	    0
	    0
	    0
	    0
	    0
	    0
	    0
	    0
	    0
	    0
	    0
	    0
	    0
	    0
	    0
  508	    5	 39.5	 27.2	 13.9	  9.0	 88.2	 69.3	1	    0
	    0
	    0
	    0
	    0
	    0
	    0
	    0
	    0
	    0
	    0
	    0
	    0
	    0
	    0
  523	    5	 41.3	 27.3	 13.9	  9.3	 16.5	 69.6	0	    0
	    0
	    0
	    0
	    0
	    0
	    0
	    0
	    0
	    0
	    0
	    0
	    0
	    0
	    0
	    0
	    0
	    0
	    0
  542	    3	 31.2	 31.8	 23.3	  4.4	 73.2	 56.4	0	    0
	    0
	    0
	    0
	    0
	    0
	    0
	    0
	    0
	    0
	    0
	    0
	    0
	    0
	    0
	    0
	    0
	    0
	    0
	    0
	    0
	    0
	    0
	    0
  566	    5	 43.5	 27.7	 14.2	  9.6	 83.5	 95.3	0	    0
  567	    5	 37.1	 26.6	 13.6	  8.6	 32.9	 99.1	0	    0
	    0
	    0
	    0
	    0
	    0
	    0
	    0
	    0
	    0
	    0
	    0
	    0
	    0
	    0
  582	    5	 41.4	 26.7	 13.6	  9.3	 13.6	 97.1	0	    0
	    0
	    0
	    0
	    0
	    0
	    0
	    0
	    0
	    0
	    0
	    0
	    0
  595	    5	 42.2	 27.4	 14.0	  9.4	 69.5	 93.0	0	    0
	    0
	    0
	    0
	    0
	    0
	    0
	    0
	    0
	    0
	    0
	    0
	    0
	    0
	    0
	    0
	    0
	    0
	    0
	    0
	    0
	    0
  617	    3	 32.9	 32.3	 23.7	  4.5	 81.0	 99.1	0	    0
	    0
	    0
	    0
	    0
	    0
  623	    5	 38.6	 27.1	 13.8	  8.8	 57.1	 48.6	0	    0
	    0
	    0
  626	    5	 40.0	 27.1	 13.8	  9.1	 62.6	 27.9	0	    0
	    0
	    0
	    0
	    0
	    0
	    0
	    0
	    0
	    0
  636	    5	 41.2	 27.4	 14.0	  9.2	  7.1	 66.0	0	    0
	    0
	    0
	    0
	    0
	    0
	    0
	    0
	    0
	    0
	    0
	    0
	    0
  649	    5	 40.1	 27.2	 13.9	  9.1	 62.8	 49.7	0	    0
	    0
	    0
  652	    5	 44.2	 27.3	 14.0	  9.7	 80.7	 22.5	0	    0
	    0
	    0
	    0
	    0
	    0
	    0
	    0
	    0
	    0
	    0
	    0
	    0
  665	    3	 31.2	 31.2	 22.7	  4.4	 54.5	 96.8	0	    0
	    0
	    0
	    0
	    0
	    0
	    0
	    0
	    0
	    0
	    0
	    0
	    0
	    0
	    0
	    0
  681	    5	 40.5	 27.2	 13.9	  9.1	 64.0	 46.2	0	    0
	    0
	    0
  684	    5	 42.1	 27.7	 14.2	  9.3	 57.7	 82.6	0	    0
	    0
	    0
	    0
	    0
	    0
	    0
	    0
	    0
	    0
	    0
	    0
  696	    5	 41.8	 27.3	 14.0	  9.3	 26.6	 60.7	0	    0
	    0
	    0
	    0
	    0
	    0
	    0
	    0
  704	    5	 47.8	 28.2	 14.5	 10.2	 65.0	 84.2	0	    0
	    0
	    0
	    0
	    0
	    0
	    0
	    0
	    0
	    0
	    0
	    0
	    0
  717	    3	 32.4	 31.9	 23.3	  4.5	 29.1	 75.8	0	    0
	    0
	    0
	    0
	    0
	    0
	    0
  724	    5	 48.2	 28.4	 14.6	 10.2	 12.1	 51.4	0	    0
	    0
	    0
	    0
	    0
	    0
	    0
	    0
	    0
	    0
	    0
	    0
	    0
	    0
  738	    5	 42.4	 27.4	 14.0	  9.4	 12.4	 80.2	0	    0
	    0
	    0
	    0
	    0
	    0
	    0
	    0
	    0
	    0
	    0
	    0
	    0
	    0
	    0
	    0
	    0
	    0
	    0
	    0
	    0
	    0
	    0
  761	    3	 33.0	 32.2	 23.6	  4.5	  0.9	 20.7	0	    0
  762	    3	 31.6	 31.6	 23.1	  4.4	 56.8	 10.8	0	    0
	    0
  764	    5	 45.6	 27.9	 14.3	  9.9	 59.7	 86.1	0	    0
	    0
	    0
	    0
	    0
	    0
	    0
	    0
	    0
	    0
	    0
	    0
  776	    5	 36.3	 26.4	 13.4	  8.5	 76.0	 12.1	0	    0
	    0
	    0
	    0
	    0
	    0
	    0
	    0
	    0
	    0
	    0
	    0
	    0
	    0
	    0
	    0
	    0
	    0
	    0
	    0
	    0
	    0
  798	    5	 40.3	 27.4	 14.0	  9.1	  7.5	 21.2	0	    0
  799	    5	 45.9	 27.9	 14.3	  9.9	 64.6	 54.0	0	    0
	    0
	    0
	    0
	    0
	    0
	    0
	    0
  807	    5	 41.0	 27.1	 13.9	  9.2	 46.3	 11.0	0	    0
	    0
	    0
	    0
	    0
	    0
  813	    5	 39.3	 26.6	 13.6	  9.0	  6.4	 93.4	0	    0
	    0
	    0
	    0
	    0
	    0
  819	    5	 37.4	 27.0	 13.7	  8.6	 77.0	 70.2	0	    0
  820	    3	 30.6	 31.1	 22.7	  4.3	 79.7	 13.2	0	    0
	    0
	    0
	    0
	    0
	    0
	    0
	    0
	    0
	    0
	    0
	    0
  832	    5	 42.6	 27.6	 14.1	  9.4	 58.3	 58.9	0	    0
	    0
	    0
	    0
	    0
	    0
	    0
	    0
	    0
	    0
	    0
	    0
	    0
	    0
	    0
	    0
	    0
	    0
	    0
	    0
	    0
	    0
  854	    5	 42.2	 27.1	 13.9	  9.4	 89.4	 13.2	0	    0
	    0
	    0
	    0
	    0
	    0
	    0
	    0
	    0
	    0
	    0
	    0
	    0
	    0
	    0
	    0
	    0
	    0
	    0
	    0
	    0
  875	    5	 40.9	 27.2	 13.9	  9.2	 49.8	 80.2	0	    0
	    0
	    0
	    0
	    0
	    0
	    0
	    0
	    0
	    0
	    0
	    0
	    0
  888	    5	 32.6	 25.5	 12.9	  8.0	 74.4	 69.2	0	    0
	    0
	    0
	    0
	    0
	    0
	    0
	    0
	    0
	    0
	    0
	    0
	    0
	    0
	    0
	    0
	    0
	    0
	    0
	    0
  908	    5	 48.4	 28.5	 14.7	 10.2	 93.5	 91.7	0	    0
	    0
	    0
	    0
	    0
	    0
	    0
	    0
	    0
	    0
	    0
	    0
	    0
	    0
	    0
	    0
	    0
	    0
	    0
	    0
	    0
	    0
	    0
	    0
	    0
	    0
	    0
	    0
	    0
	    0
	    0
	    0
	    0
	    0
	    0
	    0
	    0
	    0
	    0
	    0
	    0
	    0
	    0
	    0
	    0
	    0
	    0
	    0
	    0
	    0
	    0
	    0
	    0
  961	    3	 28.6	 29.3	 21.1	  4.2	 52.0	  0.7	1	    0
	    0
	    0
	    0
	    0
	    0
	    0
	    0
	    0
	    0
	    0
	    0
	    0
	    0
	    0
	    0
	    0
	    0
	    0
	    0
	    0
	    0
	    0
	    0
	    0
	    0
	    0
  988	    5	 43.2	 27.5	 14.1	  9.5	 37.0	 85.2	0	    0
  989	    3	 33.0	 31.6	 22.9	  4.6	 68.9	 39.0	0	    0
	    0
	    0
	    0
	    0
	    0
	    0
	    0
	    0
	    0
	    0
	    0
	    0
	    0
	    0
	    0
	    0
	    0
	    0
	    0
	    0
	    0
	    0
	    0
	    0
 1014	    3	 30.7	 31.2	 22.7	  4.3	  8.4	 38.2	1	    0
	    0
 1016	    3	 33.7	 32.4	 23.7	  4.6	 53.5	 55.8	1	    0
	    0
	    0
	    0
	    0
	    0
	    0
	    0
	    0
 1025	    5	 38.6	 27.1	 13.8	  8.8	 40.0	 80.8	0	    0
	    0
	    0
	    0
	    0
	    0
	    0
 1032	    5	 44.0	 27.8	 14.2	  9.6	 69.7	 25.5	0	    0
	    0
	    0
	    0
	    0
	    0
	    0
	    0
	    0
	    0
	    0
	    0
	    0
	    0
	    0
	    0
	    0
	    0
	    0
 1051	    5	 44.2	 27.9	 14.3	  9.6	 33.7	 87.6	0	    0
	    0
	    0
	    0
	    0
	    0
	    0
	    0
	    0
	    0
	    0
	    0
	    0
	    0
	    0
	    0
	    0
 1068	    5	 33.8	 26.0	 13.2	  8.1	 77.9	 87.0	0	    0
	    0
	    0
 1071	    5	 35.4	 26.3	 13.4	  8.4	 23.7	  3.4	0	    0
	    0
	    0
 1074	    5	 44.7	 27.6	 14.1	  9.8	 89.1	 42.6	0	    0
	    0
	    0
	    0
 1078	    5	 42.0	 27.5	 14.1	  9.3	 60.6	 92.3	0	    0
	    0
	    0
	    0
	    0
	    0
	    0
	    0
	    0
	    0
	    0
	    0
	    0
	    0
	    0
	    0
	    0
 1095	    3	 32.5	 31.2	 22.6	  4.5	 13.9	 20.3	1	    0
	    0
	    0
	    0
	    0
	    0
	    0
	    0
	    0
	    0
	    0
	    0
	    0
	    0
	    0
	    0
	    0
	    0
	    0
	    0
	    0
	    0
	    0
 1118	    5	 42.1	 27.3	 14.0	  9.4	  4.2	 89.1	0	    0
	    0
	    0
	    0
	    0
	    0
	    0
 1125	    5	 39.8	 27.3	 13.9	  9.0	 68.7	 43.6	0	    0
	    0
	    0
	    0
	    0
	    0
	    0
	    0
	    0
	    0
	    0
	    0
	    0
 1138	    3	 33.3	 32.4	 23.7	  4.6	 27.6	  7.6	1	    0
	    0
	    0
	    0
	    0
	    0
	    0
	    0
	    0
	    0
 1148	    5	 35.4	 26.2	 13.3	  8.4	 17.3	 58.9	0	    0
	    0
 1150	    5	 34.6	 26.2	 13.3	  8.2	 58.1	 79.8	0	    0
	    0
	    0
	    0
	    0
	    0
	    0
	    0
	    0
	    0
	    0
	    0
	    0
	    0
	    0
	    0
	    0
	    0
 1168	    5	 40.1	 26.7	 13.6	  9.1	 15.5	 33.3	0	    0
	    0
	    0
	    0
	    0
 1173	    5	 37.8	 27.2	 13.9	  8.7	 40.7	 26.0	0	    0
 1174	    5	 38.2	 26.5	 13.5	  8.8	 59.7	  8.6	0	    0
	    0
	    0
	    0
	    0
	    0
	    0
	    0
	    0
	    0
	    0
	    0
	    0
	    0
	    0
 1189	    5	 37.0	 26.3	 13.4	  8.6	 24.7	 87.3	0	    0
	    0
	    0
 1192	    3	 34.9	 33.0	 24.2	  4.7	 40.1	 43.9	0	    0
	    0
	    0
	    0
	    0
	    0
	    0
	    0
	    0
	    0
	    0
	    0
	    0
	    0
	    0
	    0
 1208	    5	 38.8	 27.1	 13.8	  8.8	 38.8	 22.8	0	    0
	    0
	    0
	    0
	    0
	    0
	    0
	    0
	    0
	    0
	    0
	    0
	    0
	    0
	    0
	    0
	    0
	    0
	    0
	    0
	    0
	    0
	    0
	    0
	    0
	    0
	    0
 1235	    3	 34.6	 32.9	 24.2	  4.7	  1.4	 67.3	0	    0
	    0
	    0
	    0
	    0
	    0
 1241	    5	 41.4	 27.1	 13.8	  9.3	 58.9	 76.9	0	    0
	    0
	    0
	    0
	    0
	    0
	    0
	    0
	    0
	    0
	    0
	    0
	    0
	    0
	    0
	    0
	    0
	    0
	    0
	    0
	    0
	    0
	    0
 1264	    5	 42.8	 27.2	 13.9	  9.5	 28.1	 74.2	0	    0
	    0
	    0
	    0
	    0
	    0
	    0
 1271	    3	 32.9	 32.2	 23.6	  4.5	 37.5	 80.9	0	    0
	    0
	    0
 1274	    5	 41.6	 27.7	 14.1	  9.2	 58.3	 71.6	0	    0
	    0
	    0
	    0
	    0
	    0
	    0
	    0
	    0
	    0
 1284	    5	 39.7	 27.1	 13.8	  9.0	 42.8	 45.3	0	    0
	    0
	    0
	    0
	    0
	    0
	    0
	    0
	    0
	    0
	    0
	    0
	    0
	    0
	    0
	    0
	    0
	    0
	    0
	    0
	    0
	    0
	    0
	    0
	    0
	    0
	    0
	    0
	    0
	    0
	    0
	    0
	    0
	    0
	    0
	    0
	    0
	    0
	    0
	    0
	    0
	    0
	    0
 1327	    5	 39.5	 27.0	 13.8	  9.0	 12.6	 20.2	0	    0
	    0
	    0
 1330	    3	 34.9	 32.9	 24.1	  4.7	 83.3	 36.6	0	    0
	    0
 1332	    5	 43.2	 27.7	 14.2	  9.5	 65.6	 95.7	0	    0
	    0
	    0
	    0
	    0
	    0
	    0
	    0
	    0
	    0
	    0
	    0
	    0
	    0
	    0
	    0
	    0
	    0
	    0
 1351	    5	 45.0	 28.0	 14.4	  9.8	 59.1	 28.8	0	    0
	    0
	    0
	    0
	    0
	    0
	    0
	    0
	    0
	    0
	    0
	    0
	    0
	    0
	    0
	    0
	    0
	    0
	    0
	    0
	    0
	    0
	    0
 1374	    5	 39.2	 27.2	 13.9	  8.9	 62.7	 84.5	0	    0
	    0
	    0
	    0
	    0
	    0
	    0
	    0
	    0
	    0
	    0
	    0
	    0
	    0
	    0
	    0
	    0
	    0
	    0
	    0
	    0
	    0
	    0
	    0
	    0
	    0
	    0
	    0
	    0
 1403	    5	 34.4	 25.8	 13.1	  8.2	  4.7	 79.2	0	    0
	    0
	    0
	    0
	    0
	    0
	    0
	    0
	    0
	    0
	    0
	    0
	    0
	    0
	    0
	    0
	    0
	    0
	    0
	    0
	    0
	    0
	    0
	    0
	    0
	    0
	    0
	    0
	    0
	    0
	    0
	    0
	    0
	    0
	    0
	    0
	    0
	    0
	    0
	    0
	    0
	    0
	    0
	    0
	    0
	    0
 1449	    5	 43.5	 27.8	 14.2	  9.6	 32.2	 37.1	0	    0
	    0
	    0
	    0
	    0
	    0
	    0
	    0
	    0
	    0
	    0
	    0
	    0
 1462	    3	 34.0	 32.7	 24.0	  4.6	 55.7	 90.5	0	    0
	    0
	    0
	    0
	    0
	    0
	    0
	    0
	    0
	    0
	    0
	    0
 1474	    5	 42.9	 27.8	 14.2	  9.5	 70.8	 68.9	0	    0
	    0
	    0
	    0
	    0
	    0
 1480	    5	 44.6	 27.6	 14.2	  9.8	 26.3	 78.9	0	    0
	    0
	    0
	    0
	    0
	    0
	    0
	    0
 1488	    5	 42.8	 27.2	 13.9	  9.5	  5.1	 10.1	0	    0
	    0
	    0
	    0
 1492	    5	 40.2	 27.1	 13.8	  9.1	 71.6	 43.8	0	    0
	    0
	    0
	    0
	    0
	    0
	    0
	    0
	    0
	    0
	    0
	    0
	    0
	    0
	    0
 1507	    3	 33.7	 32.3	 23.6	  4.6	 80.5	 89.3	0	    0
	    0
	    0
	    0
	    0
	    0
	    0
	    0
	    0
	    0
 1517	    5	 45.7	 27.7	 14.2	  9.9	 99.8	 99.8	0	    0
	    0
	    0
	    0
	    0
	    0
	    0
	    0
	    0
	    0
	    0
	    0
	    0
	    0
	    0
	    0
	    0
	    0
	    0
	    0
	    0
	    0
	    0
	    0
 1541	    5	 46.0	 27.8	 14.3	  9.9	 40.7	 89.7	0	    0
	    0
	    0
	    0
	    0
	    0
	    0
	    0
	    0
	    0
	    0
	    0
	    0
	    0
	    0
	    0
 1557	    5	 43.1	 27.6	 14.1	  9.5	 36.2	 98.5	0	    0
	    0
	    0
	    0
	    0
	    0
	    0
	    0
	    0
	    0
	    0
	    0
	    0
	    0
	    0
	    0
	    0
	    0
	    0
 1576	    5	 39.0	 27.0	 13.7	  8.9	 96.1	 70.1	0	    0
	    0
	    0
	    0
	    0
	    0
	    0
	    0
	    0
	    0
 1586	    5	 39.7	 27.1	 13.8	  9.0	 21.3	 94.8	0	    0
	    0
	    0
	    0
	    0
	    0
	    0
	    0
	    0
	    0
	    0
	    0
	    0
	    0
	    0
	    0
	    0
	    0
	    0
	    0
	    0
	    0
	    0
	    0
	    0
	    0
	    0
	    0
	    0
	    0
 1616	    5	 42.4	 27.5	 14.1	  9.4	 42.8	 70.7	0	    0
	    0
	    0
 1619	    3	 31.5	 31.9	 23.4	  4.4	  3.0	  1.5	0	    0
	    0
	    0
	    0
	    0
	    0
	    0
	    0
	    0
	    0
	    0
	    0
	    0
	    0
 1633	    5	 40.5	 26.9	 13.7	  9.2	 45.2	 95.1	0	    0
	    0
	    0
	    0
 1637	    5	 33.0	 25.7	 13.0	  8.0	 55.6	 36.9	0	    0
	    0
	    0
	    0
	    0
	    0
	    0
	    0
 1645	    5	 36.2	 26.2	 13.3	  8.5	 74.8	 34.7	1	    0
	    0
	    0
	    0
	    0
	    0
	    0
 1652	    5	 44.1	 27.5	 14.1	  9.7	 48.1	 19.1	0	    0
	    0
	    0
	    0
	    0
	    0
	    0
	    0
	    0
	    0
	    0
 1663	    3	 33.7	 32.6	 23.9	  4.6	 68.1	 71.0	0	    0
	    0
 1665	    3	 35.3	 33.1	 24.3	  4.8	 74.8	 25.9	0	    0
	    0
	    0
	    0
	    0
	    0
 1671	    5	 39.0	 27.1	 13.8	  8.9	 56.0	 49.8	0	    0
	    0
 1673	    5	 39.2	 26.9	 13.7	  8.9	 23.0	 11.5	0	    0
	    0
	    0
	    0
	    0
	    0
	    0
	    0
	    0
	    0
	    0
	    0
 1685	    5	 39.1	 27.4	 14.0	  8.9	 28.8	 24.8	0	    0
	    0
	    0
	    0
	    0
	    0
	    0
	    0
	    0
	    0
	    0
	    0
	    0
 1698	    5	 34.4	 26.2	 13.3	  8.2	  9.5	 20.7	0	    0
	    0
	    0
	    0
 1702	    5	 44.5	 27.5	 14.1	  9.8	 42.8	 65.1	0	    0
	    0
	    0
 1705	    5	 40.3	 27.1	 13.8	  9.1	 64.4	  2.6	0	    0
 1706	    5	 34.6	 26.1	 13.3	  8.2	 83.1	 93.5	0	    0
	    0
	    0
	    0
	    0
	    0
	    0
	    0
	    0
	    0
	    0
	    0
	    0
	    0
	    0
 1721	    5	 41.2	 27.1	 13.8	  9.3	 52.0	 14.7	0	    0
	    0
	    0
	    0
	    0
	    0
	    0
	    0
	    0
	    0
	    0
	    0
	    0
	    0
	    0
	    0
	    0
 1738	    5	 42.7	 27.0	 13.8	  9.5	 67.8	  7.7	0	    0
	    0
	    0
	    0
	    0
	    0
	    0
	    0
	    0
	    0
	    0
	    0
	    0
	    0
 1752	    5	 44.0	 27.8	 14.2	  9.6	 96.2	 33.3	0	    0
	    0
	    0
	    0
	    0
	    0
	    0
	    0
	    0
	    0
	    0
 1763	    5	 42.8	 27.1	 13.9	  9.5	 91.3	 99.3	0	    0
	    0
	    0
	    0
	    0
	    0
	    0
	    0
	    0
	    0
	    0
	    0
	    0
	    0
	    0
	    0
 1779	    5	 38.0	 26.2	 13.3	  8.8	 19.7	 20.8	0	    0
	    0
	    0
	    0
	    0
	    0
	    0
	    0
	    0
	    0
	    0
	    0
	    0
	    0
	    0
	    0
	    0
	    0
	    0
	    0
	    0
	    0
	    0
	    0
	    0
	    0
	    0
	    0
	    0
	    0
	    0
 1810	    5	 37.7	 26.9	 13.7	  8.7	 21.7	 89.6	0	    0
	    0
	    0
	    0
	    0
	    0
	    0
 1817	    5	 31.7	 25.8	 13.1	  7.8	 11.3	 44.1	0	    0
	    0
	    0
	    0
	    0
 1822	    5	 38.7	 26.8	 13.6	  8.9	 11.9	 56.3	0	    0
 1823	    5	 38.1	 26.7	 13.6	  8.8	 18.2	 74.4	0	    0
	    0
	    0
	    0
	    0
	    0
	    0
	    0
 1831	    5	 44.1	 27.7	 14.2	  9.7	 42.7	  8.1	1	    0
	    0
	    0
	    0
 1835	    5	 45.5	 27.8	 14.3	  9.9	 81.7	 55.0	0	    0
	    0
	    0
	    0
	    0
	    0
 1841	    5	 38.7	 26.8	 13.7	  8.9	  5.2	 36.9	0	    0
	    0
	    0
 1844	    5	 39.9	 27.0	 13.8	  9.0	 57.3	 68.1	0	    0
	    0
	    0
	    0
	    0
	    0
	    0
	    0
	    0
	    0
 1854	    3	 32.7	 32.3	 23.7	  4.5	 70.9	  8.5	0	    0
	    0
 1856	    5	 39.6	 27.0	 13.8	  9.0	 13.5	 22.3	0	    0
	    0
	    0
	    0
	    0
	    0
 1862	    5	 44.2	 27.7	 14.2	  9.7	 50.5	 32.3	0	    0
	    0
	    0
	    0
	    0
 1867	    3	 34.7	 32.9	 24.2	  4.7	 50.0	 85.0	0	    0
	    0
	    0
	    0
	    0
	    0
	    0
	    0
	    0
	    0
	    0
	    0
	    0
	    0
	    0
	    0
	    0
	    0
	    0
	    0
	    0
	    0
	    0
	    0
	    0
	    0
	    0
	    0
 1895	    5	 36.3	 26.3	 13.4	  8.5	 45.2	 97.5	0	    0
	    0
	    0
	    0
	    0
	    0
	    0
	    0
	    0
	    0
	    0
	    0
	    0
 1908	    3	 34.6	 32.9	 24.2	  4.7	 72.9	 39.8	0	    0
 1909	    5	 47.7	 28.5	 14.7	 10.1	 65.7	 79.2	0	    0
	    0
	    0
	    0
	    0
	    0
 1915	    5	 43.5	 27.5	 14.1	  9.6	 27.3	 91.3	0	    0
	    0
	    0
	    0
	    0
 1920	    5	 42.2	 27.7	 14.2	  9.3	 34.8	 51.0	0	    0
	    0
	    0
	    0
	    0
	    0
	    0
 1927	    3	 32.2	 31.2	 22.6	  4.5	 44.5	 71.9	0	    0
	    0
	    0
	    0
	    0
	    0
	    0
	    0
	    0
	    0
	    0
	    0
	    0
	    0
	    0
	    0
	    0
	    0
	    0
	    0
 1947	    3	 31.4	 31.5	 23.0	  4.4	 39.2	 92.1	0	    0
	    0
	    0
	    0
	    0
	    0
	    0
	    0
	    0
	    0
 1957	    5	 43.6	 27.3	 14.0	  9.6	 92.8	 63.4	0	    0
	    0
	    0
	    0
	    0
	    0
	    0
	    0
	    0
	    0
 1967	    5	 34.8	 26.5	 13.5	  8.2	  2.5	 90.2	0	    0
	    0
	    0
	    0
	    0
	    0
	    0
	    0
	    0
	    0
	    0
	    0
	    0
	    0
	    0
	    0
 1983	    5	 28.7	 24.8	 12.6	  7.3	  9.5	  0.4	0	    0
	    0
	    0
	    0
	    0
 1988	    5	 44.9	 27.4	 14.0	  9.8	 12.6	 66.2	1	    0
 1989	    5	 40.3	 27.1	 13.8	  9.1	 74.9	 75.3	0	    0
	    0
	    0
	    0
	    0
	    0
	    0
	    0
	    0
	    0
	    0
	    0
	    0
	    0
	    0
	    0
	    0
	    0
	    0
	    0
	    0
	    0
 2011	    5	 40.9	 26.9	 13.7	  9.3	 89.4	 89.7	0	    0
	    0
	    0
	    0
	    0
	    0
	    0
	    0
	    0
	    0
	    0
 2022	    5	 46.0	 27.8	 14.3	 10.0	 95.3	 55.4	0	    0
	    0
	    0
	    0
	    0
	    0
	    0
	    0
	    0
	    0
	    0
	    0
	    0
	    0
	    0
	    0
	    0
	    0
	    0
	    0
	    0
	    0
	    0
	    0
	    0
	    0
	    0
	    0
	    0
	    0
	    0
	    0
	    0
	    0
	    0
	    0
	    0
	    0
 2060	    5	 42.1	 27.6	 14.1	  9.3	 40.3	 28.1	0	    0
	    0
 2062	    5	 40.8	 27.4	 14.0	  9.2	 50.4	  3.2	0	    0
	    0
	    0
	    0
	    0
	    0
	    0
	    0
	    0
	    0
	    0
	    0
	    0
	    0
	    0
	    0
	    0
	    0
 2080	    5	 36.8	 26.5	 13.5	  8.6	  0.4	 35.3	0	    0
 2081	    3	 34.0	 31.9	 23.3	  4.7	  5.2	 81.8	0	    0
	    0
	    0
	    0
	    0
	    0
	    0
	    0
	    0
	    0
	    0
	    0
	    0
	    0
	    0
	    0
	    0
	    0
	    0
	    0
	    0
	    0
	    0
 2104	    5	 35.2	 26.3	 13.4	  8.3	 69.9	 65.2	0	    0
	    0
	    0
	    0
	    0
	    0
 2110	    5	 47.2	 28.1	 14.4	 10.1	 85.3	 29.6	0	    0
 2111	    5	 43.7	 27.7	 14.2	  9.6	 88.6	 57.0	0	    0
	    0
	    0
	    0
	    0
	    0
	    0
 2118	    5	 44.6	 27.7	 14.2	  9.7	 63.8	 36.7	0	    0
	    0
	    0
	    0
	    0
	    0
	    0
	    0
 2126	    5	 37.9	 26.7	 13.6	  8.8	 51.6	 56.6	0	    0
	    0
	    0
 2129	    5	 36.9	 26.8	 13.6	  8.6	 38.6	 51.1	0	    0
	    0
	    0
	    0
	    0
	    0
	    0
	    0
	    0
	    0
	    0
	    0
 2141	    5	 40.8	 27.0	 13.8	  9.2	 80.2	 45.9	0	    0
	    0
	    0
	    0
	    0
	    0
	    0
	    0
	    0
	    0
	    0
	    0
	    0
	    0
 2155	    5	 38.8	 26.5	 13.5	  8.9	 38.9	  1.9	0	    0
	    0
	    0
	    0
	    0
	    0
	    0
	    0
	    0
	    0
	    0
	    0
	    0
	    0
	    0
	    0
	    0
	    0
	    0
	    0
	    0
	    0
	    0
	    0
	    0
	    0
	    0
	    0
	    0
	    0
	    0
	    0
	    0
	    0
	    0
	    0
	    0
	    0
	    0
	    0
	    0
	    0
	    0
	    0
	    0
	    0
	    0
	    0
	    0
	    0
	    0
	    0
	    0
	    0
	    0
	    0
	    0
	    0
	    0
	    0
	    0
	    0
	    0
	    0
	    0
 2220	    5	 37.7	 27.1	 13.8	  8.7	 13.4	 43.9	1	    0
	    0
	    0
	    0
	    0
	    0
 2226	    5	 49.0	 28.4	 14.6	 10.4	  5.8	 57.1	0	    0
	    0
	    0
	    0
	    0
	    0
	    0
	    0
	    0
	    0
	    0
	    0
	    0
	    0
	    0
	    0
	    0
	    0
	    0
	    0
	    0
	    0
	    0
	    0
 2250	    3	 32.8	 32.3	 23.7	  4.5	 83.1	 11.2	0	    0
	    0
	    0
	    0
	    0
	    0
	    0
	    0
	    0
	    0
	    0
	    0
	    0
	    0
	    0
	    0
	    0
	    0
	    0
	    0
 2270	    3	 29.6	 31.1	 22.8	  4.2	 53.6	 73.3	0	    0
	    0
	    0
	    0
	    0
	    0
	    0
 2277	    3	 33.2	 31.8	 23.2	  4.6	 51.1	 67.4	0	    0
	    0
	    0
	    0
	    0
 2282	    5	 35.0	 26.3	 13.4	  8.3	 70.3	 27.5	0	    0
 2283	    5	 39.8	 26.9	 13.7	  9.1	 69.2	 14.6	0	    0
	    0
	    0
	    0
	    0
	    0
	    0
	    0
	    0
 2292	    3	 34.4	 32.8	 24.1	  4.7	 55.7	 22.3	0	    0
	    0
	    0
	    0
	    0
	    0
	    0
	    0
 2300	    3	 32.3	 31.2	 22.6	  4.5	 56.4	 52.5	1	    0
	    0
	    0
	    0
	    0
	    0
	    0
	    0
	    0
	    0
	    0
	    0
	    0
	    0
	    0
	    0
	    0
	    0
	    0
	    0
	    0
	    0
	    0
	    0
	    0
	    0
	    0
	    0
	    0
	    0
	    0
	    0
	    0
	    0
	    0
	    0
	    0
	    0
	    0
	    0
	    0
	    0
	    0
	    0
	    0
	    0
 2346	    5	 50.1	 28.6	 14.7	 10.5	 28.3	 66.4	0	    0
	    0
	    0
	    0
	    0
	    0
	    0
	    0
	    0
	    0
	    0
	    0
	    0
	    0
	    0
	    0
	    0
	    0
	    0
	    0
	    0
	    0
 2368	    3	 33.9	 32.7	 24.0	  4.6	 71.9	 90.8	1	    0
	    0
	    0
	    0
	    0
	    0
	    0
 2375	    3	 29.4	 31.2	 22.9	  4.2	  2.5	 50.0	0	    0
	    0
	    0
	    0
	    0
	    0
	    0
 2382	    5	 37.6	 27.0	 13.8	  8.7	 40.9	 50.6	0	    0
 2383	    5	 39.4	 26.7	 13.6	  9.0	 90.7	 65.4	1	    0
	    0
	    0
	    0
	    0
	    0
	    0
	    0
	    0
	    0
 2393	    5	 41.3	 27.2	 13.9	  9.3	 14.1	  0.7	0	    0
	    0
	    0
	    0
	    0
	    0
	    0
	    0
	    0
	    0
	    0
	    0
	    0
	    0
 2407	    5	 41.5	 27.2	 13.9	  9.3	 38.3	 64.6	0	    0
	    0
	    0
	    0
	    0
	    0
	    0
	    0
	    0
	    0
	    0
 2418	    5	 47.4	 28.2	 14.5	 10.1	 74.0	 15.0	0	    0
	    0
	    0
	    0
	    0
	    0
	    0
	    0
	    0
	    0
	    0
	    0
	    0
	    0
	    0
	    0
	    0
	    0
	    0
	    0
	    0
	    0
	    0
	    0
	    0
	    0
	    0
	    0
	    0
	    0
	    0
	    0
	    0
	    0
	    0
	    0
	    0
	    0
	    0
	    0
	    0
	    0
	    0
	    0
	    0
	    0
	    0
	    0
	    0
	    0
	    0
	    0
	    0
	    0
	    0
	    0
	    0
	    0
	    0
	    0
	    0
	    0
	    0
	    0
	    0
	    0
	    0
	    0
	    0
	    0
	    0
	    0
	    0
	    0
	    0
 2493	    5	 39.3	 26.8	 13.7	  9.0	 64.7	 10.9	0	    0
	    0
	    0
 2496	    5	 42.8	 27.3	 13.9	  9.5	 96.1	 59.9	0	    0
	    0
	    0
	    0
	    0
	    0
	    0
	    0
	    0
	    0
	    0
 2507	    5	 37.5	 26.4	 13.5	  8.7	  3.9	 80.9	0	    0
	    0
	    0
	    0
	    0
	    0
	    0
	    0
	    0
	    0
	    0
 2518	    5	 39.6	 26.9	 13.7	  9.0	 20.1	 14.2	0	    0
	    0
	    0
	    0
	    0
	    0
	    0
	    0
 2526	    5	 39.3	 27.6	 14.1	  8.9	 56.4	 61.3	0	    0
	    0
	    0
	    0
	    0
	    0
	    0
	    0
	    0
	    0
	    0
	    0
	    0
	    0
	    0
	    0
	    0
	    0
	    0
	    0
	    0
	    0
	    0
	    0
	    0
	    0
	    0
	    0
	    0
	    0
	    0
	    0
	    0
	    0
	    0
	    0
	    0
	    0
	    0
	    0
 2566	    3	 33.6	 32.3	 23.6	  4.6	 61.4	 45.3	0	    0
	    0
	    0
 2569	    3	 34.9	 32.8	 24.1	  4.7	 55.0	 71.0	0	    0
	    0
	    0
	    0
	    0
	    0
	    0
	    0
	    0
	    0
	    0
	    0
	    0
	    0
	    0
	    0
	    0
	    0
	    0
	    0
	    0
	    0
	    0
 2592	    5	 43.4	 27.2	 13.9	  9.6	 58.1	 45.0	0	    0
	    0
	    0
	    0
	    0
	    0
	    0
	    0
	    0
	    0
	    0
	    0
	    0
	    0
	    0
	    0
	    0
	    0
	    0
	    0
	    0
	    0
	    0
	    0
	    0
	    0
	    0
 2619	    5	 40.0	 26.8	 13.6	  9.1	 85.0	  9.7	0	    0
	    0
	    0
	    0
	    0
	    0
	    0
	    0
	    0
	    0
	    0
	    0
	    0
	    0
	    0
	    0
	    0
 2636	    5	 43.2	 27.4	 14.0	  9.6	  2.7	  4.0	1	    0
	    0
	    0
	    0
	    0
	    0
	    0
	    0
	    0
	    0
	    0
	    0
	    0
	    0
	    0
	    0
 2652	    5	 32.9	 25.8	 13.1	  8.0	 19.3	 68.1	0	    0
	    0
	    0
	    0
	    0
	    0
	    0
	    0
	    0
	    0
	    0
	    0
	    0
	    0
 2666	    3	 31.9	 31.7	 23.1	  4.4	 26.4	 16.3	0	    0
	    0
	    0
	    0
	    0
	    0
	    0
	    0
	    0
	    0
	    0
	    0
	    0
	    0
	    0
	    0
	    0
	    0
	    0
	    0
	    0
	    0
	    0
	    0
	    0
	    0
	    0
	    0
	    0
	    0
	    0
	    0
	    0
	    0
	    0
	    0
	    0
	    0
	    0
	    0
 2706	    5	 35.6	 26.1	 13.3	  8.4	 56.7	 85.4	0	    0
	    0
	    0
	    0
	    0
	    0
	    0
 2713	    5	 48.2	 28.2	 14.5	 10.2	 40.0	 12.0	0	    0
	    0
	    0
	    0
	    0
	    0
	    0
	    0
	    0
	    0
 2723	    5	 47.5	 28.2	 14.5	 10.1	 76.4	 31.7	0	    0
 2724	    5	 42.8	 27.7	 14.2	  9.4	 77.2	 46.3	0	    0
	    0
	    0
	    0
	    0
	    0
	    0
	    0
	    0
	    0
	    0
	    0
 2736	    3	 30.1	 30.8	 22.4	  4.3	 24.7	 65.3	0	    0
	    0
	    0
	    0
	    0
	    0
	    0
	    0
	    0
	    0
	    0
	    0
	    0
	    0
	    0
	    0
	    0
	    0
	    0
	    0
	    0
	    0
	    0
	    0
	    0
	    0
	    0
	    0
	    0
	    0
	    0
	    0
	    0
	    0
	    0
	    0
	    0
	    0
	    0
	    0
	    0
	    0
	    0
	    0
	    0
	    0
	    0
	    0
	    0
	    0
	    0
	    0
	    0
	    0
	    0
	    0
	    0
	    0
	    0
	    0
	    0
	    0
	    0
	    0
	    0
	    0
	    0
	    0
	    0
	    0
	    0
	    0
	    0
	    0
	    0
 2811	    5	 41.1	 26.6	 13.5	  9.3	 78.0	 24.8	0	    0
	    0
	    0
	    0
	    0
 2816	    5	 39.2	 26.9	 13.7	  9.0	 17.7	 88.0	0	    0
	    0
	    0
 2819	    3	 30.7	 31.2	 22.8	  4.3	 78.0	 76.4	0	    0
	    0
	    0
	    0
	    0
	    0
	    0
	    0
	    0
	    0
	    0
	    0
	    0
 2832	    5	 44.8	 28.0	 14.4	  9.7	 47.2	 31.5	0	    0
	    0
 2834	    5	 42.3	 27.4	 14.0	  9.4	 95.2	 23.1	1	    0
	    0
	    0
	    0
 2838	    5	 42.6	 27.0	 13.8	  9.5	 17.5	 82.4	0	    0
	    0
 2840	    5	 36.9	 26.6	 13.5	  8.6	 20.0	 11.0	0	    0
	    0
	    0
	    0
	    0
 2845	    5	 37.6	 26.0	 13.2	  8.8	 88.4	 16.1	0	    0
	    0
	    0
	    0
	    0
 2850	    5	 41.7	 27.3	 13.9	  9.3	 23.6	 55.8	0	    0
	    0
	    0
	    0
	    0
 2855	    5	 41.1	 27.5	 14.1	  9.2	 60.5	 71.6	0	    0
	    0
	    0
	    0
	    0
	    0
	    0
	    0
	    0
	    0
	    0
 2866	    5	 42.5	 27.5	 14.1	  9.4	 78.6	 34.0	1	    0
	    0
	    0
	    0
	    0
	    0
	    0
	    0
	    0
	    0
	    0
 2877	    5	 46.4	 28.1	 14.4	 10.0	 14.8	  6.3	0	    0
	    0
	    0
	    0
	    0
	    0
	    0
	    0
	    0
	    0
	    0
	    0
	    0
	    0
	    0
	    0
 2893	    5	 34.7	 26.1	 13.3	  8.3	 80.1	 68.4	0	    0
	    0
 2895	    5	 38.2	 26.9	 13.7	  8.8	 15.9	 57.0	0	    0
	    0
	    0
	    0
	    0
	    0
	    0
	    0
	    0
	    0
	    0
	    0
	    0
	    0
 2909	    5	 34.3	 26.3	 13.3	  8.2	  8.1	 70.4	0	    0
	    0
	    0
	    0
	    0
	    0
	    0
	    0
	    0
	    0
	    0
 2920	    5	 42.5	 27.4	 14.0	  9.4	 32.7	 43.7	0	    0
	    0
	    0
	    0
	    0
	    0
	    0
	    0
	    0
	    0
	    0
	    0
	    0
	    0
	    0
	    0
	    0
	    0
	    0
	    0
	    0
	    0
	    0
	    0
	    0
 2945	    5	 48.9	 28.4	 14.6	 10.3	 31.9	 79.4	0	    0
	    0
	    0
	    0
	    0
 2950	    5	 45.9	 27.8	 14.3	  9.9	 77.5	 66.5	0	    0
	    0
	    0
	    0
	    0
	    0
	    0
	    0
	    0
	    0
	    0
	    0
	    0
	    0
	    0
	    0
 2966	    5	 46.7	 28.0	 14.4	 10.0	 48.5	 70.3	0	    0
	    0
 2968	    5	 42.0	 27.6	 14.1	  9.3	  2.8	 16.0	0	    0
	    0
	    0
	    0
	    0
	    0
	    0
 2975	    3	 32.4	 31.8	 23.2	  4.5	 78.7	  0.0	1	    0
	    0
	    0
	    0
	    0
	    0
	    0
	    0
	    0
	    0
	    0
	    0
	    0
	    0
	    0
	    0
	    0
	    0
 2993	    5	 39.7	 27.3	 13.9	  9.0	 54.0	 39.8	0	    0
	    0
	    0
	    0
	    0
	    0
	    0
	    0
	    0
	    0
 3003	    3	 31.3	 30.6	 22.1	  4.4	 52.3	 69.8	0	    0
	    0
	    0
	    0
	    0
	    0
	    0
	    0
 3011	    3	 29.8	 29.6	 21.2	  4.3	 88.7	 62.7	1	    0
	    0
 3013	    3	 33.8	 32.7	 24.0	  4.6	 17.3	 79.9	0	    0
 3014	    3	 31.6	 31.6	 23.1	  4.4	 67.2	 52.6	0	    0
	    0
	    0
	    0
	    0
	    0
	    0
	    0
	    0
	    0
	    0
	    0
	    0
	    0
	    0
	    0
	    0
	    0
	    0
	    0
	    0
	    0
	    0
	    0
	    0
	    0
	    0
	    0
	    0
	    0
	    0
	    0
	    0
	    0
	    0
	    0
	    0
 3051	    5	 41.9	 27.4	 14.0	  9.3	 75.7	 77.9	0	    0
	    0
	    0
	    0
	    0
	    0
	    0
	    0
	    0
	    0
	    0
	    0
	    0
	    0
	    0
	    0
	    0
	    0
	    0
	    0
	    0
	    0
	    0
 3074	    5	 44.7	 27.7	 14.2	  9.8	 28.9	 55.6	0	    0
	    0
	    0
	    0
	    0
	    0
	    0
	    0
 3082	    5	 40.6	 27.1	 13.8	  9.2	 55.2	 54.4	0	    0
	    0
	    0
	    0
	    0
	    0
	    0
	    0
	    0
	    0
 3092	    5	 41.3	 27.3	 13.9	  9.3	 67.3	 40.5	0	    0
	    0
	    0
	    0
	    0
	    0
	    0
	    0
	    0
	    0
	    0
	    0
	    0
	    0
	    0
	    0
	    0
	    0
	    0
	    0
	    0
	    0
	    0
	    0
	    0
	    0
	    0
	    0
	    0
	    0
	    0
	    0
	    0
	    0
	    0
	    0
 3128	    5	 39.7	 26.7	 13.6	  9.1	 98.5	 25.2	0	    0
	    0
	    0
	    0
	    0
	    0
	    0
	    0
 3136	    5	 40.7	 27.3	 13.9	  9.2	 12.8	 83.0	0	    0
	    0
	    0
	    0
	    0
 3141	    5	 42.4	 27.3	 14.0	  9.4	  7.7	  0.8	0	    0
	    0
	    0
	    0
	    0
	    0
	    0
	    0
	    0
	    0
 3151	    5	 36.6	 26.4	 13.4	  8.6	 49.1	 44.4	0	    0
	    0
 3153	    5	 34.8	 25.9	 13.1	  8.3	 69.6	 30.9	0	    0
	    0
	    0
	    0
	    0
	    0
	    0
 3160	    3	 33.2	 32.2	 23.6	  4.6	 24.7	 68.4	1	    0
 3161	    5	 44.3	 27.7	 14.2	  9.7	  7.7	 88.7	0	    0
	    0
	    0
	    0
	    0
	    0
	    0
	    0
	    0
	    0
	    0
	    0
	    0
	    0
	    0
	    0
	    0
	    0
	    0
	    0
 3181	    5	 44.8	 27.6	 14.1	  9.8	 21.9	 27.1	0	    0
	    0
	    0
	    0
	    0
	    0
	    0
	    0
 3189	    5	 44.8	 27.7	 14.2	  9.8	 70.5	  3.3	0	    0
	    0
	    0
	    0
	    0
	    0
	    0
	    0
 3197	    5	 38.1	 26.8	 13.7	  8.8	 28.9	 37.1	0	    0
	    0
	    0
	    0
	    0
	    0
	    0
	    0
	    0
	    0
	    0
	    0
	    0
	    0
	    0
	    0
	    0
	    0
	    0
	    0
	    0
	    0
	    0
	    0
	    0
	    0
	    0
	    0
 3225	    5	 49.8	 28.2	 14.6	 10.5	 46.9	 48.9	0	    0
	    0
	    0
	    0
	    0
	    0
	    0
	    0
	    0
	    0
	    0
 3236	    5	 39.6	 27.4	 14.0	  8.9	  6.9	 18.6	0	    0
 3237	    5	 42.6	 27.1	 13.8	  9.5	 90.0	 27.4	0	    0
	    0
	    0
	    0
	    0
	    0
	    0
	    0
	    0
	    0
	    0
	    0
	    0
	    0
	    0
	    0
 3253	    5	 43.1	 27.4	 14.0	  9.5	 47.9	 93.8	0	    0
	    0
	    0
	    0
	    0
	    0
	    0
	    0
	    0
 3262	    5	 39.5	 27.1	 13.8	  9.0	 28.9	 34.2	0	    0
	    0
	    0
	    0
	    0
	    0
	    0
	    0
	    0
	    0
	    0
	    0
	    0
	    0
	    0
	    0
	    0
	    0
	    0
	    0
	    0
	    0
	    0
	    0
	    0
	    0
	    0
	    0
	    0
	    0
	    0
	    0
	    0
	    0
	    0
	    0
	    0
 3299	    3	 32.1	 31.7	 23.1	  4.5	 96.8	 89.6	0	    0
	    0
	    0
	    0
	    0
	    0
	    0
	    0
	    0
	    0
	    0
	    0
	    0
	    0
	    0
	    0
	    0
	    0
	    0
	    0
	    0
	    0
	    0
	    0
	    0
	    0
	    0
	    0
	    0
 3328	    3	 29.8	 30.1	 21.7	  4.3	 89.5	 47.3	0	    0
	    0
	    0
	    0
 3332	    5	 37.8	 26.4	 13.5	  8.8	 94.9	 74.3	0	    0
	    0
	    0
	    0
	    0
	    0
	    0
 3339	    5	 41.2	 27.7	 14.2	  9.2	 66.0	 43.9	0	    0
	    0
	    0
	    0
	    0
 3344	    5	 35.9	 26.6	 13.5	  8.4	 26.4	  2.9	0	    0
	    0
 3346	    3	 30.2	 29.8	 21.4	  4.3	  9.7	 29.2	0	    0
	    0
	    0
	    0
	    0
	    0
	    0
	    0
	    0
	    0
	    0
	    0
	    0
	    0
	    0
	    0
	    0
	    0
	    0
	    0
	    0
	    0
	    0
	    0
	    0
	    0
	    0
	    0
	    0
	    0
	    0
	    0
 3378	    5	 42.0	 27.2	 13.9	  9.4	 46.3	  0.5	0	    0
	    0
	    0
	    0
	    0
	    0
	    0
	    0
	    0
	    0
	    0
	    0
	    0
	    0
	    0
	    0
	    0
	    0
	    0
	    0
	    0
	    0
	    0
	    0
	    0
	    0
	    0
	    0
	    0
	    0
	    0
	    0
	    0
	    0
	    0
	    0
	    0
	    0
	    0
	    0
	    0
	    0
	    0
	    0
	    0
	    0
	    0
	    0
	    0
	    0
	    0
	    0
 3430	    5	 36.7	 26.5	 13.5	  8.6	 49.7	  0.9	0	    0
	    0
	    0
	    0
	    0
	    0
	    0
	    0
	    0
	    0
	    0
	    0
	    0
	    0
	    0
	    0
	    0
	    0
	    0
	    0
	    0
	    0
	    0
	    0
	    0
	    0
	    0
	    0
	    0
	    0
	    0
	    0
	    0
	    0
	    0
	    0
	    0
	    0
	    0
	    0
	    0
	    0
	    0
	    0
	    0
	    0
	    0
	    0
	    0
	    0
	    0
	    0
	    0
	    0
	    0
	    0
 3486	    5	 45.3	 28.1	 14.4	  9.8	 92.2	 19.5	0	    0
	    0
	    0
	    0
	    0
 3491	    5	 43.4	 27.7	 14.2	  9.5	 17.7	 94.9	0	    0
	    0
	    0
	    0
	    0
	    0
	    0
	    0
	    0
	    0
	    0
	    0
	    0
	    0
	    0
	    0
	    0
	    0
	    0
	    0
	    0
	    0
	    0
	    0
	    0
	    0
	    0
	    0
	    0
	    0
	    0
	    0
	    0
	    0
	    0
	    0
	    0
	    0
	    0
	    0
	    0
	    0
	    0
	    0
	    0
	    0
	    0
	    0
	    0
	    0
	    0
	    0
	    0
	    0
	    0
	    0
 3547	    5	 43.0	 27.4	 14.0	  9.5	 51.6	 24.0	0	    0
	    0
	    0
	    0
	    0
	    0
	    0
	    0
	    0
	    0
	    0
	    0
	    0
	    0
	    0
	    0
	    0
	    0
	    0
	    0
	    0
 3568	    3	 32.5	 32.0	 23.4	  4.5	 33.9	 39.0	0	    0
	    0
	    0
	    0
	    0
	    0
	    0
	    0
	    0
	    0
	    0
	    0
	    0
	    0
 3582	    5	 46.2	 28.3	 14.5	  9.9	 35.1	  4.9	0	    0
	    0
	    0
	    0
	    0
	    0
	    0
	    0
	    0
	    0
	    0
	    0
	    0
	    0
	    0
	    0
	    0
	    0
	    0
	    0
	    0
	    0
	    0
	    0
	    0
	    0
	    0
	    0
	    0
	    0
	    0
	    0
	    0
	    0
	    0
	    0
	    0
	    0
	    0
	    0
	    0
	    0
	    0
	    0
	    0
	    0
	    0
	    0
 3630	    5	 43.7	 27.6	 14.1	  9.6	 35.3	 61.3	0	    0
	    0
	    0
	    0
	    0
	    0
	    0
	    0
	    0
	    0
	    0
	    0
	    0
	    0
	    0
	    0
	    0
	    0
	    0
	    0
	    0
	    0
 3652	    3	 32.1	 31.3	 22.7	  4.5	  2.8	 21.6	0	    0
	    0
	    0
	    0
 3656	    5	 38.9	 27.0	 13.8	  8.9	 23.4	 91.1	0	    0
	    0
	    0
	    0
	    0
	    0
	    0
	    0
	    0
	    0
	    0
	    0
	    0
	    0
	    0
	    0
	    0
	    0
	    0
	    0
	    0
	    0
	    0
	    0
	    0
	    0
	    0
	    0
	    0
	    0
	    0
	    0
	    0
	    0
	    0
 3691	    5	 45.6	 28.0	 14.4	  9.9	 18.4	  5.9	0	    0
	    0
	    0
	    0
	    0
	    0
	    0
	    0
	    0
	    0
	    0
	    0
	    0
	    0
	    0
	    0
	    0
	    0
 3709	    5	 41.1	 27.0	 13.8	  9.3	 70.1	 36.4	0	    0
	    0
	    0
	    0
	    0
	    0
	    0
	    0
	    0
	    0
	    0
	    0
	    0
	    0
	    0
	    0
	    0
	    0
	    0
	    0
	    0
	    0
	    0
	    0
	    0
	    0
	    0
	    0
	    0
	    0
	    0
	    0
	    0
	    0
	    0
	    0
	    0
	    0
	    0
	    0
	    0
	    0
	    0
	    0
	    0
	    0
	    0
 3756	    5	 40.6	 26.9	 13.7	  9.2	 20.1	 60.2	0	    0
	    0
	    0
	    0
	    0
	    0
	    0
	    0
	    0
	    0
	    0
	    0
	    0
	    0
	    0
	    0
	    0
	    0
	    0
	    0
	    0
	    0
	    0
	    0
	    0
	    0
	    0
	    0
	    0
	    0
 3786	    3	 29.7	 29.8	 21.4	  4.3	 53.0	 23.2	1	    0
	    0
	    0
	    0
	    0
	    0
	    0
	    0
	    0
	    0
	    0
	    0
 3798	    5	 43.3	 27.6	 14.1	  9.5	 48.8	 75.0	0	    0
	    0
	    0
	    0
	    0
	    0
	    0
	    0
 3806	    5	 34.4	 26.0	 13.2	  8.2	 49.8	 27.8	0	    0
	    0
 3808	    5	 39.0	 27.0	 13.8	  8.9	 86.6	 66.1	0	    0
	    0
	    0
	    0
	    0
	    0
	    0
	    0
	    0
 3817	    5	 44.1	 27.6	 14.2	  9.7	 68.2	 56.4	0	    0
	    0
	    0
	    0
	    0
	    0
	    0
	    0
	    0
	    0
 3827	    5	 39.8	 27.0	 13.8	  9.0	 83.5	  7.3	0	    0
	    0
	    0
	    0
	    0
	    0
	    0
	    0
	    0
	    0
	    0
	    0
	    0
	    0
	    0
	    0
	    0
	    0
	    0
	    0
	    0
	    0
	    0
	    0
	    0
	    0
	    0
	    0
	    0
	    0
	    0
	    0
	    0
	    0
	    0
	    0
	    0
	    0
	    0
	    0
	    0
	    0
	    0
	    0
	    0
	    0
	    0
	    0
	    0
	    0
	    0
	    0
	    0
	    0
	    0
	    0
	    0
	    0
	    0
 3886	    5	 33.1	 26.4	 13.4	  7.9	  3.1	 19.6	0	    0
	    0
	    0
	    0
	    0
	    0
	    0
	    0
	    0
	    0
	    0
	    0
	    0
	    0
	    0
	    0
	    0
	    0
 3904	    5	 36.9	 26.5	 13.5	  8.6	  3.7	 74.6	0	    0
	    0
	    0
	    0
	    0
	    0
	    0
	    0
	    0
	    0
	    0
	    0
	    0
	    0
	    0
	    0
	    0
	    0
 3922	    5	 34.4	 26.0	 13.2	  8.2	  8.8	 60.8	0	    0
	    0
	    0
	    0
	    0
	    0
	    0
	    0
	    0
	    0
	    0
	    0
	    0
	    0
	    0
	    0
	    0
	    0
	    0
	    0
	    0
	    0
	    0
	    0
	    0
	    0
	    0
	    0
	    0
	    0
	    0
 3953	    5	 35.8	 26.1	 13.3	  8.5	 78.6	 16.7	0	    0
	    0
	    0
	    0
	    0
	    0
	    0
	    0
	    0
	    0
	    0
	    0
	    0
	    0
	    0
	    0
	    0
	    0
	    0
	    0
	    0
	    0
	    0
	    0
	    0
	    0
	    0
	    0
	    0
	    0
	    0
	    0
	    0
	    0
	    0
	    0
	    0
	    0
	    0
	    0
	    0
	    0
	    0
	    0
	    0
	    0
	    0
	    0
	    0
	    0
	    0
	    0
	    0
	    0
	    0
	    0
	    0
	    0
	    0
	    0
	    0
	    0
	    0
	    0
	    0
	    0
	    0
	    0
	    0
	    0
	    0
	    0
	    0
	    0
	    0
	    0
	    0
	    0
	    0
	    0
	    0
	    0
	    0
 4036	    5	 33.6	 25.8	 13.1	  8.1	 58.5	 65.1	0	    0
	    0
	    0
	    0
	    0
	    0
 4042	    3	 32.1	 31.6	 23.0	  4.5	 42.4	 43.3	0	    0
	    0
	    0
	    0
	    0
	    0
	    0
	    0
	    0
	    0
	    0
	    0
	    0
	    0
	    0
	    0
	    0
	    0
	    0
	    0
	    0
	    0
	    0
	    0
	    0
	    0
	    0
	    0
	    0
	    0
	    0
	    0
	    0
	    0
	    0
	    0
	    0
	    0
	    0
	    0
	    0
	    0
	    0
	    0
	    0
	    0
	    0
	    0
	    0
	    0
	    0
	    0
 4094	    3	 32.9	 32.3	 23.7	  4.5	  0.7	 76.6	1	    0
	    0
	    0
	    0
 4098	    5	 34.9	 26.1	 13.3	  8.3	 88.7	 54.5	0	    0
	    0
	    0
	    0
	    0
	    0
	    0
	    0
	    0
	    0
	    0
	    0
	    0
	    0
	    0
	    0
	    0
	    0
	    0
	    0
	    0
	    0
	    0
	    0
	    0
	    0
	    0
	    0
	    0
	    0
	    0
	    0
	    0
	    0
	    0
	    0
	    0
	    0
	    0
	    0
	    0
	    0
	    0
	    0
 4142	    5	 41.4	 27.2	 13.9	  9.3	 80.9	  2.9	0	    0
	    0
	    0
	    0
	    0
	    0
	    0
	    0
	    0
	    0
	    0
	    0
	    0
	    0
 4156	    3	 32.7	 31.8	 23.2	  4.5	 60.4	  6.9	0	    0
	    0
	    0
	    0
	    0
	    0
	    0
 4163	    5	 35.2	 26.0	 13.2	  8.4	 78.5	 88.8	1	    0
	    0
	    0
	    0
	    0
	    0
	    0
	    0
	    0
	    0
	    0
	    0
	    0
	    0
	    0
	    0
	    0
	    0
	    0
	    0
	    0
	    0
	    0
	    0
	    0
	    0
	    0
	    0
	    0
	    0
	    0
	    0
	    0
	    0
	    0
	    0
	    0
	    0
	    0
	    0
	    0
	    0
	    0
	    0
	    0
	    0
	    0
	    0
	    0
	    0
	    0
	    0
	    0
	    0
	    0
	    0
	    0
	    0
	    0
	    0
	    0
	    0
	    0
	    0
	    0
	    0
 4229	    3	 29.3	 31.1	 22.8	  4.2	 68.8	 85.2	1	    0
	    0
	    0
	    0
	    0
	    0
	    0
	    0
	    0
	    0
	    0
	    0
	    0
	    0
	    0
	    0
	    0
	    0
	    0
	    0
	    0
	    0
	    0
	    0
	    0
	    0
	    0
	    0
 4257	    5	 48.1	 28.0	 14.4	 10.3	  8.8	 28.6	0	    0
	    0
	    0
	    0
	    0
	    0
	    0
	    0
	    0
	    0
	    0
	    0
	    0
 4270	    5	 44.0	 27.5	 14.1	  9.7	 85.9	 73.1	0	    0
	    0
	    0
	    0
	    0
	    0
	    0
	    0
 4278	    5	 39.4	 27.1	 13.8	  9.0	 15.6	 88.9	0	    0
	    0
	    0
	    0
	    0
	    0
	    0
	    0
	    0
	    0
	    0
	    0
	    0
	    0
	    0
	    0
	    0
	    0
 4296	    5	 44.6	 27.9	 14.3	  9.7	 24.1	 38.4	1	    0
 4297	    5	 40.4	 27.2	 13.9	  9.1	 12.3	 47.0	0	    0
	    0
	    0
	    0
	    0
	    0
	    0
	    0
	    0
	    0
	    0
	    0
	    0
	    0
	    0
	    0
	    0
	    0
 4315	    5	 37.7	 26.7	 13.6	  8.7	 97.9	 30.7	0	    0
	    0
	    0
 4318	    5	 42.4	 27.6	 14.1	  9.4	  9.3	 84.8	0	    0
	    0
	    0
	    0
	    0
	    0
	    0
	    0
	    0
	    0
	    0
	    0
 4330	    5	 40.7	 27.3	 14.0	  9.1	 27.9	  0.5	0	    0
	    0
	    0
	    0
	    0
	    0
	    0
	    0
	    0
	    0
	    0
	    0
 4342	    5	 41.5	 27.4	 14.0	  9.3	 12.9	 76.5	0	    0
	    0
	    0
 4345	    5	 38.0	 26.9	 13.7	  8.7	 52.0	 82.6	0	    0
	    0
	    0
	    0
	    0
	    0
	    0
	    0
	    0
 4354	    3	 30.3	 31.8	 23.4	  4.2	 40.4	 17.5	1	    0
	    0
	    0
	    0
	    0
	    0
	    0
	    0
 4362	    5	 44.0	 27.5	 14.1	  9.7	 37.1	 24.2	0	    0
	    0
	    0
	    0
	    0
	    0
	    0
	    0
	    0
	    0
	    0
 4373	    5	 46.5	 28.0	 14.4	 10.0	 81.5	 83.9	0	    0
	    0
	    0
	    0
	    0
	    0
	    0
	    0
	    0
	    0
	    0
	    0
	    0
	    0
	    0
	    0
	    0
	    0
	    0
	    0
	    0
	    0
	    0
	    0
	    0
	    0
	    0
	    0
	    0
	    0
	    0
	    0
	    0
	    0
	    0
	    0
	    0
 4410	    5	 34.2	 26.3	 13.4	  8.1	 94.8	  2.5	0	    0
	    0
	    0
	    0
	    0
	    0
	    0
 4417	    5	 35.5	 26.2	 13.3	  8.4	 80.4	 58.4	0	    0
	    0
	    0
	    0
	    0
	    0
	    0
	    0
	    0
	    0
	    0
	    0
	    0
	    0
 4431	    5	 46.2	 28.2	 14.5	  9.9	 42.9	 57.1	0	    0
	    0
	    0
	    0
	    0
	    0
	    0
	    0
 4439	    5	 37.3	 26.4	 13.5	  8.7	 24.9	 32.2	0	    0
	    0
	    0
	    0
	    0
	    0
	    0
	    0
	    0
	    0
	    0
	    0
	    0
	    0
	    0
	    0
	    0
	    0
	    0
	    0
	    0
	    0
	    0
 4462	    5	 37.5	 26.7	 13.6	  8.7	 41.3	 79.0	0	    0
	    0
 4464	    5	 42.7	 27.4	 14.0	  9.5	 97.4	 15.7	0	    0
	    0
	    0
	    0
	    0
	    0
	    0
	    0
	    0
 4473	    5	 39.5	 27.1	 13.8	  9.0	 40.1	 47.3	0	    0
	    0
	    0
	    0
	    0
	    0
	    0
	    0
	    0
	    0
	    0
	    0
	    0
	    0
	    0
	    0
	    0
	    0
	    0
	    0
	    0
	    0
	    0
	    0
	    0
	    0
 4499	    5	 40.1	 26.9	 13.7	  9.1	 51.0	 59.0	0	    0
	    0
	    0
	    0
 4503	    5	 35.4	 26.4	 13.4	  8.3	  2.3	 23.3	0	    0
	    0
	    0
	    0
	    0
	    0
	    0
	    0
	    0
	    0
	    0
	    0
	    0
	    0
 4517	    5	 36.9	 26.4	 13.4	  8.6	 97.4	 20.8	0	    0
	    0
	    0
	    0
	    0
	    0
	    0
	    0
	    0
	    0
	    0
	    0
 4529	    5	 35.3	 26.3	 13.4	  8.4	 60.8	 93.6	0	    0
	    0
	    0
	    0
	    0
	    0
	    0
	    0
	    0
	    0
	    0
	    0
	    0
	    0
 4543	    5	 45.0	 27.6	 14.1	  9.8	 34.6	 15.3	0	    0
	    0
	    0
	    0
	    0
	    0
	    0
	    0
 4551	    3	 29.0	 30.6	 22.3	  4.2	 52.9	 59.9	1	    0
	    0
	    0
	    0
	    0
	    0
	    0
	    0
	    0
	    0
	    0
	    0
	    0
	    0
	    0
	    0
	    0
	    0
	    0
	    0
	    0
	    0
	    0
	    0
	    0
 4576	    5	 43.0	 27.1	 13.8	  9.6	 76.8	 38.4	0	    0
	    0
	    0
 4579	    5	 46.4	 28.0	 14.4	 10.0	 47.3	 39.1	0	    0
	    0
	    0
	    0
	    0
	    0
	    0
	    0
	    0
	    0
	    0
	    0
 4591	    5	 45.5	 28.1	 14.4	  9.8	 37.3	 35.9	0	    0
	    0
	    0
	    0
	    0
	    0
	    0
	    0
	    0
	    0
	    0
	    0
	    0
	    0
 4605	    5	 36.9	 26.6	 13.6	  8.6	 77.4	 11.5	0	    0
	    0
	    0
	    0
	    0
	    0
	    0
	    0
	    0
	    0
	    0
	    0
 4617	    5	 37.8	 26.8	 13.6	  8.7	 63.6	 29.4	0	    0
	    0
	    0
	    0
	    0
	    0
	    0
 4624	    3	 33.3	 32.4	 23.7	  4.6	 86.0	 53.1	0	    0
	    0
	    0
	    0
	    0
	    0
	    0
	    0
	    0
 4633	    5	 45.4	 28.3	 14.6	  9.8	 84.8	 65.7	0	    0
	    0
	    0
	    0
	    0
	    0
	    0
	    0
	    0
	    0
 4643	    5	 43.8	 27.6	 14.1	  9.6	 95.1	  7.1	0	    0
	    0
	    0
	    0
	    0
	    0
	    0
 4650	    5	 42.1	 27.4	 14.0	  9.4	 38.4	 72.5	0	    0
	    0
	    0
	    0
	    0
	    0
	    0
 4657	    5	 42.1	 27.4	 14.0	  9.4	 82.7	  0.2	0	    0
 4658	    5	 39.0	 26.6	 13.6	  8.9	 28.5	 27.7	0	    0
 4659	    5	 41.8	 27.2	 13.9	  9.3	 70.0	 61.2	0	    0
 4660	    5	 35.4	 26.3	 13.4	  8.4	 48.6	 41.9	0	    0
	    0
	    0
	    0
	    0
	    0
	    0
	    0
	    0
	    0
	    0
	    0
	    0
	    0
	    0
 4675	    5	 41.1	 27.1	 13.8	  9.2	 11.3	 13.3	0	    0
	    0
	    0
 4678	    3	 35.6	 33.2	 24.4	  4.8	  8.0	 77.0	0	    0
	    0
	    0
	    0
	    0
	    0
	    0
 4685	    5	 47.2	 28.5	 14.7	 10.0	 60.2	 99.4	0	    0
	    0
	    0
	    0
	    0
	    0
	    0
	    0
	    0
	    0
	    0
	    0
	    0
	    0
	    0
	    0
	    0
	    0
	    0
	    0
	    0
	    0
	    0
	    0
	    0
	    0
	    0
	    0
	    0
	    0
	    0
	    0
	    0
 4718	    3	 30.0	 29.7	 21.3	  4.3	 72.3	 19.4	1	    0
 4719	    5	 45.3	 27.7	 14.2	  9.9	 30.9	 50.0	0	    0
	    0
	    0
	    0
	    0
	    0
	    0
	    0
	    0
	    0
	    0
	    0
 4731	    5	 38.6	 27.2	 13.9	  8.8	 48.7	 77.9	1	    0
	    0
	    0
	    0
	    0
	    0
	    0
	    0
	    0
	    0
	    0
	    0
	    0
	    0
 4745	    5	 43.1	 27.5	 14.1	  9.5	 71.1	 20.7	0	    0
	    0
	    0
	    0
	    0
	    0
	    0
	    0
	    0
	    0
	    0
	    0
	    0
	    0
	    0
	    0
	    0
	    0
	    0
	    0
	    0
	    0
	    0
	    0
	    0
	    0
	    0
	    0
	    0
	    0
	    0
	    0
 4777	    5	 41.6	 27.4	 14.0	  9.3	 21.2	 36.0	0	    0
	    0
 4779	    5	 35.2	 26.2	 13.3	  8.3	 11.1	 74.7	0	    0
 4780	    3	 34.1	 32.4	 23.7	  4.7	  0.0	 44.8	0	    0
	    0
	    0
	    0
 4784	    5	 47.7	 27.9	 14.3	 10.2	 22.3	 74.9	0	    0
	    0
	    0
	    0
	    0
 4789	    5	 40.7	 26.9	 13.7	  9.2	  7.9	  5.4	0	    0
	    0
	    0
	    0
	    0
 4794	    5	 42.1	 27.2	 13.9	  9.4	 18.7	 40.9	0	    0
	    0
	    0
	    0
	    0
	    0
	    0
	    0
	    0
	    0
	    0
	    0
 4806	    5	 43.6	 27.7	 14.2	  9.6	 20.5	 17.9	0	    0
	    0
	    0
	    0
	    0
	    0
	    0
	    0
	    0
	    0
 4816	    3	 34.6	 32.6	 23.9	  4.7	  6.5	 10.2	0	    0
	    0
	    0
	    0
	    0
	    0
	    0
	    0
	    0
	    0
	    0
	    0
	    0
 4829	    3	 30.0	 30.6	 22.2	  4.3	  2.1	 72.8	0	    0
	    0
	    0
	    0
	    0
	    0
	    0
	    0
	    0
	    0
	    0
	    0
	    0
	    0
	    0
	    0
	    0
 4846	    5	 41.6	 27.4	 14.0	  9.3	 49.2	 10.1	0	    0
	    0
	    0
	    0
	    0
	    0
	    0
	    0
	    0
	    0
	    0
	    0
	    0
	    0
	    0
	    0
	    0
	    0
	    0
	    0
	    0
	    0
	    0
	    0
	    0
	    0
	    0
	    0
	    0
	    0
	    0
	    0
	    0
	    0
	    0
	    0
	    0
	    0
	    0
 4885	    5	 40.7	 27.2	 13.9	  9.2	 48.2	 24.9	0	    0
	    0
	    0
	    0
 4889	    3	 32.1	 31.3	 22.7	  4.5	 41.8	 31.9	0	    0
	    0
	    0
	    0
	    0
	    0
 4895	    3	 34.4	 32.8	 24.0	  4.7	 71.9	 54.9	0	    0
	    0
	    0
	    0
	    0
	    0
	    0
	    0
	    0
	    0
	    0
 4906	    5	 42.7	 27.5	 14.1	  9.5	  3.2	 30.6	0	    0
	    0
	    0
	    0
	    0
 4911	    5	 46.9	 28.3	 14.6	 10.0	 85.0	 16.5	0	    0
	    0
	    0
	    0
	    0
	    0
	    0
	    0
	    0
	    0
	    0
	    0
	    0
	    0
	    0
	    0
	    0
	    0
	    0
	    0
	    0
 4932	    5	 38.1	 26.3	 13.4	  8.8	  7.4	 72.6	0	    0
	    0
	    0
	    0
	    0
	    0
	    0
	    0
	    0
	    0
	    0
	    0
	    0
	    0
	    0
	    0
	    0
	    0
	    0
	    0
	    0
	    0
	    0
	    0
	    0
 4957	    5	 37.3	 26.6	 13.5	  8.7	  4.1	 60.5	0	    0
	    0
 4959	    5	 39.5	 27.2	 13.9	  9.0	 19.3	 33.2	0	    0
	    0
 4961	    5	 39.9	 26.9	 13.7	  9.1	 19.8	 65.5	0	    0
	    0
	    0
	    0
	    0
	    0
	    0
	    0
	    0
	    0
	    0
	    0
	    0
	    0
	    0
	    0
	    0
	    0
	    0
	    0
	    0
	    0
	    0
	    0
	    0
 4986	    5	 42.6	 27.3	 14.0	  9.5	 46.8	 83.2	0	    0
	    0
	    0
	    0
	    0
	    0
	    0
	    0
 4994	    3	 32.8	 32.1	 23.5	  4.5	 55.7	 74.3	1	    0
	    0
	    0
	    0
 4998	    3	 32.1	 31.7	 23.1	  4.5	 51.3	 75.7	1	    0
	    0
	    0
