Nr	Art	BHD	h	kra	kd	x	y	kenn	mort
    1	    3	 23.8	 24.1	 16.5	  3.8	 60.5	 50.0	1	    0
	    0
    3	    5	 27.7	 18.7	  9.3	  8.0	 63.6	 44.7	0	    0
	    0
	    0
	    0
	    0
	    0
	    0
	    0
	    0
	    0
	    0
	    0
   15	    3	 25.1	 24.6	 16.8	  4.0	 57.9	 53.8	0	    0
	    0
   17	    3	 24.2	 24.5	 16.8	  3.9	 84.7	  6.4	0	    0
	    0
	    0
	    0
	    0
	    0
   23	    3	 24.0	 24.4	 16.8	  3.9	 21.4	 16.0	0	    0
	    0
	    0
   26	    5	 27.2	 18.3	  9.1	  7.9	 99.1	 66.0	0	    0
	    0
	    0
	    0
	    0
   31	    3	 22.9	 23.5	 16.0	  3.7	 92.7	 29.0	1	    0
	    0
	    0
   34	    3	 20.4	 23.0	 16.0	  3.4	 61.5	 96.5	0	    0
	    0
	    0
	    0
	    0
	    0
   40	    5	 28.0	 18.7	  9.3	  8.0	 58.4	 85.1	0	    0
   41	    5	 27.6	 18.7	  9.3	  8.0	 42.2	 81.8	0	    0
	    0
	    0
	    0
   45	    3	 21.7	 23.6	 16.4	  3.6	 15.8	 22.8	0	    0
	    0
	    0
	    0
	    0
	    0
	    0
	    0
	    0
	    0
	    0
	    0
	    0
	    0
   59	    3	 22.7	 24.1	 16.6	  3.7	 10.9	  7.3	0	    0
	    0
	    0
	    0
	    0
	    0
	    0
	    0
   67	    3	 24.8	 24.7	 16.9	  3.9	 38.8	 23.8	0	    0
	    0
	    0
	    0
	    0
   72	    5	 29.4	 19.4	  9.6	  8.2	 98.9	 60.9	0	    0
	    0
   74	    3	 26.1	 24.9	 17.0	  4.1	 80.9	 55.1	0	    0
	    0
	    0
	    0
   78	    3	 25.2	 24.6	 16.8	  4.0	 17.9	 69.9	0	    0
   79	    5	 27.7	 18.7	  9.3	  8.0	 81.9	 58.9	0	    0
	    0
	    0
	    0
	    0
   84	    5	 31.0	 19.1	  9.5	  8.6	 15.8	 78.1	0	    0
	    0
	    0
   87	    3	 21.8	 23.7	 16.4	  3.6	 77.4	 96.0	0	    0
	    0
   89	    3	 21.5	 23.2	 16.0	  3.6	 33.7	 72.0	0	    0
	    0
	    0
	    0
	    0
	    0
	    0
	    0
	    0
	    0
	    0
	    0
	    0
	    0
	    0
	    0
	    0
	    0
	    0
	    0
	    0
	    0
	    0
	    0
	    0
	    0
	    0
  116	    3	 22.9	 24.1	 16.6	  3.7	 29.4	 18.7	0	    0
	    0
	    0
  119	    3	 21.5	 22.7	 15.4	  3.6	 57.8	 94.8	0	    0
	    0
	    0
  122	    3	 23.7	 24.4	 16.8	  3.8	 50.1	 18.9	0	    0
	    0
	    0
	    0
  126	    3	 23.3	 23.9	 16.4	  3.8	 97.3	 53.5	1	    0
	    0
	    0
	    0
	    0
	    0
  132	    5	 29.0	 18.9	  9.4	  8.2	  2.5	 87.9	0	    0
	    0
	    0
	    0
	    0
  137	    3	 24.2	 24.0	 16.3	  3.9	 21.7	 12.4	0	    0
  138	    3	 22.9	 23.9	 16.4	  3.7	 59.7	 71.9	1	    0
	    0
	    0
  141	    5	 31.0	 19.4	  9.6	  8.6	 13.0	 85.5	0	    0
	    0
  143	    3	 22.1	 23.7	 16.4	  3.6	 54.4	 45.3	1	    0
  144	    5	 29.1	 19.0	  9.5	  8.2	 67.9	 48.7	0	    0
	    0
  146	    3	 24.4	 24.4	 16.7	  3.9	  4.5	 29.6	0	    0
	    0
  148	    3	 21.5	 23.2	 15.9	  3.6	 57.4	 83.8	1	    0
	    0
	    0
	    0
	    0
	    0
  154	    3	 23.5	 24.1	 16.6	  3.8	 57.2	 13.6	0	    0
	    0
	    0
	    0
	    0
	    0
	    0
  161	    3	 24.7	 24.6	 16.8	  3.9	 12.1	 23.5	0	    0
	    0
  163	    3	 23.1	 24.0	 16.5	  3.7	 86.5	 42.3	0	    0
	    0
  165	    5	 28.2	 18.7	  9.3	  8.1	 66.6	 75.4	0	    0
	    0
	    0
	    0
	    0
	    0
	    0
	    0
  173	    3	 23.6	 24.2	 16.6	  3.8	 59.4	 61.4	0	    0
	    0
  175	    5	 26.0	 18.1	  9.0	  7.7	  5.7	 92.4	0	    0
	    0
  177	    5	 29.2	 19.1	  9.5	  8.2	 20.0	 53.7	0	    0
	    0
	    0
	    0
	    0
	    0
  183	    5	 27.7	 19.2	  9.5	  7.9	 24.4	  2.0	0	    0
	    0
	    0
	    0
	    0
	    0
  189	    5	 28.2	 19.1	  9.5	  8.0	 51.2	 90.3	0	    0
	    0
  191	    5	 27.4	 19.0	  9.4	  7.9	 39.9	 11.4	0	    0
	    0
	    0
	    0
	    0
	    0
	    0
  198	    3	 21.4	 23.7	 16.5	  3.5	 78.5	 67.4	0	    0
	    0
	    0
  201	    5	 29.2	 19.3	  9.6	  8.2	 92.9	 37.0	0	    0
  202	    3	 23.7	 24.0	 16.4	  3.8	 37.3	 81.4	0	    0
	    0
  204	    3	 24.1	 24.4	 16.8	  3.9	 36.6	 51.7	0	    0
	    0
	    0
	    0
  208	    3	 23.4	 24.3	 16.7	  3.8	 57.3	 34.0	0	    0
  209	    3	 23.5	 23.6	 16.0	  3.8	 27.4	 76.5	0	    0
	    0
	    0
  212	    3	 23.9	 23.9	 16.3	  3.9	 95.7	  9.3	0	    0
  213	    3	 21.9	 23.7	 16.4	  3.6	 16.7	 22.2	0	    0
	    0
  215	    5	 31.0	 19.4	  9.7	  8.6	 43.0	 27.6	0	    0
	    0
	    0
	    0
  219	    3	 23.8	 24.3	 16.6	  3.8	 52.5	  6.5	1	    0
	    0
	    0
	    0
	    0
	    0
	    0
  226	    3	 26.9	 25.0	 17.0	  4.2	 65.5	 26.3	0	    0
	    0
	    0
	    0
	    0
	    0
	    0
	    0
	    0
	    0
	    0
	    0
	    0
	    0
	    0
	    0
	    0
	    0
	    0
	    0
	    0
	    0
  248	    3	 25.2	 24.9	 17.1	  4.0	 36.3	  4.0	0	    0
	    0
	    0
  251	    3	 24.3	 24.1	 16.4	  3.9	 72.2	 27.1	0	    0
	    0
	    0
	    0
	    0
	    0
	    0
	    0
	    0
	    0
  261	    5	 27.9	 18.6	  9.2	  8.0	 35.8	 71.0	0	    0
	    0
	    0
  264	    3	 22.1	 22.5	 15.2	  3.7	 67.9	 68.9	0	    0
	    0
	    0
	    0
	    0
	    0
  270	    3	 24.2	 24.5	 16.8	  3.9	 26.4	  5.1	0	    0
	    0
	    0
	    0
  274	    3	 22.4	 23.1	 15.7	  3.7	 69.4	 81.4	0	    0
	    0
	    0
	    0
	    0
	    0
  280	    5	 28.2	 19.1	  9.5	  8.0	 30.3	 10.0	0	    0
  281	    3	 22.2	 23.5	 16.1	  3.7	 17.0	 90.9	0	    0
	    0
	    0
  284	    3	 19.1	 22.8	 16.2	  3.3	 44.3	 65.7	1	    0
	    0
	    0
	    0
	    0
	    0
	    0
	    0
	    0
	    0
	    0
	    0
	    0
	    0
	    0
	    0
	    0
	    0
	    0
	    0
  304	    3	 26.2	 25.1	 17.2	  4.1	 17.4	  3.6	1	    0
	    0
	    0
	    0
	    0
	    0
	    0
	    0
  312	    3	 23.9	 23.7	 16.1	  3.9	 68.9	 24.0	0	    0
	    0
	    0
	    0
  316	    3	 23.3	 22.6	 15.1	  3.8	 99.7	 23.3	0	    0
	    0
	    0
	    0
	    0
	    0
	    0
	    0
	    0
	    0
	    0
	    0
	    0
	    0
	    0
	    0
	    0
	    0
  334	    3	 22.5	 23.3	 15.9	  3.7	 81.9	 31.1	1	    0
	    0
	    0
	    0
	    0
	    0
	    0
	    0
  342	    3	 22.1	 23.6	 16.3	  3.6	 53.0	  2.9	0	    0
	    0
	    0
	    0
	    0
	    0
	    0
	    0
	    0
	    0
	    0
	    0
	    0
  355	    3	 22.6	 23.8	 16.4	  3.7	 44.4	 90.2	1	    0
	    0
  357	    3	 26.7	 25.2	 17.2	  4.2	 19.7	 82.0	0	    0
	    0
	    0
	    0
	    0
	    0
	    0
	    0
	    0
	    0
	    0
	    0
  369	    3	 24.6	 24.4	 16.7	  3.9	 19.9	 35.9	0	    0
	    0
	    0
	    0
	    0
	    0
	    0
	    0
	    0
	    0
  379	    3	 18.3	 21.9	 15.4	  3.2	 28.0	 93.0	1	    0
  380	    3	 24.7	 24.7	 16.9	  3.9	  1.1	  8.7	0	    0
	    0
	    0
	    0
	    0
	    0
	    0
	    0
	    0
	    0
	    0
	    0
	    0
	    0
	    0
	    0
	    0
	    0
	    0
	    0
	    0
	    0
	    0
	    0
	    0
	    0
	    0
	    0
	    0
	    0
	    0
	    0
  412	    3	 22.9	 22.7	 15.3	  3.8	 53.8	 20.1	0	    0
  413	    5	 30.1	 19.2	  9.5	  8.4	 90.4	 85.0	1	    0
	    0
	    0
	    0
	    0
	    0
	    0
	    0
	    0
	    0
	    0
	    0
	    0
	    0
	    0
	    0
	    0
	    0
	    0
	    0
  433	    3	 23.7	 24.3	 16.7	  3.8	 86.7	 75.2	0	    0
  434	    3	 26.3	 25.0	 17.0	  4.1	 17.5	 46.9	0	    0
	    0
	    0
	    0
	    0
	    0
	    0
	    0
	    0
	    0
	    0
	    0
	    0
	    0
	    0
	    0
	    0
	    0
	    0
  453	    3	 21.9	 23.4	 16.2	  3.6	 90.2	 54.7	0	    0
	    0
	    0
	    0
	    0
	    0
	    0
	    0
	    0
	    0
  463	    3	 22.5	 23.3	 15.9	  3.7	 82.6	 65.3	0	    0
	    0
  465	    3	 24.6	 24.6	 16.8	  3.9	 99.2	 62.5	0	    0
	    0
	    0
	    0
  469	    3	 25.2	 24.8	 17.0	  4.0	 75.5	 70.3	0	    0
	    0
  471	    3	 23.8	 23.9	 16.3	  3.8	 19.1	 44.1	0	    0
	    0
	    0
	    0
	    0
	    0
	    0
	    0
	    0
  480	    3	 23.5	 24.2	 16.7	  3.8	 23.2	 89.9	0	    0
	    0
	    0
	    0
  484	    3	 23.9	 23.8	 16.2	  3.9	 27.2	 50.0	0	    0
  485	    3	 23.8	 24.0	 16.4	  3.8	 35.0	 11.0	0	    0
	    0
	    0
	    0
  489	    5	 28.4	 18.9	  9.4	  8.1	 32.1	 57.3	0	    0
  490	    5	 32.3	 19.8	  9.9	  8.8	 43.8	 32.9	0	    0
  491	    3	 23.5	 24.5	 16.9	  3.8	 60.6	 55.1	0	    0
	    0
	    0
	    0
	    0
	    0
  497	    3	 26.1	 25.0	 17.1	  4.1	 38.1	 36.8	0	    0
	    0
	    0
	    0
	    0
	    0
	    0
	    0
	    0
	    0
	    0
	    0
	    0
	    0
	    0
	    0
	    0
  514	    3	 24.8	 24.4	 16.7	  4.0	 50.6	 57.8	0	    0
	    0
	    0
	    0
	    0
	    0
	    0
	    0
	    0
	    0
	    0
	    0
	    0
	    0
	    0
	    0
	    0
	    0
	    0
	    0
	    0
	    0
	    0
	    0
	    0
  539	    3	 22.7	 23.6	 16.2	  3.7	 12.4	 63.3	0	    0
	    0
	    0
	    0
	    0
	    0
	    0
	    0
  547	    3	 26.2	 24.9	 17.0	  4.1	 36.6	 77.0	0	    0
	    0
	    0
	    0
	    0
	    0
	    0
	    0
	    0
	    0
	    0
	    0
	    0
  560	    5	 29.1	 19.0	  9.4	  8.2	 68.7	  0.0	0	    0
	    0
	    0
  563	    3	 21.7	 23.4	 16.1	  3.6	 39.8	 93.9	0	    0
	    0
	    0
	    0
	    0
	    0
	    0
	    0
	    0
	    0
  573	    3	 20.0	 22.7	 15.8	  3.4	 66.2	 10.8	0	    0
  574	    5	 27.4	 19.0	  9.4	  7.9	 14.9	 51.1	0	    0
	    0
	    0
	    0
	    0
	    0
	    0
	    0
	    0
  583	    3	 20.3	 23.2	 16.3	  3.4	 98.7	 75.5	1	    0
  584	    3	 22.2	 23.6	 16.2	  3.7	 39.4	 26.5	0	    0
	    0
  586	    5	 29.0	 19.1	  9.5	  8.2	 93.1	 78.7	0	    0
	    0
  588	    3	 24.2	 24.1	 16.4	  3.9	  8.6	 27.7	0	    0
	    0
	    0
	    0
	    0
	    0
	    0
	    0
  596	    3	 24.9	 24.2	 16.4	  4.0	 80.4	 18.2	0	    0
	    0
	    0
	    0
	    0
	    0
	    0
	    0
	    0
	    0
	    0
	    0
	    0
	    0
	    0
	    0
	    0
  613	    3	 23.5	 24.4	 16.9	  3.8	 44.0	 50.8	0	    0
	    0
	    0
  616	    3	 25.6	 24.9	 17.0	  4.0	 50.9	 34.1	0	    0
	    0
	    0
	    0
	    0
	    0
	    0
  623	    5	 31.5	 19.4	  9.7	  8.7	 57.1	 48.6	0	    0
  624	    5	 27.9	 18.8	  9.3	  8.0	 52.2	 50.3	0	    0
	    0
	    0
	    0
	    0
	    0
	    0
  631	    3	 22.0	 23.9	 16.6	  3.6	 26.3	  1.1	0	    0
  632	    3	 21.9	 23.7	 16.4	  3.6	 56.6	 50.2	0	    0
	    0
	    0
	    0
	    0
	    0
	    0
  639	    3	 24.9	 24.3	 16.5	  4.0	 81.0	 71.1	1	    0
	    0
	    0
	    0
	    0
	    0
	    0
	    0
  647	    3	 22.0	 23.7	 16.4	  3.6	 74.4	 44.9	1	    0
	    0
	    0
	    0
	    0
	    0
	    0
	    0
	    0
	    0
	    0
  658	    5	 30.3	 19.0	  9.5	  8.5	 20.2	 58.3	0	    0
	    0
	    0
	    0
  662	    5	 32.0	 19.7	  9.8	  8.7	 86.1	 33.8	0	    0
	    0
	    0
  665	    3	 25.1	 24.6	 16.8	  4.0	 54.5	 96.8	0	    0
	    0
	    0
	    0
	    0
  670	    3	 24.7	 24.4	 16.7	  3.9	 62.6	 75.9	0	    0
	    0
	    0
	    0
	    0
	    0
	    0
  677	    5	 26.1	 18.2	  9.0	  7.7	 59.5	  6.5	0	    0
	    0
	    0
	    0
	    0
	    0
	    0
	    0
  685	    5	 28.1	 18.8	  9.3	  8.1	 16.7	 75.0	0	    0
	    0
	    0
	    0
  689	    3	 22.7	 22.9	 15.4	  3.8	 77.6	 19.1	0	    0
	    0
	    0
  692	    3	 25.2	 24.5	 16.7	  4.0	 17.4	 92.4	0	    0
	    0
	    0
	    0
	    0
	    0
	    0
	    0
	    0
	    0
	    0
	    0
	    0
	    0
	    0
	    0
	    0
  709	    3	 24.9	 24.5	 16.7	  4.0	 80.0	 39.8	1	    0
	    0
	    0
	    0
	    0
	    0
	    0
	    0
	    0
	    0
	    0
  720	    5	 26.4	 18.5	  9.2	  7.7	 39.3	 35.4	0	    0
  721	    3	 25.5	 24.8	 17.0	  4.0	  1.5	  2.5	0	    0
	    0
  723	    3	 24.9	 24.7	 16.9	  4.0	 49.3	 18.8	0	    0
	    0
	    0
	    0
	    0
	    0
  729	    3	 22.8	 23.9	 16.5	  3.7	 35.8	 37.5	0	    0
	    0
	    0
  732	    3	 22.2	 24.0	 16.6	  3.6	 90.5	 28.6	1	    0
	    0
	    0
	    0
	    0
	    0
	    0
	    0
	    0
	    0
  742	    5	 28.9	 19.1	  9.5	  8.2	 54.6	 77.6	0	    0
	    0
	    0
	    0
	    0
	    0
	    0
	    0
	    0
	    0
	    0
	    0
	    0
  755	    5	 31.3	 19.7	  9.8	  8.6	 24.7	 13.2	0	    0
	    0
	    0
	    0
	    0
	    0
	    0
	    0
	    0
	    0
	    0
	    0
	    0
	    0
	    0
	    0
	    0
	    0
	    0
	    0
  775	    3	 22.7	 23.7	 16.3	  3.7	 72.5	 38.4	0	    0
	    0
	    0
	    0
	    0
	    0
	    0
	    0
	    0
	    0
	    0
	    0
	    0
	    0
	    0
	    0
	    0
	    0
	    0
	    0
	    0
	    0
  797	    3	 24.3	 24.1	 16.4	  3.9	 62.7	 21.7	1	    0
	    0
	    0
	    0
	    0
	    0
	    0
	    0
  805	    5	 28.6	 18.5	  9.2	  8.2	 98.9	 91.3	0	    0
	    0
	    0
	    0
  809	    3	 26.4	 25.1	 17.1	  4.1	 27.7	 87.0	0	    0
	    0
	    0
	    0
	    0
  814	    3	 21.6	 23.6	 16.4	  3.6	 89.0	 24.4	0	    0
	    0
	    0
	    0
	    0
	    0
	    0
	    0
  822	    3	 25.0	 23.8	 16.0	  4.0	  7.3	 35.4	0	    0
	    0
	    0
	    0
	    0
	    0
	    0
	    0
	    0
	    0
	    0
	    0
	    0
  835	    3	 23.7	 23.9	 16.3	  3.8	 81.2	 45.8	0	    0
  836	    3	 22.3	 23.3	 15.9	  3.7	 26.1	 83.7	0	    0
	    0
	    0
	    0
	    0
	    0
  842	    3	 22.4	 23.8	 16.4	  3.7	 61.7	 94.0	0	    0
	    0
	    0
	    0
	    0
	    0
	    0
	    0
	    0
  851	    3	 23.8	 24.1	 16.4	  3.8	 86.5	 53.2	0	    0
	    0
	    0
  854	    5	 32.0	 19.6	  9.7	  8.7	 89.4	 13.2	0	    0
	    0
  856	    3	 24.6	 24.5	 16.7	  3.9	 38.1	 32.8	1	    0
	    0
	    0
	    0
	    0
	    0
	    0
	    0
	    0
	    0
	    0
	    0
	    0
	    0
	    0
	    0
  872	    5	 31.3	 19.3	  9.6	  8.6	 88.0	 18.2	0	    0
	    0
	    0
  875	    5	 26.0	 18.2	  9.0	  7.7	 49.8	 80.2	0	    0
	    0
	    0
	    0
  879	    3	 25.8	 25.0	 17.1	  4.1	 39.7	 14.7	0	    0
  880	    5	 28.2	 18.8	  9.3	  8.1	 28.4	 77.6	0	    0
	    0
	    0
	    0
	    0
	    0
	    0
	    0
	    0
	    0
	    0
	    0
	    0
	    0
	    0
	    0
  896	    3	 26.7	 25.1	 17.1	  4.2	 62.7	 47.3	0	    0
  897	    3	 22.6	 23.4	 15.9	  3.7	  6.5	 94.0	0	    0
	    0
	    0
	    0
	    0
	    0
  903	    3	 23.5	 23.8	 16.2	  3.8	 18.0	 85.5	0	    0
	    0
	    0
  906	    3	 25.1	 24.8	 17.0	  4.0	  1.2	 57.0	0	    0
	    0
	    0
	    0
	    0
	    0
	    0
	    0
	    0
	    0
	    0
	    0
	    0
	    0
	    0
	    0
	    0
	    0
	    0
  925	    5	 23.7	 18.0	  8.9	  7.2	 19.4	 81.4	0	    0
	    0
  927	    3	 21.2	 22.9	 15.7	  3.5	 24.3	 28.5	0	    0
	    0
	    0
	    0
	    0
  932	    5	 29.2	 19.0	  9.4	  8.2	  5.6	 85.0	0	    0
	    0
	    0
	    0
	    0
	    0
	    0
	    0
	    0
	    0
	    0
	    0
	    0
  945	    3	 22.3	 23.8	 16.4	  3.7	 21.3	 52.4	0	    0
	    0
	    0
	    0
	    0
	    0
	    0
	    0
	    0
	    0
	    0
	    0
	    0
	    0
	    0
	    0
  961	    3	 22.4	 23.8	 16.5	  3.7	 52.0	  0.7	0	    0
	    0
	    0
	    0
	    0
  966	    3	 24.0	 24.2	 16.6	  3.9	 77.3	  7.6	0	    0
	    0
  968	    3	 24.3	 24.1	 16.4	  3.9	 60.7	 81.3	1	    0
	    0
	    0
	    0
	    0
  973	    3	 26.0	 23.3	 15.5	  4.2	 36.8	 97.4	0	    0
	    0
	    0
  976	    5	 30.4	 18.8	  9.3	  8.5	 31.1	 34.1	0	    0
  977	    5	 28.0	 18.8	  9.3	  8.0	 66.7	 22.1	1	    0
	    0
	    0
	    0
	    0
	    0
	    0
	    0
	    0
	    0
	    0
	    0
	    0
  990	    3	 23.8	 24.3	 16.6	  3.8	 13.0	 72.5	0	    0
	    0
  992	    3	 25.4	 24.4	 16.6	  4.0	 42.6	 23.4	0	    0
	    0
	    0
  995	    3	 25.6	 24.9	 17.0	  4.0	 60.8	 61.2	0	    0
	    0
	    0
	    0
  999	    5	 28.5	 18.8	  9.3	  8.1	 71.1	 77.7	0	    0
	    0
	    0
 1002	    3	 23.0	 23.3	 15.8	  3.8	 74.1	 73.0	0	    0
	    0
 1004	    5	 23.6	 17.9	  8.9	  7.2	 58.4	 57.9	0	    0
	    0
	    0
	    0
	    0
 1009	    3	 24.6	 24.0	 16.2	  4.0	 35.0	 32.6	0	    0
	    0
	    0
	    0
	    0
 1014	    3	 25.0	 24.8	 17.0	  4.0	  8.4	 38.2	1	    0
	    0
 1016	    3	 24.1	 24.3	 16.7	  3.9	 53.5	 55.8	0	    0
	    0
	    0
 1019	    3	 22.7	 24.1	 16.7	  3.7	 58.1	 31.4	0	    0
	    0
	    0
	    0
	    0
 1024	    5	 27.3	 18.8	  9.3	  7.9	 96.3	 52.1	0	    0
	    0
	    0
	    0
	    0
	    0
	    0
	    0
	    0
	    0
	    0
	    0
	    0
	    0
	    0
	    0
	    0
 1041	    3	 22.8	 24.0	 16.6	  3.7	 97.2	  7.1	0	    0
	    0
 1043	    3	 23.2	 23.8	 16.3	  3.8	 32.5	 78.2	0	    0
	    0
 1045	    3	 24.3	 24.6	 16.9	  3.9	 81.5	 12.6	0	    0
	    0
	    0
	    0
	    0
	    0
	    0
	    0
	    0
	    0
	    0
	    0
	    0
	    0
	    0
	    0
	    0
	    0
	    0
	    0
	    0
	    0
	    0
	    0
	    0
	    0
	    0
	    0
	    0
	    0
	    0
	    0
	    0
	    0
	    0
	    0
	    0
	    0
	    0
	    0
	    0
	    0
	    0
	    0
 1089	    3	 22.4	 23.5	 16.2	  3.7	 12.4	 58.6	0	    0
	    0
 1091	    5	 26.5	 18.6	  9.2	  7.7	 41.2	 35.3	0	    0
	    0
	    0
	    0
	    0
	    0
	    0
	    0
 1099	    3	 25.3	 24.7	 16.9	  4.0	 97.3	 29.2	0	    0
	    0
	    0
 1102	    3	 25.8	 25.0	 17.1	  4.1	 91.1	 28.1	1	    0
	    0
	    0
	    0
	    0
	    0
 1108	    3	 23.8	 24.1	 16.5	  3.8	 52.8	 75.5	0	    0
	    0
	    0
	    0
	    0
	    0
	    0
 1115	    3	 26.7	 25.1	 17.1	  4.2	 64.5	 60.3	1	    0
	    0
	    0
	    0
	    0
 1120	    3	 24.2	 24.4	 16.7	  3.9	 20.9	 88.8	0	    0
	    0
	    0
 1123	    5	 28.6	 18.6	  9.2	  8.2	 22.6	 22.8	0	    0
	    0
	    0
	    0
	    0
	    0
	    0
	    0
 1131	    3	 24.3	 24.5	 16.8	  3.9	  7.5	 16.3	0	    0
	    0
	    0
	    0
 1135	    3	 24.1	 24.0	 16.3	  3.9	 56.9	 93.2	0	    0
	    0
	    0
 1138	    3	 21.7	 23.6	 16.3	  3.6	 27.6	  7.6	0	    0
	    0
	    0
	    0
	    0
	    0
	    0
	    0
	    0
	    0
	    0
	    0
	    0
	    0
	    0
	    0
	    0
 1155	    3	 21.1	 23.4	 16.3	  3.5	 53.2	 99.9	0	    0
	    0
	    0
	    0
	    0
	    0
	    0
	    0
	    0
	    0
	    0
	    0
	    0
 1168	    5	 31.5	 19.4	  9.6	  8.7	 15.5	 33.3	0	    0
	    0
 1170	    3	 24.1	 24.5	 16.8	  3.9	 89.8	 82.2	0	    0
	    0
	    0
	    0
	    0
	    0
	    0
 1177	    3	 22.7	 23.3	 15.9	  3.7	 36.7	 90.9	0	    0
	    0
	    0
	    0
	    0
	    0
	    0
	    0
	    0
	    0
 1187	    3	 25.2	 24.5	 16.7	  4.0	  8.0	 81.3	0	    0
	    0
	    0
 1190	    5	 29.6	 19.0	  9.4	  8.3	  5.1	  7.4	0	    0
	    0
 1192	    3	 23.0	 24.1	 16.6	  3.7	 40.1	 43.9	0	    0
	    0
	    0
	    0
	    0
	    0
	    0
	    0
	    0
	    0
	    0
	    0
	    0
	    0
	    0
	    0
	    0
	    0
	    0
	    0
	    0
	    0
	    0
 1215	    3	 23.1	 23.8	 16.3	  3.8	 14.4	 28.9	0	    0
	    0
 1217	    3	 24.5	 24.4	 16.7	  3.9	 30.4	 88.5	0	    0
	    0
	    0
	    0
 1221	    5	 26.7	 18.5	  9.2	  7.8	 39.7	 30.4	0	    0
	    0
	    0
	    0
	    0
	    0
	    0
	    0
	    0
	    0
	    0
	    0
	    0
 1234	    5	 31.1	 19.6	  9.7	  8.6	 63.9	  8.8	0	    0
	    0
	    0
	    0
	    0
	    0
	    0
 1241	    5	 30.8	 19.7	  9.8	  8.5	 58.9	 76.9	0	    0
	    0
	    0
 1244	    3	 21.5	 23.2	 16.0	  3.6	  5.0	 52.0	0	    0
	    0
	    0
	    0
	    0
	    0
	    0
	    0
	    0
	    0
	    0
 1255	    5	 32.3	 20.0	 10.0	  8.7	 30.4	 12.2	0	    0
	    0
	    0
	    0
	    0
	    0
	    0
	    0
	    0
	    0
	    0
	    0
	    0
	    0
	    0
	    0
	    0
 1272	    3	 22.8	 23.8	 16.3	  3.7	 10.0	 31.7	0	    0
 1273	    3	 25.5	 24.8	 17.0	  4.0	  7.1	 54.0	0	    0
 1274	    5	 26.3	 18.6	  9.2	  7.7	 58.3	 71.6	0	    0
	    0
	    0
	    0
 1278	    3	 22.3	 23.3	 15.9	  3.7	 98.0	 11.9	0	    0
	    0
	    0
	    0
	    0
 1283	    3	 22.8	 24.0	 16.6	  3.7	 76.7	 11.9	0	    0
	    0
 1285	    3	 23.5	 24.3	 16.7	  3.8	 52.9	 81.9	0	    0
	    0
	    0
	    0
	    0
	    0
	    0
	    0
 1293	    5	 32.2	 19.4	  9.7	  8.8	 39.6	 83.8	0	    0
	    0
	    0
 1296	    3	 22.4	 23.7	 16.3	  3.7	 94.9	 69.0	0	    0
	    0
	    0
	    0
 1300	    5	 29.2	 19.1	  9.5	  8.2	 68.4	 82.3	0	    0
 1301	    5	 28.1	 19.0	  9.4	  8.0	 84.8	 28.9	0	    0
	    0
	    0
	    0
	    0
 1306	    3	 23.8	 24.2	 16.6	  3.8	 40.5	 50.1	0	    0
	    0
	    0
	    0
	    0
	    0
 1312	    3	 23.3	 22.0	 14.4	  3.9	 56.6	 17.6	0	    0
	    0
	    0
	    0
 1316	    3	 24.2	 24.4	 16.7	  3.9	 61.6	  4.7	1	    0
 1317	    3	 22.5	 23.8	 16.5	  3.7	 66.1	 15.4	0	    0
	    0
	    0
	    0
	    0
	    0
	    0
	    0
 1325	    3	 26.8	 25.1	 17.1	  4.2	 35.4	 73.3	0	    0
	    0
	    0
	    0
	    0
	    0
	    0
	    0
 1333	    3	 23.3	 24.1	 16.6	  3.8	  0.2	 10.9	0	    0
	    0
	    0
	    0
 1337	    3	 23.3	 24.2	 16.7	  3.8	 76.4	 92.7	0	    0
	    0
	    0
	    0
	    0
	    0
	    0
	    0
 1345	    3	 25.4	 24.8	 16.9	  4.0	 50.6	 52.9	0	    0
 1346	    3	 24.0	 24.3	 16.6	  3.9	  8.7	  9.5	0	    0
	    0
	    0
	    0
	    0
	    0
	    0
	    0
	    0
 1355	    3	 24.6	 23.1	 15.4	  4.0	 78.3	 87.3	0	    0
 1356	    5	 26.8	 18.4	  9.1	  7.8	 34.5	  8.2	0	    0
	    0
 1358	    3	 25.6	 24.5	 16.6	  4.1	  4.8	 18.5	0	    0
	    0
	    0
	    0
 1362	    3	 25.1	 24.6	 16.8	  4.0	 38.5	 90.0	0	    0
	    0
	    0
	    0
 1366	    3	 23.2	 24.1	 16.6	  3.8	 88.4	 20.3	0	    0
	    0
	    0
	    0
	    0
	    0
	    0
	    0
 1374	    5	 30.2	 18.8	  9.3	  8.5	 62.7	 84.5	1	    0
 1375	    5	 29.8	 18.8	  9.3	  8.4	 47.2	 51.6	0	    0
	    0
	    0
	    0
	    0
	    0
 1381	    3	 25.3	 24.7	 16.9	  4.0	 43.5	 88.2	0	    0
 1382	    3	 22.0	 23.1	 15.8	  3.6	 14.2	 66.4	0	    0
	    0
	    0
	    0
	    0
 1387	    3	 23.0	 24.0	 16.6	  3.7	 50.6	  6.8	0	    0
	    0
	    0
	    0
	    0
 1392	    3	 23.8	 24.3	 16.7	  3.8	 17.1	 95.7	0	    0
	    0
	    0
	    0
	    0
	    0
 1398	    5	 28.0	 18.6	  9.2	  8.0	 25.8	 10.0	0	    0
	    0
 1400	    3	 23.1	 24.1	 16.6	  3.8	 30.6	 48.9	1	    0
	    0
	    0
	    0
	    0
	    0
 1406	    3	 22.7	 23.1	 15.6	  3.7	 49.8	 21.5	1	    0
 1407	    5	 26.0	 18.7	  9.3	  7.6	 77.9	 24.4	0	    0
	    0
	    0
	    0
	    0
	    0
 1413	    3	 22.8	 24.1	 16.6	  3.7	 44.4	 69.1	0	    0
	    0
	    0
 1416	    3	 23.5	 24.1	 16.6	  3.8	 10.2	 30.1	0	    0
	    0
	    0
	    0
	    0
	    0
	    0
 1423	    3	 24.6	 24.6	 16.8	  3.9	 14.1	 54.4	0	    0
	    0
	    0
 1426	    5	 28.2	 19.0	  9.5	  8.0	 28.8	 50.2	0	    0
	    0
	    0
	    0
	    0
	    0
 1432	    5	 26.7	 18.6	  9.2	  7.8	 80.8	 14.1	0	    0
	    0
	    0
	    0
 1436	    3	 23.5	 24.2	 16.6	  3.8	 17.5	 28.6	0	    0
	    0
	    0
	    0
	    0
 1441	    3	 26.1	 24.1	 16.2	  4.2	 78.9	 49.1	0	    0
	    0
	    0
	    0
	    0
 1446	    3	 24.1	 24.3	 16.6	  3.9	 58.6	 91.4	0	    0
	    0
	    0
	    0
	    0
	    0
	    0
	    0
	    0
	    0
	    0
	    0
	    0
	    0
	    0
	    0
	    0
 1463	    5	 27.6	 18.6	  9.2	  8.0	 40.7	 41.2	0	    0
	    0
	    0
	    0
	    0
	    0
	    0
	    0
	    0
	    0
	    0
	    0
	    0
	    0
	    0
	    0
 1479	    3	 24.9	 24.6	 16.9	  4.0	 52.4	 18.1	0	    0
	    0
	    0
	    0
	    0
	    0
	    0
	    0
	    0
	    0
 1489	    3	 26.0	 25.0	 17.1	  4.1	 73.2	 91.0	0	    0
	    0
	    0
	    0
 1493	    3	 23.9	 24.1	 16.4	  3.9	  6.2	  9.4	0	    0
	    0
	    0
 1496	    3	 24.3	 23.7	 16.1	  3.9	 33.6	 63.6	0	    0
	    0
	    0
 1499	    3	 20.3	 22.9	 16.0	  3.4	 67.7	 19.7	0	    0
	    0
 1501	    3	 24.5	 24.6	 16.9	  3.9	 45.1	 65.7	1	    0
	    0
	    0
	    0
 1505	    3	 22.4	 23.9	 16.5	  3.7	 97.2	 44.4	0	    0
	    0
	    0
	    0
	    0
	    0
 1511	    3	 21.3	 22.6	 15.4	  3.6	 82.2	 31.8	0	    0
	    0
	    0
	    0
	    0
	    0
	    0
	    0
	    0
	    0
 1521	    3	 22.2	 23.6	 16.3	  3.7	 45.7	  3.3	0	    0
	    0
 1523	    5	 29.9	 19.0	  9.4	  8.4	 65.0	 97.1	0	    0
	    0
	    0
	    0
	    0
	    0
	    0
 1530	    5	 27.5	 18.7	  9.3	  7.9	 60.6	 43.3	0	    0
 1531	    3	 23.9	 24.1	 16.5	  3.9	 84.6	 83.1	1	    0
	    0
	    0
	    0
	    0
 1536	    3	 22.9	 24.1	 16.6	  3.7	 71.8	  5.0	0	    0
	    0
	    0
 1539	    3	 23.2	 24.1	 16.6	  3.8	 16.3	 78.8	0	    0
	    0
	    0
	    0
	    0
	    0
	    0
 1546	    3	 24.1	 24.4	 16.7	  3.9	 45.9	 67.1	0	    0
	    0
	    0
	    0
	    0
 1551	    5	 29.0	 19.3	  9.6	  8.1	 19.6	 93.9	0	    0
 1552	    3	 25.4	 24.5	 16.6	  4.0	 31.4	 73.5	0	    0
 1553	    5	 29.4	 18.9	  9.4	  8.3	 31.3	 59.6	0	    0
	    0
 1555	    3	 24.2	 23.7	 16.0	  3.9	 23.9	 96.4	0	    0
 1556	    3	 24.0	 24.3	 16.7	  3.9	 94.1	 59.7	0	    0
	    0
	    0
	    0
	    0
	    0
	    0
	    0
 1564	    3	 24.5	 24.5	 16.8	  3.9	 31.5	 62.2	0	    0
	    0
	    0
	    0
	    0
	    0
	    0
 1571	    3	 23.4	 24.1	 16.5	  3.8	 80.2	 36.7	0	    0
	    0
 1573	    3	 23.2	 23.9	 16.4	  3.8	 46.9	 99.8	1	    0
	    0
	    0
	    0
	    0
 1578	    3	 22.9	 23.9	 16.4	  3.7	 66.0	 77.1	1	    0
	    0
	    0
	    0
	    0
	    0
	    0
	    0
	    0
	    0
	    0
	    0
 1590	    3	 25.1	 24.7	 16.9	  4.0	 22.2	  1.5	1	    0
	    0
 1592	    5	 26.5	 18.6	  9.2	  7.7	 68.5	 79.0	0	    0
 1593	    3	 22.8	 23.2	 15.7	  3.8	 69.8	 76.3	0	    0
	    0
	    0
 1596	    5	 27.8	 18.7	  9.3	  8.0	 93.8	 83.5	0	    0
	    0
	    0
	    0
	    0
	    0
 1602	    3	 23.3	 23.9	 16.4	  3.8	 57.4	 80.6	1	    0
	    0
 1604	    3	 25.0	 24.7	 17.0	  4.0	 23.9	 19.3	0	    0
	    0
 1606	    3	 23.2	 24.1	 16.6	  3.8	 50.5	 37.9	0	    0
	    0
	    0
	    0
	    0
 1611	    5	 31.8	 19.5	  9.7	  8.7	 75.4	 84.4	0	    0
	    0
	    0
	    0
	    0
 1616	    5	 26.4	 18.6	  9.2	  7.7	 42.8	 70.7	0	    0
	    0
	    0
 1619	    3	 21.9	 22.8	 15.5	  3.6	  3.0	  1.5	0	    0
	    0
 1621	    3	 21.3	 22.9	 15.7	  3.6	 74.3	  1.8	0	    0
 1622	    3	 24.1	 24.5	 16.8	  3.9	 50.3	 70.3	0	    0
	    0
	    0
 1625	    5	 28.4	 19.2	  9.5	  8.0	 60.4	 50.9	0	    0
	    0
	    0
 1628	    5	 29.5	 19.1	  9.5	  8.3	 43.5	 86.1	0	    0
	    0
	    0
 1631	    5	 30.0	 19.3	  9.6	  8.4	 21.9	 70.1	0	    0
	    0
	    0
	    0
	    0
 1636	    5	 26.6	 18.9	  9.4	  7.7	 54.6	 69.2	1	    0
	    0
 1638	    3	 23.9	 24.4	 16.7	  3.8	 88.2	 87.5	1	    0
	    0
	    0
	    0
	    0
 1643	    3	 22.0	 23.1	 15.8	  3.6	 91.7	 58.1	1	    0
	    0
	    0
	    0
	    0
	    0
	    0
	    0
	    0
	    0
	    0
	    0
	    0
	    0
	    0
	    0
	    0
	    0
	    0
	    0
	    0
	    0
 1665	    3	 22.8	 23.8	 16.3	  3.7	 74.8	 25.9	0	    0
	    0
	    0
	    0
	    0
	    0
 1671	    5	 23.4	 18.0	  8.9	  7.1	 56.0	 49.8	0	    0
 1672	    3	 22.1	 23.1	 15.8	  3.7	 48.6	 74.1	0	    0
	    0
	    0
	    0
	    0
	    0
	    0
 1679	    3	 27.5	 25.3	 17.3	  4.3	 44.8	 32.3	0	    0
	    0
 1681	    3	 27.0	 25.2	 17.2	  4.2	 30.5	  5.7	0	    0
	    0
	    0
	    0
	    0
 1686	    3	 22.4	 23.2	 15.8	  3.7	 62.0	 67.4	1	    0
	    0
	    0
	    0
 1690	    3	 24.5	 24.6	 16.8	  3.9	 56.8	 81.8	0	    0
 1691	    3	 25.9	 24.9	 17.0	  4.1	 27.5	 40.9	0	    0
	    0
	    0
	    0
	    0
	    0
 1697	    5	 24.3	 18.3	  9.1	  7.3	 78.6	 22.8	0	    0
	    0
 1699	    3	 25.3	 24.7	 16.9	  4.0	 88.7	 43.6	0	    0
 1700	    5	 30.7	 19.2	  9.5	  8.5	 77.5	  5.0	0	    0
	    0
	    0
	    0
 1704	    5	 32.6	 19.7	  9.8	  8.8	 46.7	 62.0	0	    0
	    0
	    0
	    0
	    0
	    0
	    0
 1711	    3	 23.8	 24.0	 16.4	  3.8	 58.5	 22.3	0	    0
	    0
	    0
	    0
	    0
	    0
	    0
	    0
	    0
	    0
	    0
	    0
	    0
	    0
	    0
	    0
	    0
 1728	    3	 24.3	 24.4	 16.7	  3.9	 28.9	 46.4	0	    0
	    0
	    0
	    0
	    0
	    0
	    0
	    0
	    0
	    0
	    0
	    0
	    0
	    0
	    0
	    0
	    0
	    0
	    0
	    0
	    0
	    0
	    0
 1751	    3	 23.5	 24.1	 16.6	  3.8	 83.6	 92.1	0	    0
	    0
	    0
	    0
	    0
	    0
	    0
	    0
	    0
 1760	    3	 26.4	 25.0	 17.0	  4.1	 65.6	 71.3	0	    0
	    0
 1762	    3	 21.3	 23.2	 16.0	  3.5	 15.9	  4.8	1	    0
	    0
 1764	    3	 24.7	 24.4	 16.6	  3.9	 24.3	 98.5	0	    0
	    0
	    0
	    0
	    0
	    0
	    0
	    0
	    0
	    0
	    0
 1775	    3	 23.6	 23.8	 16.2	  3.8	 68.1	 34.9	1	    0
	    0
 1777	    3	 26.3	 25.0	 17.1	  4.1	 65.0	 56.2	0	    0
	    0
	    0
	    0
 1781	    3	 23.5	 24.1	 16.5	  3.8	 21.2	 43.6	0	    0
 1782	    5	 31.5	 19.3	  9.6	  8.7	 78.7	 59.3	0	    0
 1783	    5	 27.7	 18.8	  9.3	  8.0	 32.9	 95.0	0	    0
	    0
	    0
 1786	    3	 26.5	 25.1	 17.1	  4.1	 67.8	 80.6	0	    0
	    0
	    0
	    0
	    0
	    0
 1792	    5	 30.8	 19.4	  9.6	  8.5	 39.3	 65.5	0	    0
 1793	    3	 23.2	 24.1	 16.5	  3.8	 98.5	 66.3	1	    0
	    0
	    0
	    0
	    0
	    0
 1799	    3	 22.6	 23.3	 15.9	  3.7	 31.4	 18.9	0	    0
	    0
	    0
	    0
	    0
	    0
	    0
	    0
	    0
	    0
	    0
 1810	    5	 26.2	 18.8	  9.3	  7.6	 21.7	 89.6	0	    0
	    0
	    0
	    0
	    0
	    0
	    0
 1817	    5	 31.5	 19.5	  9.7	  8.6	 11.3	 44.1	0	    0
	    0
	    0
	    0
	    0
	    0
	    0
	    0
	    0
	    0
	    0
 1828	    3	 24.6	 24.7	 16.9	  3.9	 89.6	 11.7	0	    0
	    0
	    0
	    0
 1832	    3	 25.1	 23.7	 15.9	  4.0	 58.4	 74.4	0	    0
	    0
	    0
	    0
 1836	    3	 23.0	 23.9	 16.4	  3.7	 71.4	 40.1	0	    0
	    0
 1838	    5	 28.4	 19.0	  9.4	  8.1	 85.3	 64.3	0	    0
	    0
 1840	    5	 26.1	 18.2	  9.0	  7.7	 73.0	 75.0	0	    0
	    0
	    0
	    0
	    0
	    0
	    0
	    0
	    0
	    0
 1850	    3	 22.2	 23.8	 16.5	  3.6	 56.6	 30.0	0	    0
	    0
	    0
	    0
	    0
	    0
	    0
	    0
	    0
	    0
	    0
 1861	    3	 24.7	 24.4	 16.7	  3.9	 21.0	 11.4	1	    0
	    0
 1863	    5	 30.0	 19.2	  9.5	  8.4	 37.1	 93.2	0	    0
	    0
	    0
	    0
	    0
 1868	    3	 24.6	 23.7	 16.0	  4.0	 41.9	 33.4	0	    0
	    0
	    0
	    0
	    0
	    0
	    0
 1875	    3	 21.7	 23.4	 16.2	  3.6	 96.3	 38.7	0	    0
	    0
 1877	    3	 26.9	 25.1	 17.1	  4.2	 33.5	 52.2	0	    0
	    0
	    0
	    0
	    0
	    0
	    0
	    0
	    0
	    0
 1887	    3	 23.8	 24.0	 16.4	  3.8	 92.7	 82.8	0	    0
 1888	    3	 24.0	 24.4	 16.8	  3.8	 82.0	 88.2	0	    0
	    0
 1890	    3	 24.5	 24.5	 16.8	  3.9	 70.8	 93.9	0	    0
	    0
	    0
	    0
	    0
	    0
	    0
	    0
	    0
	    0
	    0
	    0
	    0
	    0
 1904	    3	 26.3	 25.0	 17.1	  4.1	 91.7	 14.8	0	    0
	    0
	    0
	    0
	    0
	    0
	    0
 1911	    3	 21.1	 23.4	 16.2	  3.5	 99.8	 47.6	0	    0
	    0
	    0
 1914	    3	 23.3	 23.4	 15.9	  3.8	 65.8	 83.6	0	    0
	    0
 1916	    3	 25.1	 24.8	 17.0	  4.0	 66.4	 64.0	0	    0
	    0
	    0
 1919	    5	 29.8	 19.6	  9.7	  8.3	 76.1	 65.1	0	    0
	    0
	    0
	    0
	    0
	    0
 1925	    5	 29.9	 19.5	  9.7	  8.3	 88.3	 49.2	0	    0
	    0
	    0
	    0
	    0
	    0
	    0
	    0
 1933	    3	 24.6	 24.6	 16.9	  3.9	 70.7	 68.1	1	    0
	    0
	    0
	    0
	    0
	    0
 1939	    5	 31.1	 19.5	  9.7	  8.5	 35.2	 39.9	0	    0
	    0
	    0
	    0
	    0
	    0
	    0
 1946	    5	 28.3	 18.9	  9.4	  8.1	 94.7	 76.7	0	    0
	    0
	    0
	    0
	    0
	    0
	    0
	    0
 1954	    3	 25.4	 24.8	 17.0	  4.0	 85.9	 60.3	0	    0
 1955	    5	 28.6	 18.7	  9.3	  8.2	 94.1	 35.2	0	    0
 1956	    5	 30.2	 19.0	  9.4	  8.5	  4.5	 44.7	0	    0
	    0
	    0
 1959	    3	 21.7	 23.8	 16.6	  3.6	  5.5	 42.8	1	    0
	    0
	    0
	    0
	    0
	    0
 1965	    3	 23.9	 24.3	 16.6	  3.8	  9.7	  5.4	1	    0
	    0
	    0
 1968	    3	 25.3	 24.7	 16.9	  4.0	 71.4	 83.9	0	    0
	    0
	    0
	    0
	    0
	    0
 1974	    3	 24.0	 23.7	 16.0	  3.9	 42.5	 14.2	0	    0
	    0
 1976	    3	 23.2	 23.4	 15.9	  3.8	 75.8	 33.3	0	    0
 1977	    5	 27.9	 18.7	  9.3	  8.0	 76.5	 17.4	0	    0
	    0
	    0
	    0
	    0
	    0
 1983	    5	 30.4	 19.1	  9.5	  8.5	  9.5	  0.4	0	    0
	    0
	    0
	    0
	    0
	    0
	    0
 1990	    3	 22.7	 24.2	 16.8	  3.7	 89.3	 94.1	0	    0
	    0
	    0
	    0
	    0
	    0
	    0
	    0
	    0
	    0
 2000	    3	 21.6	 22.8	 15.5	  3.6	 38.4	 63.3	1	    0
	    0
	    0
	    0
	    0
	    0
	    0
	    0
	    0
 2009	    3	 24.5	 24.6	 16.9	  3.9	 39.0	 13.1	0	    0
	    0
	    0
	    0
	    0
	    0
	    0
	    0
	    0
	    0
	    0
	    0
	    0
	    0
 2023	    3	 23.0	 24.0	 16.5	  3.7	 67.1	 50.0	0	    0
	    0
	    0
	    0
	    0
 2028	    3	 24.5	 24.1	 16.3	  3.9	 95.3	 50.7	0	    0
	    0
	    0
	    0
	    0
	    0
	    0
	    0
 2036	    3	 21.1	 22.9	 15.8	  3.5	 69.9	 40.3	1	    0
	    0
	    0
 2039	    3	 22.3	 23.2	 15.8	  3.7	 23.4	 70.7	0	    0
	    0
	    0
	    0
	    0
	    0
	    0
	    0
 2047	    5	 28.6	 19.1	  9.5	  8.1	 89.0	 58.8	0	    0
	    0
	    0
	    0
	    0
	    0
	    0
	    0
	    0
	    0
	    0
 2058	    3	 23.3	 24.2	 16.7	  3.8	 97.4	 87.8	0	    0
	    0
	    0
	    0
	    0
	    0
 2064	    3	 24.7	 24.5	 16.7	  3.9	 51.6	 24.9	0	    0
	    0
	    0
	    0
	    0
	    0
	    0
	    0
	    0
	    0
	    0
	    0
 2076	    3	 26.4	 24.9	 17.0	  4.1	 72.9	 79.7	0	    0
	    0
	    0
	    0
 2080	    5	 27.6	 18.6	  9.2	  8.0	  0.4	 35.3	0	    0
 2081	    3	 24.3	 24.6	 16.9	  3.9	  5.2	 81.8	0	    0
	    0
	    0
	    0
	    0
	    0
	    0
	    0
	    0
	    0
 2091	    5	 29.7	 18.9	  9.4	  8.4	 47.1	 29.3	0	    0
	    0
	    0
	    0
 2095	    3	 22.9	 24.0	 16.5	  3.7	 16.9	 80.1	0	    0
 2096	    3	 23.0	 24.1	 16.6	  3.7	 78.6	 62.4	0	    0
	    0
	    0
	    0
	    0
	    0
	    0
	    0
	    0
	    0
	    0
	    0
	    0
	    0
	    0
	    0
	    0
	    0
	    0
	    0
 2116	    5	 28.5	 19.2	  9.6	  8.0	 24.3	 35.0	0	    0
 2117	    3	 23.5	 24.0	 16.4	  3.8	 78.0	 20.3	1	    0
	    0
 2119	    3	 22.5	 23.4	 16.0	  3.7	  8.2	 91.9	0	    0
	    0
	    0
	    0
	    0
	    0
	    0
	    0
	    0
 2128	    3	 24.8	 24.7	 16.9	  3.9	 79.3	 57.7	0	    0
	    0
	    0
	    0
	    0
	    0
	    0
	    0
 2136	    5	 28.8	 19.1	  9.5	  8.1	 26.0	 37.6	0	    0
	    0
 2138	    3	 23.0	 23.7	 16.3	  3.7	  0.1	 68.0	0	    0
	    0
	    0
 2141	    5	 31.3	 19.6	  9.7	  8.6	 80.2	 45.9	0	    0
	    0
	    0
	    0
	    0
	    0
	    0
	    0
	    0
	    0
	    0
	    0
	    0
 2154	    3	 23.4	 23.6	 16.1	  3.8	 75.3	 17.1	1	    0
	    0
	    0
 2157	    5	 29.5	 19.0	  9.4	  8.3	 85.0	 40.1	0	    0
	    0
 2159	    3	 24.2	 24.3	 16.7	  3.9	 10.4	 14.3	1	    0
	    0
	    0
	    0
	    0
	    0
	    0
	    0
	    0
 2168	    3	 24.1	 24.3	 16.6	  3.9	 65.9	 57.9	0	    0
	    0
	    0
 2171	    3	 25.5	 24.9	 17.0	  4.0	 56.3	 21.1	0	    0
	    0
	    0
 2174	    3	 22.6	 23.1	 15.7	  3.7	 68.1	 74.7	0	    0
	    0
	    0
	    0
	    0
	    0
	    0
	    0
	    0
	    0
	    0
	    0
	    0
 2187	    3	 23.3	 23.9	 16.4	  3.8	 58.2	  1.9	1	    0
	    0
	    0
	    0
	    0
	    0
	    0
 2194	    3	 25.1	 24.7	 16.9	  4.0	 93.0	 90.6	0	    0
	    0
	    0
	    0
	    0
	    0
	    0
	    0
	    0
	    0
	    0
	    0
	    0
	    0
	    0
	    0
	    0
	    0
	    0
	    0
	    0
	    0
	    0
	    0
	    0
 2219	    3	 23.8	 24.1	 16.4	  3.8	 62.5	 56.4	0	    0
	    0
	    0
	    0
	    0
	    0
	    0
	    0
	    0
	    0
	    0
	    0
	    0
	    0
	    0
	    0
	    0
	    0
	    0
	    0
	    0
	    0
	    0
 2242	    5	 31.3	 19.5	  9.7	  8.6	 29.0	 99.3	0	    0
	    0
	    0
	    0
 2246	    3	 27.9	 25.5	 17.4	  4.3	 93.7	 48.1	0	    0
	    0
 2248	    5	 32.1	 19.2	  9.6	  8.8	 10.1	 97.6	0	    0
	    0
	    0
	    0
	    0
	    0
	    0
	    0
	    0
	    0
	    0
	    0
	    0
	    0
	    0
	    0
	    0
	    0
	    0
	    0
	    0
	    0
	    0
	    0
	    0
 2273	    5	 28.1	 18.9	  9.4	  8.0	 26.2	 25.9	0	    0
 2274	    3	 25.4	 24.7	 16.9	  4.0	 39.3	 33.5	0	    0
	    0
	    0
 2277	    3	 21.7	 23.4	 16.2	  3.6	 51.1	 67.4	0	    0
	    0
 2279	    3	 25.1	 24.7	 16.9	  4.0	 27.1	  8.1	0	    0
 2280	    3	 21.7	 23.2	 16.0	  3.6	 22.4	 64.0	0	    0
	    0
	    0
 2283	    5	 26.5	 18.3	  9.1	  7.8	 69.2	 14.6	0	    0
	    0
	    0
	    0
	    0
 2288	    3	 23.5	 24.0	 16.4	  3.8	 77.7	 31.3	0	    0
	    0
	    0
	    0
	    0
	    0
	    0
 2295	    3	 27.3	 25.4	 17.4	  4.2	 99.3	 93.7	0	    0
	    0
	    0
	    0
	    0
	    0
	    0
	    0
	    0
	    0
	    0
 2306	    3	 23.1	 22.9	 15.4	  3.8	  0.6	 56.2	0	    0
	    0
	    0
	    0
 2310	    3	 25.6	 24.9	 17.0	  4.0	 83.3	 33.0	0	    0
	    0
	    0
	    0
	    0
	    0
	    0
	    0
 2318	    5	 25.0	 17.9	  8.9	  7.5	 32.7	 99.3	0	    0
	    0
	    0
	    0
 2322	    3	 24.2	 24.4	 16.7	  3.9	 93.5	 85.1	0	    0
	    0
	    0
	    0
	    0
	    0
	    0
	    0
 2330	    3	 24.2	 24.4	 16.7	  3.9	 77.7	 90.8	0	    0
	    0
	    0
	    0
 2334	    3	 25.1	 24.5	 16.7	  4.0	 54.7	 61.9	0	    0
	    0
	    0
	    0
	    0
	    0
	    0
	    0
 2342	    5	 28.4	 19.3	  9.6	  8.0	 58.5	 53.2	0	    0
	    0
	    0
	    0
	    0
	    0
	    0
	    0
	    0
	    0
	    0
	    0
	    0
	    0
	    0
	    0
	    0
	    0
	    0
 2361	    3	 21.8	 24.0	 16.8	  3.6	 49.7	 71.2	0	    0
	    0
	    0
	    0
	    0
	    0
	    0
	    0
	    0
	    0
	    0
	    0
	    0
 2374	    3	 26.1	 24.9	 17.0	  4.1	 68.1	 51.8	0	    0
	    0
	    0
 2377	    3	 24.8	 24.7	 16.9	  3.9	 95.4	  8.4	1	    0
	    0
	    0
	    0
	    0
	    0
	    0
	    0
	    0
	    0
	    0
	    0
	    0
 2390	    3	 23.8	 24.0	 16.4	  3.9	 61.5	 17.3	0	    0
	    0
	    0
	    0
	    0
	    0
	    0
	    0
	    0
	    0
 2400	    5	 30.0	 19.3	  9.6	  8.4	 95.3	 26.5	0	    0
	    0
 2402	    5	 29.8	 18.9	  9.4	  8.4	 78.0	 32.4	0	    0
	    0
 2404	    5	 29.1	 19.0	  9.5	  8.2	 94.5	 85.9	0	    0
 2405	    5	 30.3	 19.5	  9.7	  8.4	 31.6	 93.0	0	    0
	    0
	    0
 2408	    5	 26.1	 18.3	  9.1	  7.7	 75.3	 91.1	0	    0
	    0
	    0
	    0
	    0
 2413	    3	 21.1	 23.5	 16.4	  3.5	 88.0	  8.3	0	    0
	    0
	    0
	    0
	    0
	    0
 2419	    3	 22.5	 23.7	 16.3	  3.7	 84.0	 46.5	0	    0
	    0
	    0
	    0
	    0
	    0
 2425	    3	 23.6	 24.0	 16.4	  3.8	 95.6	 74.0	0	    0
	    0
	    0
	    0
	    0
	    0
	    0
	    0
	    0
	    0
	    0
 2436	    5	 26.9	 18.9	  9.4	  7.8	 71.7	 62.8	0	    0
	    0
	    0
	    0
	    0
 2441	    3	 23.7	 24.2	 16.6	  3.8	 68.9	 47.8	0	    0
	    0
	    0
	    0
 2445	    3	 23.0	 22.8	 15.3	  3.8	 85.0	 42.2	0	    0
	    0
	    0
 2448	    5	 29.2	 19.0	  9.4	  8.2	 14.2	 16.2	0	    0
	    0
	    0
	    0
	    0
	    0
	    0
	    0
	    0
	    0
 2458	    5	 29.9	 19.3	  9.6	  8.3	 92.1	  4.4	0	    0
	    0
 2460	    3	 23.0	 23.3	 15.9	  3.8	 50.1	 92.2	0	    0
	    0
	    0
 2463	    3	 23.4	 24.3	 16.8	  3.8	 77.3	 21.6	0	    0
	    0
	    0
	    0
	    0
	    0
	    0
	    0
	    0
	    0
 2473	    3	 23.8	 24.5	 16.9	  3.8	  2.2	 73.9	0	    0
 2474	    5	 28.1	 18.6	  9.2	  8.1	 77.8	 46.7	0	    0
	    0
 2476	    3	 24.6	 24.5	 16.8	  3.9	 98.2	 22.5	0	    0
	    0
 2478	    5	 31.4	 19.5	  9.7	  8.6	 56.0	 70.4	0	    0
	    0
	    0
	    0
 2482	    5	 29.2	 19.2	  9.6	  8.2	 52.1	 46.0	0	    0
	    0
 2484	    5	 26.8	 18.5	  9.2	  7.8	 18.3	 70.9	0	    0
	    0
	    0
	    0
	    0
	    0
	    0
	    0
	    0
	    0
	    0
	    0
	    0
	    0
	    0
	    0
	    0
	    0
	    0
	    0
	    0
	    0
	    0
	    0
	    0
	    0
	    0
	    0
	    0
	    0
	    0
	    0
	    0
	    0
	    0
	    0
	    0
	    0
	    0
 2523	    3	 21.8	 23.0	 15.7	  3.6	 50.0	 38.3	0	    0
	    0
 2525	    3	 23.4	 24.0	 16.5	  3.8	 34.4	 86.6	0	    0
	    0
	    0
	    0
	    0
	    0
	    0
 2532	    3	 27.8	 25.5	 17.4	  4.3	 92.3	 76.8	0	    0
	    0
 2534	    3	 22.9	 24.1	 16.6	  3.7	 66.0	 36.0	1	    0
	    0
	    0
	    0
 2538	    5	 30.0	 19.3	  9.6	  8.4	  6.5	 75.6	1	    0
	    0
	    0
	    0
	    0
	    0
	    0
	    0
 2546	    5	 23.3	 17.8	  8.8	  7.1	 49.8	 63.6	0	    0
	    0
	    0
	    0
	    0
	    0
	    0
	    0
	    0
	    0
	    0
 2557	    3	 23.6	 24.0	 16.5	  3.8	 62.5	 94.6	0	    0
	    0
	    0
	    0
	    0
	    0
	    0
	    0
	    0
	    0
	    0
	    0
	    0
	    0
	    0
 2572	    3	 23.9	 21.7	 14.1	  4.0	 50.9	 59.1	0	    0
 2573	    3	 23.8	 24.2	 16.6	  3.8	 44.1	 13.8	0	    0
	    0
 2575	    3	 23.3	 23.9	 16.4	  3.8	 70.3	  6.9	1	    0
	    0
	    0
 2578	    3	 26.3	 25.1	 17.1	  4.1	 19.2	 75.6	0	    0
	    0
	    0
	    0
	    0
 2583	    5	 27.8	 18.8	  9.3	  8.0	 81.4	 82.0	0	    0
	    0
	    0
	    0
	    0
	    0
	    0
	    0
	    0
	    0
	    0
	    0
	    0
	    0
	    0
	    0
 2599	    5	 27.8	 19.0	  9.5	  7.9	 28.9	 44.5	1	    0
	    0
 2601	    3	 23.0	 23.4	 15.9	  3.8	 24.7	 71.8	0	    0
	    0
	    0
	    0
 2605	    5	 29.2	 19.0	  9.4	  8.2	 73.0	 69.4	0	    0
 2606	    3	 25.1	 24.7	 16.9	  4.0	 70.0	 14.7	0	    0
	    0
	    0
	    0
	    0
	    0
	    0
	    0
	    0
 2615	    3	 23.5	 23.6	 16.0	  3.8	 13.5	 61.0	0	    0
 2616	    5	 31.4	 19.3	  9.6	  8.7	 62.2	 24.2	0	    0
 2617	    5	 25.3	 18.4	  9.1	  7.5	 60.1	 66.5	0	    0
	    0
	    0
	    0
 2621	    3	 20.6	 22.4	 15.3	  3.5	  2.5	 52.9	0	    0
	    0
	    0
 2624	    3	 21.2	 22.6	 15.5	  3.6	 30.6	 84.7	0	    0
	    0
 2626	    3	 22.2	 23.9	 16.6	  3.6	 56.7	 94.6	0	    0
	    0
	    0
	    0
	    0
 2631	    5	 29.2	 19.3	  9.6	  8.2	 60.1	 78.0	0	    0
	    0
	    0
	    0
	    0
	    0
	    0
	    0
	    0
	    0
	    0
 2642	    5	 28.5	 19.0	  9.4	  8.1	 45.4	 37.8	0	    0
 2643	    3	 25.4	 24.8	 16.9	  4.0	 84.6	 95.0	0	    0
 2644	    3	 27.6	 25.5	 17.4	  4.3	 80.1	  3.1	0	    0
	    0
	    0
 2647	    5	 28.9	 18.9	  9.4	  8.2	 51.8	 97.3	0	    0
	    0
 2649	    3	 24.4	 24.7	 16.9	  3.9	 72.6	 58.6	0	    0
	    0
	    0
 2652	    5	 26.4	 18.5	  9.2	  7.7	 19.3	 68.1	0	    0
	    0
	    0
	    0
	    0
	    0
	    0
	    0
	    0
 2661	    3	 24.2	 24.3	 16.6	  3.9	 35.4	 85.7	0	    0
	    0
	    0
	    0
 2665	    5	 29.9	 19.4	  9.7	  8.3	 87.9	 53.6	0	    0
	    0
	    0
	    0
	    0
	    0
	    0
	    0
	    0
	    0
 2675	    3	 27.5	 25.3	 17.2	  4.3	 57.6	 42.3	1	    0
	    0
	    0
	    0
	    0
	    0
	    0
	    0
	    0
 2684	    3	 23.2	 24.2	 16.7	  3.8	 76.9	 36.8	0	    0
	    0
	    0
	    0
	    0
	    0
	    0
	    0
	    0
	    0
	    0
	    0
 2696	    3	 23.7	 24.0	 16.4	  3.8	 41.2	 67.9	1	    0
	    0
	    0
	    0
	    0
	    0
	    0
	    0
	    0
	    0
	    0
	    0
 2708	    5	 28.1	 18.8	  9.3	  8.0	 88.5	 38.4	0	    0
	    0
	    0
 2711	    5	 30.6	 19.6	  9.7	  8.4	 74.4	 18.0	1	    0
	    0
	    0
	    0
	    0
	    0
	    0
	    0
	    0
	    0
	    0
 2722	    3	 20.1	 22.7	 15.7	  3.4	 20.5	 32.8	0	    0
	    0
	    0
	    0
	    0
	    0
 2728	    3	 23.6	 23.9	 16.3	  3.8	 38.3	 10.1	0	    0
 2729	    5	 28.5	 18.7	  9.3	  8.1	 59.5	 25.2	0	    0
	    0
	    0
	    0
	    0
	    0
	    0
	    0
	    0
	    0
	    0
 2740	    5	 32.8	 19.5	  9.7	  8.9	 72.1	 50.7	0	    0
	    0
	    0
	    0
	    0
 2745	    3	 23.4	 24.0	 16.4	  3.8	 60.5	 38.9	0	    0
	    0
	    0
	    0
	    0
	    0
	    0
	    0
	    0
	    0
 2755	    3	 24.3	 24.4	 16.7	  3.9	 84.4	 69.7	0	    0
 2756	    3	 22.2	 23.8	 16.5	  3.6	 48.0	 90.4	0	    0
	    0
	    0
	    0
	    0
	    0
	    0
	    0
	    0
	    0
	    0
 2767	    3	 21.5	 22.1	 14.8	  3.6	 49.7	  0.7	1	    0
	    0
	    0
	    0
	    0
	    0
	    0
	    0
	    0
	    0
 2777	    3	 24.0	 24.3	 16.7	  3.9	 62.3	 44.5	0	    0
	    0
 2779	    5	 27.6	 18.8	  9.3	  7.9	 50.5	  6.1	0	    0
	    0
	    0
	    0
	    0
	    0
	    0
	    0
	    0
	    0
	    0
	    0
	    0
	    0
	    0
	    0
 2795	    5	 27.5	 18.6	  9.2	  7.9	 41.5	 92.5	0	    0
 2796	    3	 21.4	 23.5	 16.3	  3.6	 56.9	 58.8	0	    0
	    0
	    0
	    0
	    0
	    0
	    0
 2803	    5	 28.8	 19.0	  9.4	  8.2	 20.7	 83.3	0	    0
	    0
 2805	    3	 23.5	 23.6	 16.0	  3.8	 78.2	 98.4	0	    0
 2806	    5	 29.5	 18.7	  9.3	  8.4	 15.0	 81.8	0	    0
 2807	    3	 23.5	 24.2	 16.6	  3.8	 10.7	 85.3	0	    0
	    0
	    0
	    0
	    0
	    0
	    0
	    0
	    0
	    0
	    0
	    0
	    0
	    0
	    0
	    0
	    0
	    0
	    0
	    0
	    0
	    0
 2829	    3	 26.0	 24.9	 17.0	  4.1	 49.5	 55.0	0	    0
	    0
	    0
	    0
	    0
	    0
	    0
	    0
	    0
	    0
	    0
	    0
	    0
	    0
	    0
 2844	    3	 24.1	 24.1	 16.4	  3.9	 16.7	 42.6	0	    0
	    0
 2846	    3	 24.5	 24.5	 16.7	  3.9	 94.8	 27.7	1	    0
 2847	    3	 24.3	 24.5	 16.8	  3.9	 11.0	 79.2	1	    0
	    0
	    0
 2850	    5	 30.7	 19.1	  9.5	  8.5	 23.6	 55.8	0	    0
	    0
	    0
	    0
	    0
	    0
	    0
	    0
	    0
	    0
	    0
	    0
	    0
 2863	    3	 22.9	 24.6	 17.1	  3.7	 58.4	 97.7	0	    0
 2864	    5	 30.2	 19.2	  9.5	  8.4	 80.8	 65.6	0	    0
	    0
	    0
	    0
	    0
	    0
 2870	    3	 20.1	 21.9	 15.0	  3.4	 42.3	 89.8	0	    0
 2871	    3	 23.6	 24.3	 16.7	  3.8	 44.3	 58.1	0	    0
	    0
 2873	    3	 23.0	 23.6	 16.2	  3.8	 37.8	 80.4	0	    0
	    0
	    0
	    0
	    0
	    0
	    0
	    0
	    0
 2882	    3	 23.0	 24.1	 16.6	  3.7	 70.6	 58.9	0	    0
	    0
	    0
	    0
 2886	    5	 28.4	 18.8	  9.3	  8.1	  8.9	 72.6	0	    0
	    0
	    0
	    0
	    0
	    0
 2892	    3	 23.8	 24.3	 16.7	  3.8	 83.4	 56.8	0	    0
	    0
	    0
	    0
	    0
	    0
	    0
	    0
	    0
	    0
	    0
	    0
	    0
	    0
	    0
	    0
 2908	    3	 21.5	 23.1	 15.9	  3.6	 54.6	 42.3	1	    0
	    0
 2910	    3	 22.6	 24.1	 16.6	  3.7	 28.4	 18.6	0	    0
	    0
	    0
	    0
	    0
	    0
	    0
	    0
	    0
	    0
 2920	    5	 29.5	 19.2	  9.5	  8.3	 32.7	 43.7	0	    0
	    0
	    0
	    0
	    0
	    0
	    0
	    0
	    0
	    0
	    0
	    0
	    0
	    0
	    0
	    0
	    0
	    0
	    0
	    0
	    0
	    0
	    0
	    0
 2944	    5	 27.7	 18.5	  9.2	  8.0	 60.3	 69.4	0	    0
	    0
	    0
	    0
	    0
 2949	    5	 30.1	 19.3	  9.6	  8.4	  0.5	 17.2	0	    0
	    0
	    0
	    0
	    0
	    0
	    0
 2956	    3	 24.3	 24.5	 16.8	  3.9	 63.3	 42.1	0	    0
	    0
	    0
	    0
	    0
	    0
 2962	    3	 27.2	 25.3	 17.3	  4.2	 62.2	 90.7	0	    0
	    0
	    0
	    0
	    0
	    0
	    0
	    0
	    0
	    0
	    0
	    0
	    0
	    0
	    0
	    0
	    0
	    0
	    0
	    0
	    0
	    0
	    0
	    0
	    0
	    0
	    0
	    0
	    0
	    0
	    0
	    0
	    0
 2995	    3	 27.1	 25.3	 17.2	  4.2	 49.7	 37.6	1	    0
 2996	    3	 22.9	 24.1	 16.6	  3.7	 54.8	 94.4	0	    0
	    0
	    0
	    0
	    0
 3001	    5	 30.0	 19.3	  9.6	  8.4	  5.5	 62.5	0	    0
 3002	    3	 22.7	 23.4	 16.0	  3.7	 77.6	 60.1	0	    0
	    0
	    0
	    0
	    0
	    0
	    0
	    0
	    0
	    0
	    0
	    0
 3014	    3	 25.4	 24.8	 16.9	  4.0	 67.2	 52.6	0	    0
	    0
	    0
	    0
	    0
	    0
	    0
	    0
 3022	    3	 22.8	 23.4	 16.0	  3.7	 79.3	 14.6	0	    0
 3023	    3	 26.9	 25.1	 17.1	  4.2	 38.3	 84.9	0	    0
	    0
	    0
	    0
	    0
	    0
	    0
	    0
	    0
 3032	    5	 30.3	 19.2	  9.5	  8.4	 77.1	 52.0	0	    0
	    0
	    0
	    0
	    0
 3037	    3	 23.6	 24.0	 16.4	  3.8	 70.9	 16.6	0	    0
 3038	    5	 29.0	 18.8	  9.3	  8.2	 60.8	 90.1	0	    0
 3039	    3	 22.5	 23.5	 16.1	  3.7	 39.3	 48.3	0	    0
 3040	    5	 27.4	 19.0	  9.5	  7.9	 99.6	 86.3	0	    0
	    0
	    0
	    0
	    0
	    0
	    0
	    0
	    0
	    0
	    0
	    0
	    0
	    0
	    0
	    0
	    0
	    0
	    0
	    0
 3060	    3	 23.1	 23.3	 15.8	  3.8	 34.9	 32.9	1	    0
	    0
	    0
	    0
 3064	    3	 24.3	 24.4	 16.7	  3.9	 30.2	 50.2	1	    0
	    0
	    0
	    0
 3068	    3	 23.9	 23.9	 16.3	  3.9	  5.9	 58.8	0	    0
	    0
	    0
	    0
 3072	    3	 25.8	 24.9	 17.0	  4.1	 89.0	 63.7	0	    0
 3073	    3	 25.1	 24.7	 16.9	  4.0	 33.4	 93.4	0	    0
	    0
	    0
	    0
	    0
	    0
	    0
	    0
 3081	    3	 24.3	 24.4	 16.7	  3.9	 57.6	 91.9	0	    0
	    0
	    0
	    0
	    0
	    0
	    0
	    0
	    0
	    0
	    0
	    0
	    0
	    0
	    0
	    0
 3097	    3	 21.4	 22.3	 15.1	  3.6	 84.9	 38.2	0	    0
 3098	    5	 29.1	 18.9	  9.4	  8.2	  9.3	 40.4	0	    0
	    0
	    0
 3101	    5	 27.7	 19.1	  9.5	  7.9	 87.2	 44.8	1	    0
	    0
 3103	    3	 21.2	 23.5	 16.4	  3.5	 24.2	 47.3	0	    0
	    0
	    0
	    0
	    0
	    0
	    0
	    0
	    0
 3112	    5	 30.6	 19.2	  9.5	  8.5	 89.7	 62.0	0	    0
 3113	    5	 28.5	 18.9	  9.4	  8.1	 98.2	 16.9	0	    0
 3114	    3	 23.2	 23.7	 16.2	  3.8	 58.6	 93.9	0	    0
	    0
	    0
	    0
	    0
 3119	    5	 29.4	 18.9	  9.4	  8.3	 12.4	 21.9	0	    0
 3120	    5	 29.4	 19.0	  9.4	  8.3	 36.8	 15.8	0	    0
	    0
 3122	    3	 21.8	 23.2	 15.9	  3.6	 47.8	 35.8	0	    0
	    0
	    0
 3125	    5	 27.7	 18.8	  9.3	  8.0	 75.6	 58.1	0	    0
	    0
	    0
	    0
	    0
	    0
	    0
	    0
	    0
	    0
	    0
	    0
	    0
	    0
	    0
	    0
	    0
	    0
	    0
	    0
	    0
	    0
 3147	    3	 25.9	 24.8	 16.8	  4.1	 17.3	 25.0	0	    0
	    0
 3149	    3	 24.1	 24.4	 16.7	  3.9	  0.0	 65.7	0	    0
	    0
	    0
	    0
	    0
	    0
	    0
	    0
	    0
	    0
	    0
 3160	    3	 22.5	 24.1	 16.7	  3.7	 24.7	 68.4	0	    0
	    0
	    0
	    0
	    0
 3165	    3	 24.7	 24.3	 16.6	  3.9	 16.5	 67.1	0	    0
 3166	    3	 23.9	 24.3	 16.7	  3.8	 61.3	  2.4	0	    0
	    0
	    0
	    0
	    0
	    0
	    0
 3173	    5	 23.9	 18.2	  9.0	  7.2	 97.1	 84.7	0	    0
	    0
 3175	    3	 25.2	 24.8	 17.0	  4.0	 85.3	 80.7	0	    0
	    0
	    0
	    0
	    0
 3180	    3	 22.8	 23.3	 15.8	  3.8	 64.7	 27.0	1	    0
	    0
	    0
	    0
	    0
	    0
	    0
	    0
	    0
 3189	    5	 30.0	 19.1	  9.5	  8.4	 70.5	  3.3	0	    0
	    0
	    0
	    0
	    0
	    0
 3195	    3	 23.9	 24.4	 16.7	  3.8	 97.1	 16.3	0	    0
	    0
	    0
	    0
	    0
 3200	    3	 25.7	 24.8	 16.9	  4.1	 19.9	 96.2	0	    0
	    0
	    0
	    0
	    0
 3205	    3	 26.1	 24.9	 17.0	  4.1	 22.9	 46.8	0	    0
 3206	    3	 22.2	 23.7	 16.3	  3.6	 43.0	 83.5	0	    0
	    0
	    0
	    0
 3210	    3	 24.3	 24.6	 16.9	  3.9	 49.7	 50.0	1	    0
	    0
	    0
	    0
	    0
	    0
	    0
 3217	    3	 24.5	 24.6	 16.8	  3.9	 88.2	 15.3	0	    0
	    0
	    0
	    0
	    0
	    0
	    0
	    0
	    0
	    0
 3227	    5	 29.0	 18.9	  9.4	  8.2	 94.1	 95.0	0	    0
 3228	    3	 25.8	 24.9	 17.0	  4.1	 98.2	 52.1	0	    0
	    0
 3230	    5	 28.5	 18.6	  9.2	  8.2	  9.5	 17.1	0	    0
	    0
	    0
	    0
	    0
	    0
	    0
	    0
 3238	    3	 25.2	 24.7	 16.9	  4.0	 65.6	 84.3	0	    0
	    0
	    0
	    0
	    0
 3243	    3	 24.1	 24.2	 16.5	  3.9	 46.8	 77.2	0	    0
	    0
	    0
 3246	    3	 24.0	 24.4	 16.7	  3.8	 78.3	 76.8	1	    0
	    0
	    0
	    0
	    0
	    0
	    0
	    0
	    0
	    0
	    0
 3257	    3	 24.1	 24.5	 16.8	  3.9	 26.6	 11.1	0	    0
 3258	    3	 24.9	 24.7	 16.9	  4.0	 23.3	 37.6	0	    0
	    0
	    0
	    0
	    0
	    0
	    0
	    0
	    0
 3267	    3	 23.0	 23.9	 16.4	  3.7	 26.1	 98.4	0	    0
	    0
	    0
	    0
	    0
	    0
	    0
	    0
	    0
	    0
	    0
 3278	    5	 27.6	 18.9	  9.4	  7.9	 51.6	 39.9	0	    0
 3279	    3	 26.1	 24.9	 17.0	  4.1	 62.8	 10.9	0	    0
	    0
	    0
	    0
	    0
	    0
	    0
	    0
	    0
 3288	    3	 22.9	 23.5	 16.0	  3.8	 37.9	  6.6	0	    0
 3289	    3	 23.7	 24.0	 16.4	  3.8	 94.6	 94.8	1	    0
	    0
	    0
	    0
 3293	    3	 25.3	 24.7	 16.8	  4.0	 13.3	 96.9	0	    0
	    0
	    0
	    0
	    0
	    0
	    0
 3300	    3	 24.6	 24.6	 16.8	  3.9	  0.5	 26.3	0	    0
	    0
	    0
	    0
	    0
 3305	    3	 23.0	 23.8	 16.3	  3.8	 54.3	 39.2	0	    0
	    0
	    0
	    0
	    0
	    0
	    0
	    0
	    0
	    0
 3315	    3	 22.4	 23.8	 16.4	  3.7	 73.6	 28.9	0	    0
 3316	    3	 27.9	 25.4	 17.3	  4.3	 39.1	 57.7	0	    0
	    0
	    0
	    0
	    0
	    0
	    0
	    0
	    0
	    0
	    0
	    0
 3328	    3	 23.6	 24.0	 16.4	  3.8	 89.5	 47.3	0	    0
	    0
	    0
	    0
	    0
	    0
	    0
	    0
	    0
	    0
	    0
 3339	    5	 31.9	 19.7	  9.8	  8.7	 66.0	 43.9	0	    0
	    0
	    0
	    0
	    0
	    0
	    0
	    0
	    0
	    0
	    0
	    0
	    0
	    0
 3353	    3	 24.9	 24.6	 16.8	  4.0	 70.7	 11.1	0	    0
	    0
	    0
	    0
	    0
	    0
 3359	    3	 23.5	 23.9	 16.3	  3.8	 96.8	 79.0	0	    0
	    0
	    0
	    0
	    0
	    0
	    0
	    0
	    0
	    0
	    0
	    0
	    0
	    0
 3373	    3	 25.7	 24.9	 17.0	  4.1	 17.2	 10.7	0	    0
	    0
	    0
	    0
	    0
 3378	    5	 32.1	 19.4	  9.6	  8.8	 46.3	  0.5	0	    0
	    0
	    0
	    0
	    0
	    0
	    0
	    0
	    0
	    0
	    0
	    0
	    0
	    0
 3392	    3	 21.6	 23.9	 16.7	  3.6	 47.5	 33.1	0	    0
	    0
	    0
	    0
 3396	    5	 30.0	 19.4	  9.7	  8.3	 69.3	  9.7	0	    0
	    0
	    0
	    0
	    0
	    0
	    0
	    0
 3404	    3	 21.7	 23.6	 16.3	  3.6	 69.2	 34.2	0	    0
	    0
 3406	    5	 30.6	 19.3	  9.6	  8.5	  1.4	  1.6	0	    0
 3407	    5	 29.8	 19.4	  9.6	  8.3	 54.9	 15.3	0	    0
	    0
 3409	    3	 24.7	 24.5	 16.8	  3.9	 83.8	 12.2	0	    0
	    0
	    0
	    0
	    0
	    0
	    0
	    0
 3417	    3	 23.1	 24.0	 16.5	  3.7	  0.5	 11.8	0	    0
 3418	    3	 22.5	 20.9	 13.5	  3.8	 71.5	 17.5	0	    0
	    0
	    0
	    0
	    0
	    0
	    0
	    0
 3426	    5	 30.9	 19.4	  9.7	  8.5	 37.9	 79.6	0	    0
	    0
	    0
	    0
	    0
	    0
	    0
	    0
	    0
	    0
	    0
	    0
	    0
	    0
	    0
 3441	    3	 26.0	 24.8	 16.9	  4.1	 11.8	 71.8	0	    0
 3442	    3	 22.8	 23.2	 15.7	  3.7	 37.9	 46.9	0	    0
	    0
	    0
	    0
	    0
	    0
	    0
	    0
 3450	    3	 21.5	 23.6	 16.4	  3.6	  1.1	 98.6	0	    0
	    0
	    0
	    0
	    0
	    0
	    0
	    0
	    0
	    0
	    0
	    0
	    0
	    0
	    0
	    0
	    0
	    0
	    0
	    0
	    0
	    0
	    0
	    0
 3474	    3	 21.7	 23.1	 15.9	  3.6	 61.4	 52.1	1	    0
	    0
	    0
	    0
	    0
	    0
	    0
	    0
	    0
	    0
	    0
	    0
	    0
	    0
 3488	    3	 23.5	 24.3	 16.8	  3.8	 40.1	 77.7	0	    0
 3489	    5	 28.5	 19.2	  9.6	  8.1	 64.1	 19.5	0	    0
 3490	    3	 23.7	 24.0	 16.4	  3.8	 41.1	 39.6	0	    0
	    0
	    0
	    0
	    0
	    0
	    0
	    0
	    0
	    0
	    0
 3501	    3	 23.9	 23.7	 16.1	  3.9	 93.0	  1.7	1	    0
	    0
	    0
	    0
	    0
	    0
 3507	    3	 23.9	 24.2	 16.6	  3.8	 41.1	 63.3	0	    0
 3508	    3	 20.6	 22.9	 15.9	  3.5	  8.8	 16.9	0	    0
	    0
	    0
	    0
	    0
	    0
	    0
	    0
	    0
	    0
	    0
	    0
	    0
 3521	    3	 22.4	 23.9	 16.5	  3.7	 43.6	 51.8	0	    0
	    0
	    0
	    0
	    0
	    0
 3527	    5	 30.7	 19.5	  9.7	  8.5	 97.4	 41.8	0	    0
	    0
	    0
	    0
	    0
	    0
	    0
	    0
	    0
	    0
	    0
	    0
	    0
	    0
	    0
	    0
	    0
	    0
	    0
	    0
	    0
	    0
	    0
	    0
 3551	    3	 24.2	 23.8	 16.1	  3.9	 28.9	 88.0	0	    0
	    0
	    0
	    0
	    0
 3556	    3	 23.0	 24.1	 16.6	  3.7	 35.3	 60.1	0	    0
	    0
	    0
	    0
	    0
 3561	    3	 23.5	 23.4	 15.9	  3.8	 71.9	 22.8	0	    0
	    0
	    0
	    0
 3565	    3	 22.2	 22.3	 14.9	  3.7	 44.0	 89.2	1	    0
 3566	    3	 25.8	 25.0	 17.1	  4.1	 13.4	 41.1	0	    0
	    0
	    0
	    0
	    0
	    0
	    0
	    0
	    0
 3575	    5	 26.7	 18.5	  9.2	  7.8	 43.4	 54.9	0	    0
	    0
	    0
	    0
	    0
 3580	    3	 24.9	 24.6	 16.8	  4.0	 82.7	 32.4	0	    0
	    0
	    0
	    0
	    0
 3585	    5	 31.2	 19.7	  9.8	  8.6	 79.7	 97.3	0	    0
 3586	    5	 31.5	 19.4	  9.6	  8.7	 70.4	 92.8	0	    0
	    0
	    0
	    0
	    0
	    0
	    0
	    0
	    0
	    0
	    0
	    0
	    0
	    0
	    0
 3601	    3	 23.3	 24.0	 16.5	  3.8	 54.3	 24.3	0	    0
	    0
	    0
	    0
 3605	    3	 21.8	 23.4	 16.1	  3.6	 39.9	 59.2	0	    0
	    0
	    0
	    0
	    0
	    0
 3611	    3	 27.6	 25.4	 17.3	  4.3	  3.4	 25.6	0	    0
	    0
	    0
	    0
	    0
	    0
	    0
	    0
	    0
	    0
	    0
	    0
	    0
	    0
	    0
	    0
 3627	    3	 26.5	 25.2	 17.2	  4.1	 10.7	 87.9	0	    0
	    0
	    0
	    0
	    0
	    0
	    0
	    0
	    0
	    0
	    0
	    0
	    0
	    0
	    0
	    0
	    0
	    0
	    0
	    0
 3647	    3	 22.1	 23.7	 16.4	  3.6	 91.0	 54.1	0	    0
	    0
	    0
	    0
	    0
	    0
	    0
	    0
	    0
	    0
	    0
	    0
	    0
	    0
	    0
 3662	    3	 25.6	 24.9	 17.0	  4.0	  1.7	 31.9	0	    0
	    0
	    0
	    0
	    0
	    0
	    0
	    0
	    0
	    0
	    0
	    0
	    0
	    0
	    0
	    0
	    0
	    0
	    0
	    0
	    0
 3683	    3	 21.4	 23.4	 16.3	  3.5	 37.7	 96.4	0	    0
	    0
	    0
	    0
	    0
	    0
 3689	    3	 25.5	 24.6	 16.7	  4.0	 98.7	 78.5	0	    0
	    0
	    0
	    0
	    0
 3694	    3	 23.6	 24.3	 16.7	  3.8	 43.0	 42.0	0	    0
	    0
	    0
	    0
 3698	    3	 23.6	 24.1	 16.5	  3.8	 19.1	 22.4	0	    0
	    0
	    0
	    0
	    0
	    0
	    0
	    0
	    0
	    0
	    0
 3709	    5	 28.8	 19.1	  9.5	  8.1	 70.1	 36.4	0	    0
	    0
	    0
	    0
	    0
	    0
	    0
 3716	    3	 23.3	 24.2	 16.6	  3.8	 95.2	 69.8	0	    0
	    0
	    0
	    0
	    0
	    0
	    0
	    0
	    0
	    0
	    0
 3727	    3	 21.7	 23.4	 16.1	  3.6	 54.5	 34.8	0	    0
	    0
	    0
	    0
	    0
	    0
	    0
 3734	    5	 27.0	 18.8	  9.3	  7.8	 83.1	  1.3	0	    0
	    0
	    0
 3737	    3	 23.5	 23.5	 15.9	  3.8	 67.7	 65.7	0	    0
 3738	    3	 24.4	 24.3	 16.6	  3.9	 15.6	 56.6	0	    0
	    0
	    0
 3741	    3	 25.9	 24.9	 16.9	  4.1	 43.4	 23.6	0	    0
	    0
	    0
	    0
	    0
	    0
	    0
 3748	    3	 22.6	 24.1	 16.7	  3.7	  3.6	 75.2	0	    0
	    0
	    0
	    0
 3752	    3	 24.0	 24.3	 16.6	  3.9	 94.0	 99.1	0	    0
	    0
	    0
	    0
	    0
	    0
	    0
	    0
	    0
	    0
	    0
	    0
 3764	    3	 23.8	 24.3	 16.7	  3.8	 27.6	 95.5	0	    0
	    0
	    0
 3767	    3	 24.2	 23.5	 15.8	  3.9	 84.8	 21.6	0	    0
	    0
	    0
 3770	    3	 23.5	 24.2	 16.7	  3.8	 27.6	 30.0	0	    0
	    0
	    0
	    0
	    0
	    0
	    0
 3777	    3	 22.6	 23.8	 16.4	  3.7	 66.8	 61.4	0	    0
	    0
	    0
	    0
 3781	    3	 25.6	 24.6	 16.8	  4.1	 57.8	 36.1	1	    0
	    0
	    0
 3784	    3	 24.5	 24.6	 16.9	  3.9	 96.7	 56.6	1	    0
	    0
 3786	    3	 20.5	 23.0	 16.0	  3.5	 53.0	 23.2	1	    0
 3787	    5	 27.6	 18.7	  9.3	  7.9	 24.7	 83.1	0	    0
	    0
 3789	    3	 23.3	 24.3	 16.8	  3.8	 17.2	  9.0	0	    0
	    0
	    0
	    0
	    0
	    0
	    0
	    0
 3797	    3	 23.4	 24.2	 16.7	  3.8	 17.4	 37.6	0	    0
	    0
	    0
	    0
	    0
	    0
	    0
 3804	    3	 21.9	 23.3	 16.1	  3.6	 91.9	  2.1	1	    0
	    0
	    0
	    0
 3808	    5	 28.5	 19.2	  9.5	  8.1	 86.6	 66.1	0	    0
	    0
	    0
	    0
	    0
	    0
	    0
 3815	    3	 23.5	 24.0	 16.5	  3.8	 97.2	 79.8	0	    0
	    0
 3817	    5	 29.5	 19.4	  9.6	  8.2	 68.2	 56.4	0	    0
	    0
	    0
	    0
	    0
	    0
	    0
	    0
	    0
	    0
	    0
 3828	    3	 23.6	 24.0	 16.4	  3.8	  3.5	 55.6	0	    0
	    0
	    0
	    0
	    0
	    0
	    0
	    0
	    0
	    0
 3838	    3	 22.8	 23.8	 16.3	  3.7	 24.3	 84.0	0	    0
	    0
	    0
	    0
	    0
	    0
	    0
	    0
	    0
	    0
 3848	    3	 26.8	 25.2	 17.1	  4.2	 31.1	 80.9	0	    0
	    0
	    0
 3851	    3	 23.5	 23.9	 16.3	  3.8	 46.5	 87.2	0	    0
	    0
	    0
	    0
	    0
 3856	    3	 24.6	 24.6	 16.9	  3.9	 11.9	 18.4	0	    0
	    0
	    0
	    0
	    0
	    0
	    0
 3863	    3	 26.0	 25.0	 17.1	  4.1	 93.1	 94.0	0	    0
	    0
	    0
	    0
	    0
	    0
	    0
	    0
	    0
	    0
	    0
	    0
	    0
	    0
	    0
	    0
	    0
	    0
	    0
 3882	    5	 27.5	 18.8	  9.3	  7.9	 40.5	 46.1	0	    0
	    0
	    0
	    0
	    0
	    0
	    0
	    0
 3890	    5	 29.8	 19.2	  9.5	  8.3	 29.9	 71.0	0	    0
	    0
 3892	    3	 25.8	 24.8	 16.9	  4.1	 97.7	 40.3	0	    0
	    0
	    0
	    0
	    0
	    0
	    0
	    0
	    0
	    0
	    0
	    0
	    0
	    0
	    0
	    0
 3908	    5	 28.1	 19.2	  9.5	  8.0	  1.1	 60.6	0	    0
	    0
	    0
	    0
	    0
 3913	    3	 24.1	 24.3	 16.7	  3.9	  0.5	 83.5	1	    0
	    0
	    0
	    0
	    0
	    0
	    0
 3920	    3	 26.1	 25.0	 17.1	  4.1	 11.9	 49.8	0	    0
	    0
	    0
	    0
	    0
	    0
	    0
	    0
 3928	    3	 23.0	 24.0	 16.6	  3.7	 44.0	  5.4	0	    0
	    0
 3930	    3	 24.7	 24.6	 16.8	  3.9	 77.4	 83.5	0	    0
	    0
	    0
	    0
	    0
	    0
	    0
 3937	    5	 29.1	 18.8	  9.3	  8.3	 71.2	 19.6	0	    0
	    0
	    0
	    0
	    0
	    0
	    0
	    0
	    0
	    0
	    0
	    0
	    0
 3950	    3	 24.3	 24.4	 16.7	  3.9	 61.0	 84.1	1	    0
	    0
	    0
	    0
	    0
	    0
	    0
 3957	    3	 23.9	 24.3	 16.7	  3.8	 55.3	  8.4	0	    0
 3958	    5	 27.6	 18.7	  9.3	  8.0	 73.9	 80.4	0	    0
	    0
	    0
	    0
 3962	    5	 27.6	 18.8	  9.3	  7.9	 34.8	  0.4	0	    0
	    0
	    0
	    0
	    0
	    0
	    0
	    0
 3970	    5	 31.4	 19.6	  9.7	  8.6	 57.6	 43.6	0	    0
	    0
	    0
	    0
	    0
 3975	    3	 22.9	 24.0	 16.5	  3.7	  2.6	 67.4	0	    0
	    0
	    0
	    0
	    0
	    0
	    0
	    0
	    0
	    0
	    0
	    0
	    0
	    0
	    0
	    0
	    0
	    0
	    0
	    0
	    0
	    0
	    0
	    0
	    0
	    0
	    0
	    0
 4003	    3	 26.5	 25.1	 17.1	  4.1	 36.8	 69.4	0	    0
	    0
	    0
	    0
 4007	    3	 26.0	 25.0	 17.1	  4.1	 19.0	 65.9	0	    0
	    0
	    0
	    0
	    0
	    0
 4013	    3	 22.6	 23.4	 16.0	  3.7	 47.1	 39.4	0	    0
	    0
	    0
	    0
	    0
	    0
	    0
 4020	    3	 22.8	 24.0	 16.6	  3.7	 29.9	 54.8	1	    0
	    0
	    0
	    0
	    0
	    0
	    0
	    0
	    0
	    0
	    0
	    0
	    0
	    0
 4034	    3	 22.2	 22.9	 15.5	  3.7	 54.7	 28.2	0	    0
	    0
	    0
	    0
	    0
	    0
 4040	    3	 27.3	 25.2	 17.2	  4.2	 73.7	  3.3	0	    0
	    0
 4042	    3	 21.8	 23.6	 16.3	  3.6	 42.4	 43.3	0	    0
 4043	    5	 31.8	 19.4	  9.6	  8.7	  7.8	 56.7	0	    0
	    0
	    0
	    0
	    0
	    0
	    0
	    0
	    0
	    0
 4053	    5	 25.7	 18.4	  9.1	  7.6	 85.6	 28.0	0	    0
	    0
	    0
	    0
	    0
	    0
	    0
 4060	    3	 24.1	 23.6	 16.0	  3.9	 12.6	 80.8	0	    0
	    0
 4062	    3	 26.5	 25.1	 17.1	  4.1	 79.7	 36.1	0	    0
 4063	    3	 26.6	 25.0	 17.0	  4.2	 31.2	 46.1	0	    0
	    0
 4065	    5	 28.7	 19.1	  9.5	  8.1	 11.7	 73.2	0	    0
	    0
 4067	    5	 26.2	 18.8	  9.3	  7.6	 17.9	 12.5	0	    0
	    0
	    0
	    0
 4071	    5	 30.3	 19.5	  9.7	  8.4	 21.5	  2.9	0	    0
	    0
	    0
	    0
	    0
	    0
 4077	    5	 27.1	 18.7	  9.3	  7.8	  2.3	 25.2	0	    0
	    0
	    0
	    0
	    0
	    0
	    0
	    0
 4085	    3	 21.8	 23.6	 16.3	  3.6	  7.0	 66.7	0	    0
	    0
	    0
	    0
 4089	    3	 26.0	 24.9	 17.0	  4.1	 65.3	 64.0	0	    0
	    0
 4091	    5	 29.2	 19.0	  9.4	  8.3	 31.5	 81.3	0	    0
	    0
	    0
	    0
	    0
	    0
 4097	    3	 22.9	 24.0	 16.5	  3.7	 37.7	 40.1	0	    0
	    0
	    0
	    0
	    0
	    0
	    0
	    0
	    0
	    0
	    0
 4108	    5	 26.9	 18.7	  9.3	  7.8	 48.4	 46.3	0	    0
	    0
 4110	    5	 27.0	 18.4	  9.1	  7.9	 95.6	 16.6	0	    0
	    0
	    0
 4113	    3	 21.6	 23.2	 15.9	  3.6	 14.9	 46.0	0	    0
	    0
	    0
	    0
 4117	    3	 22.8	 23.9	 16.5	  3.7	 39.6	  5.3	0	    0
	    0
	    0
 4120	    5	 31.2	 19.3	  9.6	  8.6	 46.6	 58.7	0	    0
	    0
	    0
 4123	    3	 22.8	 24.1	 16.7	  3.7	 70.8	 18.0	0	    0
	    0
 4125	    5	 26.7	 18.5	  9.2	  7.8	  1.0	 32.1	0	    0
	    0
	    0
 4128	    3	 24.2	 24.6	 16.9	  3.9	 35.5	 49.9	0	    0
	    0
	    0
	    0
	    0
	    0
	    0
	    0
	    0
 4137	    5	 32.4	 19.7	  9.8	  8.8	 70.8	 66.9	0	    0
	    0
	    0
	    0
	    0
	    0
 4143	    5	 26.4	 18.5	  9.2	  7.7	 39.3	 62.8	0	    0
	    0
 4145	    3	 23.3	 24.0	 16.4	  3.8	  9.0	 40.8	0	    0
	    0
	    0
	    0
 4149	    3	 23.1	 23.9	 16.4	  3.8	 14.2	 17.8	0	    0
	    0
	    0
	    0
	    0
 4154	    5	 27.8	 18.8	  9.3	  8.0	 49.2	  5.0	0	    0
	    0
 4156	    3	 24.2	 24.3	 16.7	  3.9	 60.4	  6.9	1	    0
	    0
 4158	    3	 24.2	 24.5	 16.8	  3.9	 66.5	 45.2	0	    0
	    0
	    0
	    0
	    0
	    0
	    0
	    0
	    0
	    0
	    0
	    0
	    0
	    0
	    0
	    0
	    0
	    0
	    0
 4177	    3	 23.2	 23.8	 16.3	  3.8	 97.2	 97.1	0	    0
	    0
 4179	    3	 25.9	 25.0	 17.1	  4.1	 15.5	 28.3	0	    0
	    0
	    0
	    0
	    0
	    0
	    0
	    0
	    0
	    0
	    0
	    0
	    0
	    0
	    0
	    0
	    0
	    0
	    0
	    0
	    0
 4200	    3	 26.0	 24.7	 16.8	  4.1	 40.7	  8.0	0	    0
	    0
	    0
	    0
	    0
	    0
 4206	    3	 24.2	 24.6	 16.9	  3.9	 76.9	 77.5	0	    0
	    0
 4208	    3	 20.5	 22.8	 15.8	  3.5	 68.1	 13.2	0	    0
	    0
	    0
	    0
	    0
	    0
 4214	    3	 24.2	 24.5	 16.8	  3.9	 84.9	 53.0	0	    0
	    0
 4216	    3	 23.4	 24.0	 16.4	  3.8	 21.1	 83.8	1	    0
	    0
	    0
	    0
	    0
 4221	    5	 26.3	 18.5	  9.2	  7.7	 59.9	  8.2	0	    0
 4222	    3	 26.5	 25.3	 17.3	  4.1	 19.6	  7.9	0	    0
 4223	    3	 26.4	 23.5	 15.6	  4.2	 84.6	 60.2	0	    0
	    0
	    0
	    0
	    0
	    0
	    0
	    0
 4231	    5	 32.6	 19.8	  9.9	  8.8	 69.4	 28.4	0	    0
	    0
	    0
	    0
	    0
	    0
	    0
	    0
 4239	    3	 22.0	 23.8	 16.5	  3.6	 16.6	 41.0	0	    0
	    0
	    0
	    0
 4243	    3	 23.6	 23.3	 15.7	  3.9	 67.9	 28.0	0	    0
	    0
 4245	    5	 33.1	 19.9	  9.9	  8.9	 19.3	 87.6	0	    0
 4246	    3	 21.7	 23.5	 16.3	  3.6	 37.5	 13.9	0	    0
	    0
	    0
	    0
	    0
	    0
 4252	    3	 23.9	 23.7	 16.1	  3.9	 49.6	 87.2	0	    0
	    0
	    0
 4255	    3	 23.8	 24.3	 16.7	  3.8	 91.3	 81.2	0	    0
	    0
	    0
	    0
	    0
	    0
	    0
	    0
 4263	    3	 23.5	 24.0	 16.4	  3.8	 35.0	 79.2	0	    0
	    0
	    0
	    0
	    0
	    0
	    0
 4270	    5	 29.2	 19.1	  9.5	  8.2	 85.9	 73.1	0	    0
	    0
	    0
 4273	    3	 22.9	 23.3	 15.8	  3.8	 95.5	 29.8	0	    0
	    0
	    0
	    0
	    0
	    0
	    0
 4280	    3	 22.5	 23.7	 16.3	  3.7	 41.8	 93.1	1	    0
	    0
	    0
	    0
	    0
	    0
	    0
	    0
	    0
	    0
	    0
	    0
	    0
	    0
	    0
	    0
	    0
	    0
	    0
	    0
	    0
	    0
	    0
	    0
	    0
	    0
	    0
	    0
	    0
	    0
	    0
	    0
	    0
	    0
	    0
	    0
 4316	    3	 24.5	 24.5	 16.8	  3.9	 47.8	  1.8	0	    0
	    0
	    0
	    0
	    0
 4321	    3	 21.8	 23.0	 15.7	  3.6	 89.6	  8.8	0	    0
	    0
	    0
	    0
	    0
	    0
	    0
	    0
	    0
	    0
	    0
	    0
	    0
 4334	    3	 24.3	 24.1	 16.4	  3.9	 12.2	  0.9	0	    0
	    0
	    0
	    0
	    0
 4339	    5	 24.8	 18.6	  9.2	  7.4	 66.4	 78.0	0	    0
	    0
	    0
 4342	    5	 28.6	 19.0	  9.4	  8.1	 12.9	 76.5	0	    0
	    0
 4344	    5	 27.8	 18.8	  9.4	  8.0	 96.5	 47.1	1	    0
	    0
	    0
	    0
 4348	    3	 23.5	 23.3	 15.7	  3.8	 60.7	  9.6	0	    0
	    0
	    0
	    0
 4352	    5	 30.2	 19.0	  9.4	  8.4	 60.1	 37.8	0	    0
	    0
	    0
	    0
	    0
	    0
	    0
	    0
	    0
	    0
	    0
 4363	    3	 21.6	 22.8	 15.5	  3.6	 43.9	 59.4	0	    0
	    0
 4365	    3	 26.7	 25.1	 17.1	  4.2	 99.3	  1.4	0	    0
	    0
	    0
	    0
	    0
	    0
	    0
	    0
	    0
	    0
	    0
 4376	    5	 30.9	 19.4	  9.6	  8.5	 53.1	 35.6	0	    0
	    0
	    0
	    0
	    0
	    0
	    0
	    0
	    0
	    0
	    0
	    0
	    0
	    0
	    0
	    0
	    0
	    0
	    0
	    0
 4396	    3	 23.2	 23.9	 16.4	  3.8	 77.1	  9.5	0	    0
	    0
	    0
	    0
	    0
 4401	    5	 25.6	 18.1	  8.9	  7.6	 43.7	 99.7	0	    0
	    0
	    0
	    0
	    0
	    0
	    0
	    0
	    0
	    0
	    0
	    0
	    0
 4414	    3	 22.5	 23.2	 15.8	  3.7	 38.9	 61.2	0	    0
	    0
	    0
	    0
	    0
	    0
 4420	    3	 29.7	 25.9	 17.6	  4.5	 41.3	 97.8	0	    0
	    0
 4422	    3	 25.6	 24.9	 17.0	  4.0	 13.7	  8.0	0	    0
	    0
 4424	    5	 27.0	 18.5	  9.2	  7.9	  7.9	  7.7	0	    0
	    0
	    0
	    0
	    0
	    0
	    0
	    0
 4432	    3	 25.1	 24.7	 16.9	  4.0	 63.2	 53.5	1	    0
	    0
 4434	    5	 29.8	 19.3	  9.6	  8.3	 73.3	  4.8	0	    0
	    0
	    0
 4437	    3	 21.7	 23.4	 16.1	  3.6	 75.8	 24.7	0	    0
	    0
	    0
	    0
	    0
	    0
	    0
	    0
	    0
	    0
	    0
	    0
	    0
	    0
	    0
	    0
	    0
 4454	    3	 24.5	 24.6	 16.9	  3.9	 21.1	 59.7	0	    0
	    0
	    0
	    0
	    0
	    0
	    0
 4461	    3	 24.0	 24.2	 16.5	  3.9	 33.9	 46.4	0	    0
	    0
	    0
	    0
	    0
	    0
	    0
	    0
	    0
	    0
	    0
	    0
	    0
	    0
	    0
	    0
	    0
	    0
	    0
	    0
	    0
	    0
	    0
	    0
	    0
	    0
	    0
	    0
	    0
 4490	    5	 30.9	 19.7	  9.8	  8.5	 68.6	 26.6	1	    0
	    0
 4492	    5	 30.4	 19.2	  9.5	  8.5	 32.7	  7.6	0	    0
 4493	    3	 27.9	 25.5	 17.4	  4.3	 93.7	 61.8	0	    0
	    0
	    0
	    0
	    0
	    0
	    0
	    0
	    0
	    0
	    0
	    0
	    0
	    0
	    0
	    0
	    0
	    0
	    0
	    0
	    0
 4514	    5	 29.6	 18.8	  9.3	  8.4	 63.2	 48.6	1	    0
	    0
	    0
	    0
	    0
	    0
 4520	    3	 25.6	 24.7	 16.9	  4.0	 75.3	 48.1	0	    0
	    0
 4522	    3	 25.6	 24.8	 16.9	  4.0	 57.2	 26.5	0	    0
	    0
 4524	    3	 24.7	 24.6	 16.8	  3.9	 53.3	  3.4	0	    0
	    0
	    0
	    0
 4528	    3	 23.0	 22.5	 15.0	  3.8	 59.5	 70.0	1	    0
	    0
	    0
 4531	    3	 24.4	 23.6	 15.9	  4.0	 72.8	 82.7	0	    0
	    0
	    0
	    0
	    0
	    0
	    0
 4538	    3	 23.1	 24.4	 16.9	  3.7	  1.8	 99.9	0	    0
	    0
	    0
	    0
	    0
	    0
	    0
	    0
	    0
 4547	    5	 29.0	 19.0	  9.4	  8.2	 39.8	 25.8	0	    0
	    0
	    0
	    0
	    0
	    0
	    0
	    0
 4555	    5	 26.9	 18.8	  9.3	  7.8	 78.8	 10.9	0	    0
	    0
	    0
	    0
	    0
 4560	    3	 24.4	 24.4	 16.7	  3.9	  1.9	 15.9	1	    0
	    0
	    0
	    0
	    0
 4565	    3	 26.8	 25.2	 17.1	  4.2	 56.4	 47.5	0	    0
 4566	    3	 26.6	 25.1	 17.1	  4.2	 98.3	 82.8	0	    0
	    0
	    0
	    0
 4570	    3	 24.1	 24.3	 16.7	  3.9	 14.9	 46.4	0	    0
	    0
	    0
	    0
	    0
	    0
	    0
	    0
	    0
	    0
	    0
	    0
 4582	    3	 24.1	 24.0	 16.4	  3.9	 34.1	 43.9	0	    0
	    0
	    0
	    0
	    0
	    0
	    0
	    0
	    0
	    0
	    0
 4593	    3	 26.6	 25.1	 17.1	  4.2	 69.6	 76.9	0	    0
	    0
	    0
	    0
	    0
	    0
 4599	    3	 24.1	 24.4	 16.8	  3.9	 73.9	 66.3	1	    0
	    0
	    0
	    0
 4603	    3	 22.1	 23.0	 15.6	  3.7	 16.4	 12.8	0	    0
	    0
	    0
	    0
	    0
	    0
	    0
	    0
	    0
	    0
	    0
	    0
	    0
	    0
 4617	    5	 29.3	 19.3	  9.6	  8.2	 63.6	 29.4	0	    0
 4618	    3	 24.0	 24.3	 16.6	  3.9	 29.7	 92.1	0	    0
	    0
	    0
	    0
 4622	    3	 25.1	 24.7	 16.9	  4.0	  3.6	 78.3	0	    0
	    0
	    0
	    0
	    0
	    0
 4628	    3	 20.6	 22.7	 15.6	  3.5	 60.8	 55.5	0	    0
	    0
 4630	    3	 24.6	 24.1	 16.4	  3.9	  9.4	 84.0	1	    0
 4631	    3	 25.7	 24.9	 17.0	  4.0	 17.4	 73.9	0	    0
	    0
	    0
	    0
	    0
	    0
	    0
	    0
	    0
 4640	    5	 28.4	 18.9	  9.4	  8.1	 84.3	 48.7	0	    0
	    0
 4642	    3	 26.6	 25.2	 17.2	  4.2	  5.4	 76.9	0	    0
	    0
	    0
	    0
 4646	    3	 26.5	 25.1	 17.1	  4.2	 28.1	 98.7	0	    0
	    0
	    0
	    0
	    0
	    0
	    0
	    0
	    0
 4655	    3	 25.5	 24.7	 16.9	  4.0	  5.3	 89.9	0	    0
	    0
	    0
	    0
	    0
	    0
 4661	    3	 24.2	 24.5	 16.8	  3.9	 33.6	 21.0	0	    0
	    0
	    0
	    0
	    0
	    0
	    0
	    0
 4669	    5	 24.9	 18.4	  9.2	  7.4	 82.8	 13.4	0	    0
	    0
	    0
	    0
	    0
	    0
 4675	    5	 32.2	 19.6	  9.7	  8.8	 11.3	 13.3	0	    0
	    0
 4677	    3	 21.7	 22.8	 15.5	  3.6	 17.7	 65.5	1	    0
 4678	    3	 24.9	 24.6	 16.9	  4.0	  8.0	 77.0	1	    0
 4679	    3	 21.6	 23.5	 16.3	  3.6	 60.5	 75.9	0	    0
	    0
	    0
	    0
 4683	    3	 24.0	 24.2	 16.6	  3.9	 87.1	 23.4	0	    0
	    0
	    0
	    0
	    0
	    0
	    0
	    0
	    0
	    0
	    0
	    0
	    0
	    0
	    0
 4698	    5	 29.9	 19.2	  9.6	  8.3	 43.6	  4.2	0	    0
	    0
	    0
	    0
	    0
	    0
	    0
	    0
	    0
 4707	    3	 22.7	 23.9	 16.5	  3.7	 99.2	 40.8	0	    0
	    0
	    0
	    0
 4711	    3	 23.1	 23.9	 16.4	  3.8	 65.3	 10.5	0	    0
 4712	    3	 20.6	 23.2	 16.1	  3.4	 51.9	 57.1	0	    0
	    0
	    0
	    0
	    0
	    0
 4718	    3	 24.0	 24.3	 16.6	  3.9	 72.3	 19.4	0	    0
	    0
	    0
	    0
	    0
	    0
	    0
 4725	    3	 26.4	 25.1	 17.1	  4.1	 89.7	 69.7	0	    0
	    0
 4727	    3	 26.4	 25.1	 17.2	  4.1	 46.7	 76.5	0	    0
	    0
	    0
	    0
	    0
	    0
	    0
	    0
	    0
	    0
	    0
	    0
	    0
	    0
	    0
 4742	    3	 22.3	 23.4	 16.1	  3.7	 43.2	 65.4	0	    0
	    0
	    0
	    0
	    0
	    0
	    0
	    0
	    0
	    0
	    0
	    0
	    0
	    0
 4756	    3	 21.9	 23.3	 16.1	  3.6	 99.5	 22.2	0	    0
	    0
	    0
 4759	    3	 25.2	 24.7	 16.9	  4.0	  9.6	 94.5	0	    0
	    0
	    0
	    0
	    0
	    0
	    0
	    0
	    0
 4768	    3	 21.2	 23.4	 16.3	  3.5	 83.2	 49.2	1	    0
	    0
	    0
	    0
	    0
	    0
	    0
	    0
	    0
	    0
	    0
	    0
 4780	    3	 22.5	 23.4	 16.0	  3.7	  0.0	 44.8	1	    0
	    0
	    0
	    0
	    0
	    0
 4786	    5	 30.4	 19.6	  9.8	  8.4	 11.3	 32.5	0	    0
	    0
 4788	    3	 23.5	 23.7	 16.1	  3.8	  4.8	 65.2	0	    0
 4789	    5	 30.8	 19.5	  9.7	  8.5	  7.9	  5.4	0	    0
	    0
 4791	    5	 29.4	 18.8	  9.3	  8.3	 92.3	 26.1	0	    0
	    0
	    0
	    0
	    0
	    0
	    0
	    0
	    0
	    0
	    0
 4802	    5	 28.7	 18.9	  9.4	  8.1	  9.7	 24.7	1	    0
	    0
	    0
 4805	    5	 28.8	 18.9	  9.4	  8.2	 19.9	 79.3	1	    0
	    0
	    0
	    0
	    0
	    0
	    0
	    0
	    0
	    0
	    0
	    0
	    0
	    0
	    0
	    0
	    0
	    0
	    0
	    0
	    0
	    0
	    0
	    0
	    0
 4830	    3	 22.4	 23.7	 16.4	  3.7	 22.2	 39.7	1	    0
 4831	    5	 25.5	 18.6	  9.2	  7.5	  4.5	 42.3	0	    0
	    0
	    0
	    0
	    0
	    0
	    0
 4838	    5	 25.2	 18.4	  9.2	  7.5	  5.5	 23.8	0	    0
	    0
	    0
	    0
	    0
	    0
	    0
 4845	    3	 21.0	 22.7	 15.6	  3.5	 31.4	 40.1	0	    0
	    0
	    0
	    0
 4849	    3	 23.0	 23.6	 16.1	  3.8	 20.0	 50.7	0	    0
	    0
	    0
	    0
	    0
	    0
	    0
	    0
	    0
	    0
	    0
	    0
	    0
	    0
 4863	    3	 24.9	 23.0	 15.2	  4.1	 17.1	 82.3	0	    0
	    0
 4865	    5	 28.4	 19.3	  9.6	  8.0	 42.1	 75.9	0	    0
	    0
 4867	    3	 23.7	 24.4	 16.8	  3.8	 36.2	 34.6	0	    0
	    0
	    0
	    0
	    0
 4872	    3	 21.4	 22.7	 15.5	  3.6	 82.2	 35.0	0	    0
	    0
 4874	    5	 28.1	 18.8	  9.3	  8.0	 15.0	 52.5	0	    0
 4875	    5	 31.1	 19.1	  9.5	  8.6	 76.7	 15.0	0	    0
 4876	    3	 21.2	 22.7	 15.5	  3.6	 89.6	 17.8	1	    0
	    0
 4878	    3	 24.8	 24.5	 16.7	  3.9	 94.9	  4.8	0	    0
	    0
	    0
	    0
	    0
 4883	    3	 26.6	 25.2	 17.2	  4.2	 99.5	 44.5	0	    0
	    0
	    0
 4886	    3	 24.6	 24.5	 16.7	  3.9	 19.9	 33.3	1	    0
	    0
	    0
	    0
	    0
 4891	    3	 22.9	 24.1	 16.6	  3.7	  2.2	 44.3	0	    0
	    0
	    0
	    0
	    0
	    0
 4897	    3	 24.4	 24.6	 16.9	  3.9	  0.8	 92.1	1	    0
	    0
	    0
	    0
	    0
	    0
 4903	    5	 28.2	 18.6	  9.2	  8.1	 39.4	 86.3	0	    0
	    0
	    0
 4906	    5	 30.2	 19.0	  9.4	  8.5	  3.2	 30.6	0	    0
	    0
	    0
 4909	    5	 28.1	 18.9	  9.4	  8.0	 77.3	 66.6	1	    0
	    0
	    0
 4912	    3	 24.0	 24.3	 16.6	  3.9	 47.1	 41.4	0	    0
	    0
	    0
 4915	    3	 22.1	 21.8	 14.5	  3.7	 13.6	 62.8	0	    0
	    0
	    0
	    0
	    0
	    0
	    0
 4922	    3	 25.7	 24.8	 16.9	  4.1	 32.1	 15.5	0	    0
	    0
	    0
	    0
	    0
 4927	    5	 30.5	 19.5	  9.7	  8.4	  8.5	 22.2	0	    0
	    0
	    0
	    0
	    0
	    0
	    0
 4934	    3	 26.7	 25.1	 17.1	  4.2	 81.5	 60.7	0	    0
	    0
	    0
	    0
	    0
	    0
	    0
	    0
	    0
	    0
	    0
	    0
	    0
	    0
	    0
	    0
	    0
	    0
	    0
	    0
 4954	    3	 24.1	 24.3	 16.6	  3.9	 38.8	 72.1	0	    0
	    0
	    0
	    0
	    0
	    0
	    0
	    0
 4962	    5	 28.3	 18.9	  9.4	  8.1	 60.1	  3.8	0	    0
	    0
	    0
	    0
	    0
	    0
 4968	    3	 24.0	 23.9	 16.3	  3.9	 79.4	 28.0	0	    0
	    0
	    0
	    0
	    0
	    0
	    0
 4975	    3	 25.3	 24.8	 16.9	  4.0	 25.3	 31.5	0	    0
	    0
	    0
	    0
 4979	    5	 30.6	 19.2	  9.5	  8.5	 75.5	 35.6	0	    0
 4980	    5	 31.4	 19.2	  9.5	  8.7	 48.1	 69.2	0	    0
	    0
	    0
	    0
	    0
	    0
	    0
	    0
	    0
 4989	    3	 24.6	 24.5	 16.7	  3.9	 79.5	 68.5	0	    0
	    0
	    0
	    0
	    0
	    0
	    0
	    0
	    0
	    0
 4999	    3	 24.8	 24.5	 16.8	  4.0	 86.2	  2.2	0	    0
	    0
