Nr	Art	BHD	h	kra	kd	x	y	kenn	mort
    1	    3	 20.9	 23.0	 15.9	  3.5	 60.5	 50.0	1	    0
	    0
	    0
	    0
	    0
	    0
    7	    3	 23.7	 23.8	 16.2	  3.8	 13.5	  9.4	0	    0
	    0
	    0
	    0
	    0
	    0
	    0
	    0
   15	    3	 24.0	 23.8	 16.2	  3.9	 57.9	 53.8	0	    0
	    0
	    0
	    0
	    0
	    0
	    0
	    0
   23	    3	 25.3	 24.7	 16.9	  4.0	 21.4	 16.0	0	    0
	    0
	    0
	    0
	    0
   28	    3	 23.7	 24.2	 16.7	  3.8	 41.7	 98.6	0	    0
	    0
   30	    5	 27.3	 18.3	  9.1	  8.0	 35.2	 95.3	0	    0
	    0
	    0
	    0
   34	    3	 20.7	 22.6	 15.6	  3.5	 61.5	 96.5	0	    0
	    0
	    0
	    0
	    0
	    0
	    0
   41	    5	 30.7	 19.2	  9.5	  8.5	 42.2	 81.8	0	    0
	    0
	    0
   44	    3	 22.1	 23.4	 16.1	  3.6	 86.6	 38.5	1	    0
	    0
	    0
	    0
	    0
	    0
   50	    5	 27.5	 18.9	  9.4	  7.9	 30.7	 22.8	0	    0
	    0
   52	    5	 29.1	 19.0	  9.4	  8.2	 86.2	 18.3	0	    0
	    0
	    0
	    0
	    0
	    0
	    0
	    0
   60	    5	 27.2	 18.5	  9.2	  7.9	 19.8	 41.8	0	    0
	    0
	    0
	    0
	    0
	    0
	    0
	    0
	    0
	    0
   70	    3	 25.7	 24.8	 16.9	  4.1	 26.9	 65.0	0	    0
	    0
	    0
	    0
	    0
	    0
	    0
	    0
   78	    3	 24.0	 23.6	 16.0	  3.9	 17.9	 69.9	0	    0
   79	    5	 31.2	 18.8	  9.3	  8.7	 81.9	 58.9	0	    0
	    0
	    0
	    0
	    0
   84	    5	 27.4	 18.6	  9.2	  7.9	 15.8	 78.1	0	    0
	    0
	    0
	    0
	    0
	    0
	    0
	    0
   92	    5	 28.4	 18.5	  9.2	  8.2	 86.2	 57.7	0	    0
	    0
   94	    5	 30.5	 18.8	  9.4	  8.5	 27.9	 95.9	0	    0
	    0
	    0
	    0
	    0
	    0
	    0
  101	    5	 27.4	 18.1	  8.9	  8.0	 17.4	 14.7	0	    0
  102	    5	 30.9	 19.2	  9.5	  8.6	 30.2	 92.1	0	    0
	    0
  104	    3	 24.1	 23.7	 16.0	  3.9	 24.3	 65.1	0	    0
	    0
	    0
	    0
  108	    5	 23.4	 17.6	  8.7	  7.2	 69.7	 32.3	0	    0
	    0
	    0
  111	    3	 25.0	 24.7	 16.9	  4.0	 69.6	 47.9	0	    0
	    0
	    0
	    0
	    0
	    0
	    0
	    0
	    0
	    0
  121	    3	 20.3	 23.1	 16.1	  3.4	 91.1	 75.8	0	    0
	    0
	    0
	    0
	    0
  126	    3	 21.0	 23.2	 16.1	  3.5	 97.3	 53.5	0	    0
	    0
	    0
	    0
	    0
	    0
	    0
	    0
	    0
	    0
	    0
	    0
	    0
  139	    3	 24.6	 24.2	 16.5	  3.9	 41.2	 89.8	0	    0
	    0
	    0
	    0
  143	    3	 22.9	 23.4	 16.0	  3.8	 54.4	 45.3	1	    0
  144	    5	 29.8	 18.7	  9.3	  8.4	 67.9	 48.7	0	    0
	    0
	    0
	    0
	    0
	    0
	    0
  151	    3	 21.2	 23.0	 15.9	  3.5	 78.7	 43.7	0	    0
	    0
	    0
	    0
	    0
	    0
	    0
	    0
	    0
	    0
	    0
	    0
	    0
	    0
	    0
	    0
	    0
	    0
	    0
	    0
	    0
	    0
	    0
	    0
  175	    5	 25.3	 17.7	  8.7	  7.6	  5.7	 92.4	0	    0
  176	    5	 26.8	 18.5	  9.2	  7.8	 18.1	  4.4	0	    0
  177	    5	 27.5	 18.2	  9.0	  8.0	 20.0	 53.7	0	    0
	    0
	    0
  180	    3	 22.8	 24.0	 16.6	  3.7	 62.2	 37.9	1	    0
	    0
  182	    5	 26.4	 18.3	  9.1	  7.8	 49.4	 38.3	0	    0
	    0
	    0
  185	    5	 31.4	 19.2	  9.6	  8.7	 19.1	  0.5	0	    0
	    0
	    0
	    0
	    0
	    0
	    0
  192	    5	 28.4	 18.5	  9.2	  8.2	 86.6	 99.2	0	    0
	    0
	    0
	    0
  196	    3	 22.5	 23.3	 15.9	  3.7	 93.9	 32.7	0	    0
	    0
  198	    3	 22.0	 22.8	 15.5	  3.7	 78.5	 67.4	1	    0
	    0
	    0
	    0
	    0
	    0
	    0
	    0
	    0
	    0
	    0
  209	    3	 24.2	 24.3	 16.6	  3.9	 27.4	 76.5	0	    0
	    0
	    0
	    0
	    0
	    0
  215	    5	 29.7	 18.8	  9.3	  8.4	 43.0	 27.6	0	    0
  216	    3	 22.4	 23.3	 15.9	  3.7	 11.6	 98.8	0	    0
	    0
	    0
	    0
	    0
	    0
	    0
	    0
	    0
	    0
	    0
	    0
	    0
	    0
  230	    5	 28.0	 18.8	  9.3	  8.0	  5.0	 74.0	0	    0
	    0
	    0
	    0
	    0
	    0
	    0
	    0
	    0
	    0
	    0
	    0
	    0
	    0
	    0
	    0
	    0
	    0
	    0
	    0
	    0
	    0
	    0
	    0
	    0
	    0
	    0
	    0
	    0
  259	    3	 22.5	 24.1	 16.7	  3.7	 54.6	 78.5	0	    0
	    0
	    0
	    0
	    0
  264	    3	 22.9	 23.0	 15.6	  3.8	 67.9	 68.9	0	    0
	    0
	    0
	    0
	    0
	    0
	    0
  271	    5	 26.9	 18.6	  9.2	  7.8	 12.6	 34.2	0	    0
	    0
	    0
	    0
  275	    5	 27.6	 18.5	  9.2	  8.0	  2.0	 58.8	0	    0
	    0
	    0
  278	    5	 26.3	 17.9	  8.9	  7.8	 51.1	 77.7	0	    0
	    0
	    0
  281	    3	 24.5	 24.6	 16.8	  3.9	 17.0	 90.9	0	    0
	    0
  283	    3	 21.6	 22.9	 15.7	  3.6	 40.2	 38.2	1	    0
	    0
	    0
  286	    5	 32.4	 19.2	  9.5	  8.9	 57.2	 86.0	0	    0
	    0
	    0
  289	    3	 21.2	 23.3	 16.1	  3.5	 73.8	 16.3	0	    0
	    0
	    0
	    0
	    0
	    0
	    0
	    0
	    0
	    0
	    0
	    0
	    0
	    0
  303	    3	 21.9	 23.3	 16.0	  3.6	 94.1	 21.8	1	    0
	    0
	    0
	    0
	    0
	    0
	    0
	    0
	    0
	    0
  313	    3	 19.4	 22.3	 15.5	  3.3	 30.2	  5.3	0	    0
  314	    3	 25.3	 24.6	 16.8	  4.0	 38.4	 87.5	0	    0
	    0
  316	    3	 24.8	 24.6	 16.8	  3.9	 99.7	 23.3	0	    0
	    0
	    0
	    0
	    0
	    0
  322	    5	 28.9	 18.7	  9.3	  8.2	 11.3	 40.3	0	    0
	    0
	    0
	    0
	    0
	    0
	    0
	    0
	    0
	    0
  332	    3	 28.6	 25.5	 17.3	  4.4	 17.0	 14.3	0	    0
	    0
	    0
	    0
	    0
	    0
	    0
	    0
	    0
	    0
	    0
	    0
  344	    3	 21.7	 23.6	 16.3	  3.6	 89.0	 95.4	0	    0
	    0
	    0
	    0
  348	    5	 27.6	 18.7	  9.3	  8.0	 98.7	 92.1	0	    0
  349	    5	 29.6	 19.3	  9.6	  8.3	 45.3	 26.5	0	    0
	    0
	    0
	    0
	    0
	    0
	    0
	    0
  357	    3	 22.3	 23.8	 16.4	  3.7	 19.7	 82.0	0	    0
	    0
	    0
	    0
	    0
	    0
	    0
  364	    3	 21.1	 23.2	 16.1	  3.5	 31.0	 82.4	0	    0
	    0
	    0
	    0
	    0
	    0
	    0
	    0
	    0
	    0
	    0
	    0
	    0
	    0
	    0
  379	    3	 21.5	 23.8	 16.6	  3.5	 28.0	 93.0	0	    0
	    0
	    0
	    0
	    0
	    0
	    0
	    0
	    0
	    0
	    0
	    0
  391	    5	 32.5	 19.5	  9.7	  8.8	 54.8	 61.6	0	    0
	    0
  393	    3	 21.2	 23.0	 15.9	  3.5	 97.5	 43.7	0	    0
  394	    5	 29.3	 18.6	  9.2	  8.3	 68.7	 13.3	0	    0
	    0
	    0
	    0
	    0
	    0
	    0
	    0
  402	    3	 22.1	 23.0	 15.6	  3.7	 51.0	 83.1	1	    0
	    0
	    0
  405	    5	 30.0	 19.0	  9.4	  8.4	 28.5	 11.7	0	    0
	    0
  407	    3	 19.7	 22.3	 15.5	  3.4	 39.5	  2.8	0	    0
	    0
	    0
	    0
  411	    3	 20.4	 21.7	 14.7	  3.5	 24.5	 16.8	0	    0
	    0
	    0
	    0
  415	    5	 28.9	 18.6	  9.2	  8.2	 19.2	 58.5	0	    0
	    0
	    0
  418	    3	 23.0	 23.8	 16.4	  3.8	 42.4	 64.6	0	    0
	    0
  420	    3	 23.1	 23.4	 15.9	  3.8	 11.1	 74.5	0	    0
	    0
	    0
	    0
	    0
	    0
	    0
	    0
  428	    5	 27.8	 19.0	  9.4	  7.9	 80.4	 54.4	0	    0
	    0
	    0
  431	    5	 24.8	 18.2	  9.0	  7.4	  2.6	 36.9	1	    0
	    0
  433	    3	 23.4	 24.3	 16.8	  3.8	 86.7	 75.2	0	    0
	    0
	    0
	    0
	    0
	    0
	    0
	    0
	    0
	    0
	    0
  444	    3	 21.0	 22.4	 15.3	  3.5	 18.8	 92.7	0	    0
	    0
	    0
	    0
	    0
	    0
  450	    3	 19.2	 22.6	 15.8	  3.3	 25.3	 32.5	1	    0
	    0
  452	    3	 26.2	 25.0	 17.1	  4.1	 59.7	 88.0	0	    0
	    0
	    0
	    0
  456	    5	 28.4	 18.6	  9.2	  8.1	 59.9	 45.2	0	    0
	    0
	    0
	    0
	    0
	    0
  462	    3	 25.4	 24.4	 16.5	  4.0	 94.7	 77.4	0	    0
	    0
	    0
	    0
	    0
  467	    3	 23.4	 23.4	 15.9	  3.8	 96.6	 15.7	0	    0
  468	    5	 33.6	 19.7	  9.8	  9.0	 24.7	 98.4	0	    0
	    0
  470	    3	 24.6	 24.2	 16.4	  3.9	 46.9	 85.6	0	    0
	    0
	    0
	    0
	    0
	    0
	    0
	    0
	    0
  479	    5	 26.5	 18.3	  9.1	  7.8	 95.5	  4.6	0	    0
	    0
  481	    5	 27.5	 18.3	  9.1	  8.0	 80.0	 41.4	0	    0
	    0
	    0
	    0
	    0
	    0
  487	    3	 22.6	 23.4	 16.0	  3.7	 85.3	 40.3	0	    0
	    0
	    0
  490	    5	 31.1	 19.2	  9.5	  8.6	 43.8	 32.9	0	    0
	    0
	    0
  493	    5	 30.3	 18.9	  9.4	  8.5	 40.5	 41.9	0	    0
	    0
	    0
	    0
	    0
	    0
  499	    3	 19.5	 23.0	 16.2	  3.3	 18.7	 84.5	0	    0
	    0
	    0
	    0
	    0
	    0
	    0
	    0
	    0
	    0
	    0
	    0
	    0
	    0
	    0
	    0
	    0
	    0
	    0
	    0
	    0
	    0
	    0
	    0
	    0
	    0
	    0
  526	    3	 21.1	 22.9	 15.8	  3.5	 50.3	 93.1	0	    0
	    0
	    0
	    0
	    0
	    0
  532	    5	 23.9	 17.8	  8.8	  7.3	 40.6	  5.3	1	    0
	    0
	    0
	    0
	    0
	    0
	    0
	    0
	    0
	    0
  542	    3	 22.6	 23.8	 16.4	  3.7	 73.2	 56.4	0	    0
	    0
	    0
	    0
	    0
	    0
	    0
	    0
	    0
	    0
	    0
  553	    5	 27.0	 18.2	  9.0	  7.9	 27.9	 62.7	0	    0
	    0
  555	    3	 23.0	 24.0	 16.6	  3.7	 20.0	 26.3	0	    0
	    0
	    0
	    0
	    0
	    0
	    0
	    0
  563	    3	 22.2	 23.7	 16.3	  3.6	 39.8	 93.9	1	    0
	    0
	    0
	    0
	    0
  568	    3	 21.3	 22.8	 15.6	  3.6	 91.6	 88.8	1	    0
	    0
	    0
	    0
	    0
	    0
	    0
	    0
  576	    3	 19.8	 22.4	 15.5	  3.4	 69.7	 39.2	0	    0
  577	    3	 21.0	 23.1	 16.0	  3.5	 36.1	 22.9	1	    0
	    0
	    0
	    0
  581	    5	 24.0	 17.8	  8.8	  7.3	 93.3	  7.9	0	    0
	    0
	    0
	    0
	    0
  586	    5	 31.2	 19.5	  9.7	  8.6	 93.1	 78.7	1	    0
	    0
	    0
	    0
	    0
	    0
	    0
	    0
	    0
	    0
  596	    3	 23.5	 23.9	 16.4	  3.8	 80.4	 18.2	0	    0
	    0
	    0
	    0
  600	    5	 26.6	 18.3	  9.1	  7.8	 80.7	 74.7	0	    0
  601	    5	 25.8	 18.4	  9.1	  7.6	 70.9	 13.8	0	    0
	    0
	    0
	    0
	    0
	    0
	    0
	    0
	    0
	    0
	    0
	    0
	    0
	    0
	    0
	    0
	    0
	    0
	    0
	    0
	    0
	    0
	    0
	    0
  625	    5	 31.4	 19.4	  9.7	  8.6	 77.9	 87.7	1	    0
	    0
	    0
	    0
	    0
	    0
	    0
  632	    3	 24.5	 24.5	 16.8	  3.9	 56.6	 50.2	1	    0
  633	    3	 23.4	 23.6	 16.1	  3.8	 92.4	 94.4	1	    0
	    0
	    0
  636	    5	 29.7	 18.7	  9.3	  8.4	  7.1	 66.0	0	    0
  637	    3	 20.6	 22.5	 15.4	  3.5	 77.5	 68.1	1	    0
	    0
  639	    3	 21.3	 23.3	 16.1	  3.5	 81.0	 71.1	0	    0
	    0
	    0
  642	    3	 24.8	 24.3	 16.6	  4.0	 85.1	  6.5	0	    0
	    0
	    0
	    0
  646	    5	 31.7	 19.6	  9.7	  8.7	 74.4	 43.9	0	    0
	    0
	    0
  649	    5	 31.3	 19.3	  9.6	  8.6	 62.8	 49.7	0	    0
	    0
	    0
	    0
  653	    3	 24.3	 24.5	 16.8	  3.9	 47.4	 90.2	0	    0
	    0
	    0
	    0
	    0
	    0
	    0
	    0
  661	    3	 24.5	 23.9	 16.2	  3.9	 57.0	 10.7	0	    0
	    0
  663	    5	 27.5	 18.6	  9.2	  7.9	 34.4	 47.5	0	    0
	    0
	    0
	    0
	    0
	    0
	    0
	    0
	    0
	    0
	    0
	    0
	    0
	    0
	    0
	    0
	    0
	    0
	    0
	    0
	    0
  684	    5	 28.3	 18.7	  9.2	  8.1	 57.7	 82.6	0	    0
	    0
	    0
	    0
	    0
	    0
	    0
	    0
	    0
	    0
	    0
  695	    3	 19.7	 22.0	 15.2	  3.4	 70.7	 36.3	1	    0
  696	    5	 27.5	 18.1	  9.0	  8.0	 26.6	 60.7	0	    0
	    0
	    0
  699	    3	 24.5	 24.3	 16.6	  3.9	 75.7	 66.0	1	    0
	    0
	    0
	    0
	    0
	    0
	    0
	    0
	    0
	    0
	    0
	    0
	    0
	    0
	    0
	    0
  715	    5	 25.0	 17.8	  8.8	  7.5	 47.7	 59.7	0	    0
	    0
	    0
	    0
	    0
	    0
  721	    3	 22.1	 23.3	 16.0	  3.6	  1.5	  2.5	0	    0
	    0
	    0
	    0
	    0
	    0
  727	    3	 24.1	 24.4	 16.7	  3.9	 58.5	 61.5	0	    0
	    0
	    0
	    0
	    0
  732	    3	 25.0	 24.5	 16.7	  4.0	 90.5	 28.6	1	    0
	    0
	    0
	    0
  736	    5	 26.3	 18.0	  8.9	  7.8	 35.6	 91.8	1	    0
	    0
	    0
	    0
	    0
  741	    3	 21.3	 23.3	 16.2	  3.5	 25.1	 11.8	1	    0
	    0
	    0
	    0
	    0
	    0
	    0
	    0
	    0
	    0
  751	    3	 22.8	 23.7	 16.2	  3.7	  6.2	 10.2	1	    0
	    0
	    0
	    0
	    0
	    0
	    0
	    0
	    0
	    0
	    0
	    0
	    0
  764	    5	 30.7	 19.0	  9.5	  8.5	 59.7	 86.1	0	    0
	    0
	    0
	    0
	    0
  769	    3	 22.0	 23.5	 16.2	  3.6	 26.6	 82.2	0	    0
	    0
	    0
	    0
	    0
  774	    5	 28.5	 19.0	  9.4	  8.1	 89.2	 20.2	0	    0
	    0
	    0
	    0
	    0
	    0
	    0
  781	    3	 23.2	 24.0	 16.5	  3.8	 36.8	 52.9	0	    0
	    0
  783	    3	 23.5	 23.8	 16.2	  3.8	 48.7	 78.1	1	    0
	    0
  785	    3	 23.4	 23.8	 16.2	  3.8	 23.4	 69.0	0	    0
	    0
	    0
	    0
	    0
	    0
  791	    5	 29.5	 18.8	  9.3	  8.3	 34.3	 64.5	0	    0
  792	    3	 21.3	 23.2	 16.0	  3.5	 20.9	 90.1	0	    0
	    0
	    0
	    0
	    0
	    0
	    0
	    0
	    0
	    0
  802	    3	 18.3	 21.0	 14.5	  3.2	 11.5	 64.2	0	    0
	    0
	    0
	    0
	    0
  807	    5	 27.9	 18.6	  9.2	  8.0	 46.3	 11.0	0	    0
	    0
	    0
  810	    3	 24.3	 24.4	 16.7	  3.9	 33.3	 80.8	0	    0
	    0
	    0
	    0
	    0
  815	    3	 21.6	 22.6	 15.4	  3.6	 31.9	 35.6	0	    0
	    0
	    0
	    0
	    0
	    0
  821	    5	 30.6	 19.0	  9.4	  8.6	 71.4	 48.3	0	    0
	    0
	    0
	    0
	    0
	    0
  827	    3	 23.7	 24.2	 16.6	  3.8	 99.2	 40.9	1	    0
	    0
	    0
	    0
	    0
	    0
	    0
	    0
	    0
	    0
	    0
	    0
	    0
	    0
	    0
	    0
	    0
	    0
	    0
	    0
	    0
	    0
	    0
  850	    3	 20.9	 22.9	 15.8	  3.5	  1.7	 51.9	0	    0
	    0
	    0
	    0
	    0
	    0
	    0
	    0
	    0
	    0
  860	    3	 22.8	 23.1	 15.6	  3.8	 91.9	 44.1	0	    0
  861	    5	 26.5	 18.3	  9.1	  7.8	 14.3	 93.3	0	    0
	    0
	    0
	    0
	    0
  866	    3	 20.1	 23.0	 16.1	  3.4	 48.4	 20.8	0	    0
	    0
	    0
	    0
	    0
	    0
	    0
	    0
	    0
	    0
	    0
	    0
	    0
	    0
  880	    5	 28.5	 19.0	  9.4	  8.1	 28.4	 77.6	0	    0
	    0
  882	    3	 22.3	 23.1	 15.8	  3.7	 64.8	 74.9	0	    0
  883	    5	 30.4	 19.0	  9.4	  8.5	 91.6	 25.9	0	    0
	    0
	    0
	    0
	    0
	    0
	    0
  890	    3	 20.8	 22.8	 15.7	  3.5	 19.1	 40.5	0	    0
	    0
	    0
	    0
	    0
	    0
  896	    3	 23.8	 24.3	 16.7	  3.8	 62.7	 47.3	0	    0
	    0
	    0
  899	    3	 23.5	 24.1	 16.6	  3.8	 42.8	 47.1	0	    0
	    0
	    0
	    0
	    0
	    0
	    0
	    0
	    0
	    0
	    0
	    0
	    0
	    0
	    0
	    0
	    0
	    0
	    0
	    0
	    0
  920	    3	 24.6	 24.6	 16.8	  3.9	 44.8	 71.9	0	    0
	    0
  922	    5	 29.2	 19.2	  9.6	  8.2	 11.8	 90.3	0	    0
	    0
	    0
	    0
	    0
	    0
	    0
	    0
	    0
  931	    3	 22.6	 23.9	 16.5	  3.7	 39.8	 28.1	1	    0
	    0
	    0
  934	    5	 30.2	 18.9	  9.4	  8.5	 88.4	 66.9	0	    0
	    0
	    0
	    0
	    0
  939	    3	 21.5	 23.2	 16.0	  3.6	  2.8	 15.3	0	    0
  940	    3	 23.4	 23.4	 15.9	  3.8	 11.9	 74.9	0	    0
	    0
	    0
  943	    3	 19.4	 22.3	 15.5	  3.3	 97.1	  6.3	1	    0
  944	    3	 18.0	 22.5	 16.1	  3.1	 23.2	 40.9	1	    0
	    0
	    0
	    0
	    0
  949	    3	 24.3	 24.4	 16.7	  3.9	  4.8	  7.4	0	    0
	    0
	    0
	    0
	    0
	    0
	    0
	    0
	    0
	    0
	    0
	    0
  961	    3	 22.2	 24.0	 16.7	  3.6	 52.0	  0.7	0	    0
	    0
	    0
  964	    3	 22.3	 23.2	 15.9	  3.7	 48.4	 26.7	1	    0
	    0
	    0
	    0
	    0
	    0
	    0
	    0
	    0
  973	    3	 22.2	 20.2	 12.9	  3.8	 36.8	 97.4	1	    0
	    0
	    0
  976	    5	 31.7	 19.5	  9.7	  8.7	 31.1	 34.1	0	    0
	    0
	    0
  979	    3	 24.5	 24.5	 16.8	  3.9	 57.6	 29.6	1	    0
	    0
  981	    5	 29.8	 18.9	  9.4	  8.4	 38.2	 87.1	0	    0
  982	    3	 20.3	 22.8	 15.8	  3.4	 86.8	 60.4	0	    0
	    0
	    0
	    0
	    0
	    0
	    0
  989	    3	 22.7	 23.9	 16.5	  3.7	 68.9	 39.0	0	    0
	    0
	    0
	    0
	    0
	    0
	    0
	    0
	    0
	    0
	    0
	    0
	    0
	    0
	    0
	    0
	    0
	    0
	    0
	    0
	    0
 1010	    3	 26.7	 25.2	 17.2	  4.2	 64.4	 44.9	0	    0
	    0
	    0
	    0
	    0
	    0
	    0
 1017	    3	 22.3	 23.8	 16.5	  3.7	 90.5	 67.4	0	    0
	    0
	    0
	    0
	    0
 1022	    3	 24.5	 24.6	 16.9	  3.9	 98.2	 79.5	0	    0
	    0
 1024	    5	 28.1	 18.5	  9.2	  8.1	 96.3	 52.1	0	    0
	    0
	    0
	    0
	    0
	    0
	    0
	    0
	    0
	    0
	    0
	    0
	    0
	    0
	    0
	    0
	    0
	    0
	    0
	    0
	    0
 1045	    3	 23.2	 23.2	 15.7	  3.8	 81.5	 12.6	0	    0
	    0
 1047	    3	 22.4	 23.8	 16.4	  3.7	 24.7	 71.1	0	    0
	    0
	    0
 1050	    5	 27.1	 18.7	  9.3	  7.8	 35.2	 25.9	0	    0
	    0
	    0
	    0
	    0
	    0
	    0
	    0
	    0
 1059	    5	 25.5	 18.7	  9.3	  7.5	 66.6	 71.6	0	    0
	    0
	    0
 1062	    5	 30.6	 18.6	  9.2	  8.6	 10.9	 94.7	0	    0
 1063	    3	 22.4	 23.3	 15.9	  3.7	 16.4	 59.7	0	    0
	    0
 1065	    3	 20.6	 22.6	 15.5	  3.5	 29.2	 68.0	0	    0
	    0
	    0
	    0
	    0
	    0
 1071	    5	 33.0	 19.5	  9.7	  8.9	 23.7	  3.4	0	    0
	    0
 1073	    3	 22.7	 23.4	 15.9	  3.7	 12.6	 47.7	0	    0
	    0
	    0
	    0
	    0
	    0
	    0
	    0
	    0
	    0
	    0
	    0
	    0
	    0
	    0
	    0
	    0
	    0
	    0
	    0
	    0
	    0
 1095	    3	 22.7	 23.4	 15.9	  3.7	 13.9	 20.3	0	    0
	    0
	    0
	    0
 1099	    3	 24.4	 24.4	 16.7	  3.9	 97.3	 29.2	0	    0
	    0
	    0
	    0
	    0
	    0
	    0
 1106	    3	 23.8	 24.3	 16.7	  3.8	 17.8	 61.4	0	    0
 1107	    5	 30.4	 18.8	  9.3	  8.5	  1.1	 47.1	0	    0
	    0
 1109	    5	 29.7	 18.8	  9.3	  8.4	 38.4	 54.6	0	    0
 1110	    5	 27.3	 18.6	  9.2	  7.9	 25.5	 71.7	0	    0
	    0
	    0
	    0
	    0
 1115	    3	 23.8	 24.2	 16.6	  3.8	 64.5	 60.3	0	    0
	    0
	    0
	    0
	    0
	    0
	    0
	    0
	    0
	    0
	    0
	    0
	    0
	    0
	    0
	    0
	    0
	    0
	    0
	    0
	    0
 1136	    5	 31.9	 19.3	  9.6	  8.8	 27.9	 84.3	0	    0
 1137	    5	 27.6	 17.9	  8.8	  8.1	 89.3	 90.6	0	    0
	    0
	    0
 1140	    3	 23.5	 24.1	 16.5	  3.8	 76.2	 92.1	0	    0
	    0
	    0
 1143	    3	 20.2	 22.6	 15.7	  3.4	 89.1	 93.1	0	    0
	    0
	    0
 1146	    5	 29.9	 19.0	  9.4	  8.4	  5.9	 70.6	0	    0
	    0
	    0
	    0
	    0
	    0
	    0
	    0
 1154	    5	 30.7	 19.0	  9.4	  8.6	 55.6	 76.1	0	    0
	    0
	    0
	    0
	    0
	    0
	    0
	    0
	    0
	    0
	    0
	    0
	    0
	    0
	    0
	    0
	    0
 1171	    3	 23.6	 24.2	 16.6	  3.8	 77.8	 17.7	0	    0
 1172	    3	 23.3	 24.1	 16.6	  3.8	 64.9	 53.6	0	    0
	    0
 1174	    5	 26.1	 17.9	  8.9	  7.8	 59.7	  8.6	0	    0
	    0
	    0
	    0
	    0
	    0
	    0
	    0
 1182	    3	 25.6	 24.8	 16.9	  4.0	 48.8	 83.3	1	    0
	    0
	    0
	    0
	    0
	    0
	    0
	    0
	    0
	    0
 1192	    3	 22.8	 23.5	 16.0	  3.7	 40.1	 43.9	1	    0
	    0
	    0
 1195	    3	 20.4	 22.2	 15.2	  3.5	 13.3	 13.9	0	    0
	    0
	    0
	    0
	    0
	    0
	    0
	    0
	    0
	    0
	    0
 1206	    3	 24.7	 24.6	 16.8	  3.9	  7.7	 22.4	0	    0
	    0
 1208	    5	 28.5	 18.8	  9.3	  8.1	 38.8	 22.8	0	    0
	    0
	    0
	    0
	    0
 1213	    3	 24.1	 24.4	 16.7	  3.9	 76.7	 62.8	0	    0
	    0
	    0
	    0
	    0
	    0
	    0
	    0
 1221	    5	 27.8	 18.5	  9.2	  8.0	 39.7	 30.4	0	    0
	    0
	    0
	    0
	    0
	    0
	    0
	    0
 1229	    3	 21.2	 18.7	 11.6	  3.8	 62.5	 63.4	0	    0
	    0
	    0
	    0
	    0
	    0
 1235	    3	 23.2	 24.1	 16.6	  3.8	  1.4	 67.3	0	    0
	    0
	    0
	    0
	    0
	    0
	    0
	    0
 1243	    5	 29.3	 19.0	  9.4	  8.3	 12.3	 87.2	0	    0
 1244	    3	 25.0	 24.4	 16.6	  4.0	  5.0	 52.0	0	    0
 1245	    3	 22.3	 23.2	 15.8	  3.7	 61.1	 72.0	0	    0
	    0
	    0
	    0
	    0
	    0
	    0
 1252	    3	 21.6	 23.3	 16.0	  3.6	 22.8	 66.3	0	    0
	    0
	    0
	    0
	    0
	    0
 1258	    3	 22.4	 23.1	 15.7	  3.7	 48.3	 32.8	1	    0
	    0
	    0
 1261	    3	 20.7	 22.7	 15.6	  3.5	 80.1	 24.6	1	    0
	    0
	    0
	    0
 1265	    3	 22.8	 23.5	 16.1	  3.7	 51.6	 19.0	0	    0
 1266	    3	 26.6	 25.2	 17.2	  4.2	 18.7	 53.1	0	    0
	    0
	    0
	    0
	    0
	    0
 1272	    3	 20.8	 22.2	 15.1	  3.5	 10.0	 31.7	1	    0
 1273	    3	 21.4	 23.2	 16.0	  3.6	  7.1	 54.0	0	    0
 1274	    5	 27.9	 18.7	  9.3	  8.0	 58.3	 71.6	0	    0
	    0
 1276	    3	 18.5	 22.2	 15.6	  3.2	 77.0	 98.6	0	    0
	    0
	    0
 1279	    3	 22.1	 23.7	 16.3	  3.6	 70.5	 66.7	0	    0
	    0
	    0
	    0
	    0
	    0
	    0
	    0
	    0
	    0
	    0
	    0
 1291	    3	 20.9	 22.4	 15.3	  3.5	 17.5	 98.9	0	    0
	    0
	    0
	    0
	    0
 1296	    3	 20.3	 22.8	 15.8	  3.4	 94.9	 69.0	0	    0
	    0
	    0
	    0
 1300	    5	 28.6	 19.1	  9.5	  8.1	 68.4	 82.3	0	    0
	    0
	    0
	    0
	    0
	    0
	    0
	    0
	    0
	    0
	    0
 1311	    3	 24.9	 24.5	 16.7	  4.0	 46.8	 39.6	0	    0
	    0
	    0
	    0
	    0
 1316	    3	 20.5	 22.7	 15.7	  3.5	 61.6	  4.7	0	    0
	    0
	    0
	    0
	    0
	    0
	    0
	    0
	    0
 1325	    3	 22.6	 24.1	 16.7	  3.7	 35.4	 73.3	1	    0
	    0
	    0
	    0
	    0
	    0
	    0
	    0
	    0
	    0
 1335	    3	 22.8	 24.0	 16.5	  3.7	 37.1	 62.3	0	    0
	    0
	    0
	    0
	    0
	    0
	    0
	    0
 1343	    3	 23.3	 24.0	 16.5	  3.8	  2.9	 93.9	0	    0
	    0
	    0
	    0
	    0
	    0
	    0
	    0
 1351	    5	 29.6	 19.0	  9.4	  8.3	 59.1	 28.8	0	    0
	    0
	    0
	    0
	    0
	    0
 1357	    5	 27.2	 18.3	  9.0	  7.9	 72.9	 92.4	0	    0
	    0
	    0
	    0
	    0
	    0
 1363	    3	 23.9	 23.5	 15.9	  3.9	 21.2	 12.3	0	    0
	    0
	    0
	    0
	    0
	    0
	    0
	    0
	    0
 1372	    5	 29.5	 18.9	  9.4	  8.3	 64.2	 71.2	0	    0
 1373	    5	 28.6	 18.7	  9.3	  8.2	  5.9	 48.9	0	    0
	    0
 1375	    5	 28.7	 19.2	  9.6	  8.1	 47.2	 51.6	0	    0
	    0
	    0
 1378	    5	 30.1	 18.9	  9.4	  8.4	 59.4	  0.8	0	    0
	    0
	    0
	    0
	    0
	    0
	    0
	    0
	    0
	    0
	    0
	    0
 1390	    3	 22.7	 23.1	 15.7	  3.7	 32.5	 72.5	0	    0
	    0
	    0
	    0
	    0
 1395	    5	 25.2	 18.2	  9.0	  7.5	 30.1	 10.6	0	    0
	    0
	    0
	    0
	    0
	    0
	    0
	    0
 1403	    5	 25.6	 17.7	  8.7	  7.7	  4.7	 79.2	0	    0
	    0
	    0
	    0
	    0
	    0
 1409	    3	 22.8	 23.3	 15.9	  3.8	 65.0	 26.8	0	    0
	    0
	    0
 1412	    5	 26.6	 18.4	  9.1	  7.8	 81.5	 78.2	0	    0
	    0
 1414	    5	 27.1	 18.5	  9.2	  7.9	 12.3	 58.9	0	    0
	    0
	    0
	    0
	    0
	    0
 1420	    5	 26.2	 17.9	  8.8	  7.8	  7.1	 58.7	0	    0
	    0
	    0
	    0
	    0
	    0
	    0
	    0
	    0
	    0
	    0
	    0
	    0
	    0
	    0
 1435	    5	 26.9	 18.5	  9.1	  7.8	 25.5	 20.2	0	    0
 1436	    3	 20.7	 22.8	 15.8	  3.5	 17.5	 28.6	1	    0
	    0
 1438	    3	 23.5	 23.6	 16.0	  3.8	 84.5	 34.9	0	    0
	    0
 1440	    5	 29.7	 18.9	  9.4	  8.4	 96.3	 59.7	0	    0
	    0
	    0
 1443	    5	 26.4	 18.0	  8.9	  7.8	 49.3	 91.8	0	    0
	    0
	    0
	    0
	    0
	    0
	    0
	    0
	    0
 1452	    5	 32.3	 19.5	  9.7	  8.8	  6.7	 90.2	0	    0
	    0
	    0
 1455	    5	 32.9	 19.2	  9.5	  9.0	 34.4	 50.6	0	    0
	    0
	    0
	    0
	    0
	    0
 1461	    5	 30.4	 19.2	  9.6	  8.5	 35.3	 17.8	0	    0
 1462	    3	 19.6	 21.3	 14.5	  3.4	 55.7	 90.5	0	    0
	    0
	    0
	    0
	    0
	    0
	    0
	    0
	    0
	    0
 1472	    3	 21.8	 22.9	 15.6	  3.6	 83.2	 71.1	0	    0
	    0
 1474	    5	 28.4	 18.8	  9.3	  8.1	 70.8	 68.9	0	    0
	    0
	    0
	    0
	    0
	    0
 1480	    5	 25.0	 18.3	  9.1	  7.4	 26.3	 78.9	1	    0
	    0
	    0
	    0
	    0
 1485	    5	 32.7	 19.7	  9.8	  8.9	 94.8	 38.0	1	    0
	    0
	    0
	    0
	    0
	    0
	    0
	    0
	    0
	    0
	    0
	    0
 1497	    5	 30.0	 19.0	  9.4	  8.4	 13.6	 53.3	1	    0
	    0
	    0
	    0
	    0
	    0
	    0
	    0
	    0
 1506	    3	 23.9	 24.1	 16.5	  3.9	 38.6	 16.7	0	    0
	    0
 1508	    5	 25.0	 18.1	  9.0	  7.5	 23.5	 24.5	1	    0
	    0
	    0
	    0
	    0
	    0
	    0
	    0
	    0
 1517	    5	 26.5	 18.4	  9.1	  7.8	 99.8	 99.8	1	    0
	    0
	    0
	    0
	    0
	    0
	    0
	    0
 1525	    5	 23.1	 17.3	  8.5	  7.2	 42.2	 15.5	1	    0
	    0
 1527	    3	 23.0	 24.0	 16.5	  3.7	 73.9	 82.2	0	    0
 1528	    3	 22.8	 23.4	 16.0	  3.7	 91.5	 65.5	0	    0
	    0
	    0
	    0
	    0
	    0
	    0
	    0
	    0
	    0
	    0
	    0
 1540	    3	 19.9	 23.2	 16.4	  3.3	 83.1	 86.0	0	    0
	    0
	    0
 1543	    3	 22.7	 23.7	 16.3	  3.7	  9.1	 90.9	0	    0
	    0
 1545	    3	 25.3	 24.4	 16.6	  4.0	 89.3	 84.8	0	    0
	    0
	    0
	    0
	    0
	    0
 1551	    5	 29.4	 18.7	  9.3	  8.3	 19.6	 93.9	0	    0
	    0
	    0
	    0
	    0
 1556	    3	 21.9	 23.6	 16.3	  3.6	 94.1	 59.7	0	    0
	    0
	    0
	    0
	    0
 1561	    3	 21.5	 22.5	 15.3	  3.6	 14.5	 12.9	0	    0
	    0
	    0
 1564	    3	 23.5	 24.2	 16.6	  3.8	 31.5	 62.2	0	    0
	    0
 1566	    3	 21.5	 23.0	 15.7	  3.6	 90.5	 12.1	0	    0
	    0
 1568	    3	 20.9	 22.3	 15.2	  3.5	 48.5	 26.0	0	    0
	    0
 1570	    3	 23.8	 23.6	 16.0	  3.9	 63.2	 69.5	0	    0
	    0
	    0
	    0
	    0
	    0
	    0
 1577	    3	 24.3	 24.3	 16.7	  3.9	 63.2	  0.6	0	    0
	    0
 1579	    3	 21.5	 23.4	 16.2	  3.6	 72.3	 41.1	0	    0
	    0
	    0
	    0
	    0
	    0
	    0
	    0
	    0
 1588	    3	 26.7	 25.1	 17.1	  4.2	 17.0	 98.7	0	    0
	    0
	    0
 1591	    5	 29.9	 19.3	  9.6	  8.3	 38.5	  5.3	0	    0
 1592	    5	 30.4	 18.7	  9.3	  8.6	 68.5	 79.0	0	    0
	    0
	    0
	    0
	    0
	    0
	    0
	    0
 1600	    3	 20.8	 21.9	 14.8	  3.5	  1.3	 72.8	0	    0
	    0
	    0
 1603	    3	 24.1	 24.3	 16.7	  3.9	 46.3	 23.8	0	    0
	    0
	    0
	    0
	    0
	    0
	    0
 1610	    3	 22.8	 23.5	 16.0	  3.7	 40.3	 34.6	0	    0
	    0
	    0
	    0
	    0
	    0
	    0
	    0
 1618	    3	 21.7	 23.2	 16.0	  3.6	 11.7	 56.4	0	    0
	    0
	    0
	    0
	    0
	    0
	    0
	    0
	    0
	    0
	    0
	    0
	    0
 1631	    5	 25.8	 18.3	  9.1	  7.6	 21.9	 70.1	0	    0
 1632	    3	 22.5	 22.8	 15.4	  3.7	 42.2	 86.4	0	    0
 1633	    5	 29.8	 19.3	  9.6	  8.3	 45.2	 95.1	0	    0
	    0
 1635	    3	 23.1	 22.4	 14.9	  3.8	 81.2	 81.6	0	    0
	    0
 1637	    5	 27.8	 18.7	  9.3	  8.0	 55.6	 36.9	0	    0
	    0
 1639	    5	 27.4	 18.6	  9.2	  7.9	 89.9	 45.2	0	    0
 1640	    3	 24.0	 23.5	 15.8	  3.9	 91.2	 42.6	0	    0
	    0
	    0
 1643	    3	 24.0	 23.8	 16.2	  3.9	 91.7	 58.1	0	    0
	    0
 1645	    5	 28.2	 18.7	  9.3	  8.1	 74.8	 34.7	0	    0
	    0
	    0
 1648	    3	 21.7	 23.4	 16.1	  3.6	 83.2	 69.7	0	    0
 1649	    3	 20.8	 22.9	 15.8	  3.5	 15.3	 26.5	0	    0
	    0
	    0
	    0
	    0
 1654	    3	 20.9	 23.2	 16.1	  3.5	 57.6	 22.9	0	    0
	    0
	    0
	    0
	    0
	    0
	    0
	    0
	    0
	    0
	    0
 1665	    3	 21.0	 22.9	 15.8	  3.5	 74.8	 25.9	0	    0
	    0
	    0
	    0
	    0
 1670	    5	 30.0	 18.8	  9.3	  8.4	 28.9	 51.5	0	    0
 1671	    5	 27.1	 18.6	  9.2	  7.9	 56.0	 49.8	0	    0
	    0
	    0
	    0
	    0
	    0
	    0
	    0
	    0
	    0
 1681	    3	 23.6	 23.6	 16.0	  3.8	 30.5	  5.7	0	    0
	    0
	    0
	    0
	    0
	    0
	    0
	    0
	    0
	    0
 1691	    3	 21.2	 22.5	 15.4	  3.6	 27.5	 40.9	0	    0
	    0
	    0
	    0
	    0
	    0
	    0
	    0
	    0
	    0
	    0
	    0
	    0
	    0
	    0
	    0
	    0
	    0
	    0
	    0
	    0
	    0
	    0
	    0
	    0
	    0
	    0
	    0
	    0
	    0
	    0
	    0
	    0
	    0
	    0
	    0
	    0
	    0
 1729	    5	 31.6	 19.1	  9.5	  8.7	 68.5	 90.5	0	    0
 1730	    3	 25.2	 24.8	 17.0	  4.0	 29.0	 70.1	0	    0
 1731	    5	 33.4	 19.6	  9.7	  9.0	 53.3	 70.3	1	    0
	    0
	    0
	    0
 1735	    3	 19.3	 22.5	 15.8	  3.3	 77.6	 83.8	0	    0
	    0
 1737	    3	 22.2	 23.2	 15.9	  3.7	 66.7	 52.6	0	    0
	    0
	    0
	    0
	    0
	    0
	    0
	    0
 1745	    3	 26.3	 23.8	 15.9	  4.2	 42.2	 19.9	0	    0
	    0
	    0
	    0
	    0
	    0
	    0
	    0
	    0
	    0
	    0
	    0
	    0
	    0
	    0
	    0
	    0
	    0
	    0
	    0
	    0
	    0
 1767	    3	 26.9	 25.2	 17.2	  4.2	 13.8	 76.9	0	    0
	    0
 1769	    5	 24.8	 17.7	  8.8	  7.5	 80.0	 16.2	0	    0
	    0
	    0
	    0
	    0
	    0
	    0
	    0
	    0
	    0
 1779	    5	 29.9	 18.9	  9.4	  8.4	 19.7	 20.8	0	    0
	    0
	    0
	    0
	    0
	    0
 1785	    5	 28.7	 18.6	  9.2	  8.2	 65.9	  1.1	0	    0
	    0
	    0
	    0
 1789	    5	 25.6	 18.0	  8.9	  7.6	 70.9	 75.7	0	    0
	    0
	    0
 1792	    5	 27.9	 18.7	  9.3	  8.0	 39.3	 65.5	0	    0
	    0
	    0
	    0
	    0
	    0
	    0
	    0
	    0
	    0
	    0
	    0
	    0
	    0
	    0
	    0
	    0
	    0
	    0
	    0
	    0
	    0
	    0
	    0
	    0
	    0
	    0
	    0
	    0
	    0
	    0
	    0
	    0
	    0
	    0
	    0
	    0
	    0
	    0
 1831	    5	 31.6	 19.2	  9.6	  8.7	 42.7	  8.1	0	    0
	    0
	    0
	    0
	    0
	    0
	    0
	    0
	    0
	    0
	    0
	    0
	    0
 1844	    5	 30.7	 19.4	  9.6	  8.5	 57.3	 68.1	0	    0
	    0
	    0
	    0
 1848	    5	 26.4	 18.1	  9.0	  7.8	 27.2	 82.1	0	    0
	    0
	    0
	    0
	    0
	    0
	    0
	    0
 1856	    5	 27.0	 18.3	  9.1	  7.9	 13.5	 22.3	0	    0
	    0
	    0
	    0
	    0
	    0
	    0
	    0
 1864	    3	 22.9	 23.7	 16.2	  3.7	 33.1	 34.5	0	    0
	    0
	    0
 1867	    3	 20.2	 23.1	 16.2	  3.4	 50.0	 85.0	0	    0
	    0
	    0
	    0
	    0
	    0
	    0
	    0
	    0
	    0
	    0
 1878	    3	 23.5	 24.2	 16.6	  3.8	 64.6	 12.1	0	    0
	    0
 1880	    5	 25.8	 18.4	  9.1	  7.6	 93.8	 92.4	0	    0
	    0
	    0
	    0
	    0
 1885	    5	 25.3	 18.3	  9.1	  7.5	 75.3	  6.2	0	    0
 1886	    3	 21.4	 23.2	 16.0	  3.6	 26.8	 18.5	0	    0
	    0
	    0
	    0
	    0
	    0
	    0
	    0
	    0
	    0
	    0
	    0
	    0
	    0
	    0
	    0
 1902	    5	 27.3	 18.3	  9.1	  7.9	 54.6	 66.3	0	    0
	    0
	    0
	    0
	    0
	    0
	    0
	    0
	    0
	    0
	    0
	    0
 1914	    3	 20.7	 22.9	 15.8	  3.5	 65.8	 83.6	1	    0
	    0
 1916	    3	 24.0	 23.9	 16.2	  3.9	 66.4	 64.0	0	    0
	    0
 1918	    5	 25.4	 18.1	  9.0	  7.6	  4.4	 37.6	0	    0
	    0
	    0
	    0
	    0
	    0
	    0
	    0
	    0
	    0
	    0
	    0
	    0
	    0
	    0
	    0
	    0
	    0
	    0
 1937	    3	 23.1	 23.5	 16.0	  3.8	 13.1	 55.0	0	    0
	    0
 1939	    5	 28.8	 18.8	  9.3	  8.2	 35.2	 39.9	0	    0
	    0
 1941	    3	 19.2	 21.7	 14.9	  3.3	 46.0	 25.3	0	    0
	    0
	    0
	    0
 1945	    5	 31.7	 19.5	  9.7	  8.7	 14.3	 99.2	0	    0
	    0
	    0
	    0
	    0
	    0
	    0
	    0
 1953	    5	 30.6	 19.4	  9.7	  8.5	 29.6	  1.9	0	    0
	    0
	    0
	    0
	    0
	    0
	    0
	    0
	    0
	    0
	    0
 1964	    3	 20.7	 22.7	 15.6	  3.5	  8.2	 50.7	0	    0
	    0
	    0
	    0
	    0
	    0
	    0
	    0
	    0
	    0
	    0
	    0
	    0
	    0
	    0
	    0
	    0
	    0
	    0
 1983	    5	 30.7	 19.0	  9.4	  8.6	  9.5	  0.4	0	    0
	    0
	    0
	    0
	    0
 1988	    5	 28.9	 19.0	  9.4	  8.2	 12.6	 66.2	1	    0
	    0
	    0
	    0
	    0
	    0
	    0
 1995	    5	 29.8	 18.9	  9.4	  8.4	  5.5	 30.4	0	    0
	    0
	    0
	    0
 1999	    5	 28.2	 18.8	  9.3	  8.1	 69.0	 74.2	0	    0
	    0
	    0
	    0
	    0
	    0
	    0
	    0
	    0
	    0
	    0
	    0
	    0
	    0
	    0
 2014	    3	 25.2	 24.1	 16.3	  4.0	 16.6	 88.2	0	    0
	    0
	    0
	    0
	    0
	    0
	    0
	    0
	    0
 2023	    3	 19.8	 22.3	 15.4	  3.4	 67.1	 50.0	1	    0
	    0
	    0
	    0
 2027	    3	 21.0	 23.6	 16.5	  3.5	 35.7	 97.6	1	    0
	    0
	    0
	    0
	    0
	    0
	    0
	    0
	    0
	    0
	    0
	    0
	    0
	    0
	    0
 2042	    3	 21.9	 23.4	 16.1	  3.6	 75.0	 56.4	0	    0
	    0
 2044	    5	 27.1	 18.6	  9.3	  7.8	 86.6	  6.4	0	    0
	    0
	    0
	    0
 2048	    3	 24.6	 24.6	 16.9	  3.9	 20.8	 68.1	0	    0
	    0
	    0
	    0
	    0
	    0
	    0
	    0
	    0
	    0
	    0
	    0
	    0
	    0
	    0
	    0
	    0
	    0
	    0
	    0
	    0
	    0
	    0
 2071	    3	 24.6	 24.5	 16.7	  3.9	 26.8	 14.5	0	    0
	    0
	    0
	    0
	    0
	    0
	    0
	    0
 2079	    3	 22.2	 23.5	 16.1	  3.7	 87.4	 39.4	0	    0
 2080	    5	 25.7	 18.0	  8.9	  7.6	  0.4	 35.3	0	    0
	    0
	    0
 2083	    3	 22.0	 23.0	 15.7	  3.7	 63.9	 26.2	0	    0
	    0
	    0
	    0
	    0
	    0
	    0
	    0
	    0
	    0
	    0
 2094	    3	 20.7	 22.9	 15.8	  3.5	 41.6	 70.1	1	    0
 2095	    3	 24.0	 24.3	 16.6	  3.9	 16.9	 80.1	0	    0
 2096	    3	 21.9	 23.0	 15.8	  3.6	 78.6	 62.4	0	    0
	    0
	    0
	    0
	    0
 2101	    3	 22.3	 23.5	 16.1	  3.7	 32.9	 23.9	0	    0
	    0
	    0
	    0
	    0
	    0
	    0
	    0
	    0
	    0
	    0
	    0
	    0
	    0
	    0
 2116	    5	 30.4	 19.2	  9.5	  8.5	 24.3	 35.0	0	    0
	    0
	    0
	    0
	    0
	    0
	    0
	    0
 2124	    5	 27.6	 18.4	  9.1	  8.0	 97.0	  9.0	0	    0
	    0
	    0
	    0
	    0
 2129	    5	 27.7	 18.5	  9.1	  8.0	 38.6	 51.1	0	    0
	    0
	    0
	    0
	    0
	    0
	    0
	    0
	    0
	    0
	    0
 2140	    3	 22.9	 23.9	 16.5	  3.7	 35.9	  4.3	0	    0
	    0
	    0
	    0
	    0
	    0
	    0
	    0
	    0
	    0
 2150	    3	 20.2	 22.4	 15.4	  3.4	 59.6	 88.9	0	    0
 2151	    3	 23.5	 23.5	 16.0	  3.8	  7.4	 83.3	0	    0
 2152	    3	 23.9	 23.8	 16.2	  3.9	 37.6	  2.0	0	    0
	    0
	    0
	    0
	    0
	    0
	    0
	    0
	    0
	    0
	    0
	    0
	    0
	    0
	    0
	    0
	    0
	    0
	    0
	    0
	    0
	    0
	    0
	    0
	    0
	    0
	    0
	    0
	    0
	    0
	    0
	    0
	    0
 2185	    3	 21.5	 22.7	 15.4	  3.6	 75.8	  6.1	0	    0
	    0
 2187	    3	 23.3	 24.2	 16.7	  3.8	 58.2	  1.9	0	    0
	    0
	    0
	    0
	    0
	    0
	    0
	    0
	    0
	    0
	    0
	    0
 2199	    3	 24.2	 24.3	 16.6	  3.9	 82.0	 91.0	0	    0
	    0
	    0
 2202	    5	 29.1	 19.1	  9.5	  8.2	 97.1	 24.2	0	    0
 2203	    5	 25.5	 18.1	  9.0	  7.6	 26.6	 49.2	0	    0
 2204	    3	 24.5	 24.5	 16.8	  3.9	 97.8	 11.1	0	    0
	    0
	    0
 2207	    3	 20.9	 21.9	 14.8	  3.6	 80.5	 92.6	0	    0
	    0
	    0
	    0
 2211	    5	 31.9	 19.3	  9.6	  8.8	 25.2	 21.8	0	    0
	    0
	    0
	    0
	    0
	    0
	    0
	    0
	    0
 2220	    5	 29.7	 18.8	  9.3	  8.4	 13.4	 43.9	0	    0
	    0
	    0
	    0
	    0
	    0
	    0
	    0
 2228	    3	 23.5	 24.3	 16.7	  3.8	 92.6	 28.1	0	    0
	    0
	    0
	    0
	    0
	    0
	    0
	    0
	    0
 2237	    3	 23.9	 24.4	 16.8	  3.8	 89.6	 67.7	0	    0
	    0
	    0
	    0
	    0
	    0
	    0
	    0
	    0
 2246	    3	 20.4	 23.0	 16.0	  3.4	 93.7	 48.1	1	    0
	    0
	    0
	    0
	    0
	    0
	    0
	    0
	    0
	    0
	    0
	    0
	    0
	    0
	    0
	    0
 2262	    5	 31.9	 19.1	  9.5	  8.8	 35.4	 53.1	0	    0
	    0
	    0
	    0
	    0
 2267	    3	 21.4	 23.0	 15.8	  3.6	  8.4	 57.4	0	    0
 2268	    5	 28.4	 18.9	  9.4	  8.1	 57.1	 31.0	0	    0
	    0
	    0
	    0
	    0
 2273	    5	 28.0	 18.6	  9.2	  8.1	 26.2	 25.9	0	    0
 2274	    3	 22.3	 23.7	 16.4	  3.7	 39.3	 33.5	1	    0
	    0
	    0
 2277	    3	 19.6	 22.1	 15.3	  3.4	 51.1	 67.4	1	    0
	    0
	    0
	    0
	    0
	    0
	    0
	    0
	    0
 2286	    3	 22.3	 23.3	 16.0	  3.7	 31.8	 27.9	0	    0
 2287	    3	 19.2	 20.4	 13.6	  3.4	 64.3	  3.0	0	    0
	    0
	    0
	    0
	    0
	    0
 2293	    3	 21.9	 23.5	 16.2	  3.6	 28.8	 35.8	0	    0
	    0
	    0
	    0
	    0
	    0
	    0
	    0
 2301	    3	 24.4	 23.8	 16.1	  3.9	 43.7	 68.4	0	    0
	    0
	    0
	    0
	    0
	    0
	    0
	    0
 2309	    3	 21.8	 22.8	 15.5	  3.6	 29.7	 17.1	0	    0
	    0
	    0
	    0
	    0
	    0
	    0
 2316	    3	 21.6	 22.8	 15.6	  3.6	 26.2	 58.2	0	    0
	    0
 2318	    5	 29.9	 18.7	  9.3	  8.4	 32.7	 99.3	0	    0
	    0
	    0
	    0
	    0
 2323	    5	 29.1	 18.9	  9.4	  8.2	 12.8	 17.8	0	    0
	    0
	    0
 2326	    5	 28.2	 18.6	  9.2	  8.1	 87.6	 11.2	0	    0
	    0
	    0
	    0
	    0
 2331	    5	 28.2	 18.7	  9.3	  8.1	 84.8	 21.4	0	    0
	    0
	    0
	    0
	    0
	    0
	    0
 2338	    3	 21.5	 23.6	 16.4	  3.5	 72.5	  2.2	0	    0
	    0
	    0
	    0
	    0
	    0
	    0
	    0
	    0
	    0
	    0
	    0
	    0
	    0
	    0
	    0
	    0
	    0
	    0
	    0
	    0
	    0
	    0
	    0
	    0
	    0
 2364	    5	 29.3	 18.7	  9.3	  8.3	 98.1	 74.8	0	    0
	    0
 2366	    5	 28.4	 18.7	  9.3	  8.1	 47.7	  7.1	0	    0
	    0
	    0
	    0
 2370	    5	 33.4	 19.5	  9.7	  9.0	 87.9	 79.1	0	    0
 2371	    3	 21.9	 23.8	 16.5	  3.6	 80.7	  9.8	0	    0
 2372	    3	 20.7	 23.5	 16.5	  3.5	 65.4	 76.3	0	    0
	    0
 2374	    3	 24.0	 24.3	 16.7	  3.9	 68.1	 51.8	0	    0
	    0
	    0
 2377	    3	 21.7	 23.1	 15.9	  3.6	 95.4	  8.4	0	    0
	    0
	    0
	    0
	    0
	    0
 2383	    5	 26.2	 18.3	  9.1	  7.7	 90.7	 65.4	0	    0
	    0
	    0
	    0
 2387	    3	 21.1	 22.9	 15.8	  3.5	 42.6	 86.6	1	    0
	    0
	    0
	    0
	    0
	    0
	    0
	    0
	    0
	    0
	    0
	    0
	    0
 2400	    5	 26.3	 18.3	  9.0	  7.7	 95.3	 26.5	1	    0
	    0
	    0
	    0
 2404	    5	 29.1	 19.0	  9.4	  8.2	 94.5	 85.9	0	    0
 2405	    5	 27.3	 18.4	  9.1	  7.9	 31.6	 93.0	0	    0
	    0
	    0
	    0
	    0
	    0
	    0
	    0
	    0
	    0
	    0
 2416	    5	 28.4	 18.8	  9.3	  8.1	 37.2	 72.3	0	    0
	    0
	    0
	    0
	    0
	    0
	    0
	    0
	    0
	    0
	    0
	    0
	    0
	    0
	    0
 2431	    5	 26.8	 18.2	  9.0	  7.8	 71.6	 17.6	0	    0
	    0
	    0
	    0
 2435	    5	 30.2	 19.1	  9.5	  8.4	 89.9	 30.5	0	    0
	    0
	    0
	    0
	    0
	    0
 2441	    3	 20.7	 22.6	 15.5	  3.5	 68.9	 47.8	1	    0
	    0
 2443	    5	 29.7	 18.6	  9.2	  8.4	 65.6	  7.5	0	    0
	    0
	    0
	    0
	    0
	    0
	    0
	    0
	    0
	    0
	    0
	    0
	    0
 2456	    3	 23.5	 23.6	 16.0	  3.8	 35.0	 69.9	1	    0
	    0
	    0
	    0
	    0
	    0
	    0
	    0
	    0
	    0
	    0
	    0
 2468	    5	 26.6	 17.9	  8.8	  7.9	 50.7	 14.9	0	    0
	    0
	    0
	    0
	    0
	    0
	    0
	    0
	    0
	    0
	    0
 2479	    3	 23.9	 23.8	 16.1	  3.9	 56.4	 91.9	0	    0
	    0
	    0
	    0
	    0
	    0
	    0
	    0
 2487	    3	 23.2	 23.6	 16.0	  3.8	 45.4	 48.5	0	    0
 2488	    3	 20.0	 21.6	 14.6	  3.4	  6.6	 63.9	0	    0
	    0
	    0
	    0
	    0
	    0
	    0
	    0
	    0
	    0
	    0
	    0
	    0
	    0
	    0
	    0
	    0
	    0
	    0
	    0
	    0
	    0
	    0
	    0
	    0
	    0
 2514	    5	 31.4	 18.9	  9.4	  8.7	 85.2	 61.7	0	    0
	    0
 2516	    5	 29.3	 18.8	  9.3	  8.3	 45.6	 61.1	0	    0
 2517	    3	 22.5	 23.3	 15.9	  3.7	 44.5	 47.1	0	    0
	    0
	    0
	    0
	    0
	    0
 2523	    3	 22.1	 23.4	 16.1	  3.6	 50.0	 38.3	0	    0
	    0
	    0
	    0
	    0
	    0
	    0
	    0
 2531	    3	 21.1	 23.2	 16.0	  3.5	 93.0	 28.3	0	    0
	    0
	    0
	    0
	    0
	    0
	    0
 2538	    5	 26.0	 18.3	  9.0	  7.7	  6.5	 75.6	0	    0
	    0
	    0
	    0
 2542	    5	 26.8	 18.6	  9.2	  7.8	  4.5	 18.6	1	    0
	    0
	    0
	    0
 2546	    5	 27.4	 18.5	  9.2	  7.9	 49.8	 63.6	0	    0
	    0
	    0
 2549	    3	 21.7	 23.3	 16.0	  3.6	 55.9	 16.7	1	    0
	    0
	    0
 2552	    3	 24.2	 24.1	 16.5	  3.9	 47.0	 29.6	1	    0
	    0
	    0
	    0
	    0
	    0
	    0
	    0
	    0
 2561	    5	 25.4	 17.9	  8.8	  7.6	 85.7	 36.5	0	    0
	    0
	    0
	    0
	    0
	    0
	    0
	    0
 2569	    3	 21.7	 23.6	 16.4	  3.6	 55.0	 71.0	0	    0
	    0
	    0
	    0
	    0
	    0
	    0
	    0
	    0
	    0
	    0
	    0
	    0
	    0
	    0
	    0
	    0
	    0
	    0
	    0
	    0
	    0
	    0
 2592	    5	 27.7	 18.7	  9.3	  8.0	 58.1	 45.0	0	    0
	    0
	    0
 2595	    3	 22.9	 23.9	 16.5	  3.7	  4.7	 58.1	0	    0
	    0
 2597	    5	 25.0	 18.4	  9.1	  7.4	 32.6	 75.1	0	    0
 2598	    3	 24.7	 24.5	 16.8	  3.9	 97.6	 92.6	1	    0
	    0
	    0
	    0
	    0
	    0
	    0
	    0
	    0
	    0
	    0
	    0
	    0
	    0
 2612	    5	 28.9	 18.7	  9.3	  8.2	 43.7	 64.0	0	    0
	    0
	    0
	    0
	    0
	    0
	    0
	    0
	    0
	    0
	    0
	    0
 2624	    3	 23.1	 23.5	 16.0	  3.8	 30.6	 84.7	0	    0
 2625	    5	 30.2	 19.0	  9.5	  8.4	 39.1	 61.9	1	    0
	    0
	    0
 2628	    3	 21.2	 22.9	 15.8	  3.6	 41.6	 29.8	1	    0
	    0
	    0
	    0
 2632	    3	 23.1	 23.9	 16.4	  3.8	 82.6	 90.8	0	    0
	    0
	    0
	    0
 2636	    5	 29.2	 18.5	  9.2	  8.3	  2.7	  4.0	0	    0
	    0
	    0
	    0
	    0
	    0
	    0
	    0
	    0
	    0
 2646	    3	 23.8	 23.8	 16.2	  3.9	 91.5	 52.2	0	    0
	    0
	    0
 2649	    3	 21.6	 22.9	 15.6	  3.6	 72.6	 58.6	1	    0
	    0
 2651	    3	 22.6	 23.8	 16.4	  3.7	 55.9	 37.9	1	    0
 2652	    5	 27.5	 18.3	  9.1	  8.0	 19.3	 68.1	0	    0
	    0
	    0
 2655	    5	 28.7	 18.7	  9.3	  8.2	 61.2	 35.5	1	    0
	    0
	    0
	    0
	    0
	    0
	    0
	    0
	    0
	    0
	    0
	    0
	    0
	    0
	    0
 2670	    3	 25.2	 24.9	 17.1	  4.0	 60.1	  9.0	0	    0
	    0
	    0
	    0
 2674	    5	 29.4	 19.3	  9.6	  8.2	 30.3	 15.7	0	    0
	    0
	    0
 2677	    5	 28.8	 18.4	  9.1	  8.3	 16.9	 24.9	0	    0
	    0
 2679	    3	 23.1	 24.1	 16.6	  3.8	 17.1	 78.1	0	    0
	    0
 2681	    3	 24.2	 24.5	 16.8	  3.9	 56.1	 96.7	0	    0
 2682	    5	 27.9	 18.8	  9.3	  8.0	 36.1	 78.8	0	    0
	    0
 2684	    3	 22.0	 23.8	 16.5	  3.6	 76.9	 36.8	0	    0
	    0
	    0
	    0
	    0
	    0
	    0
	    0
 2692	    3	 20.6	 22.8	 15.8	  3.5	 82.1	 20.5	0	    0
	    0
	    0
	    0
 2696	    3	 22.7	 23.4	 15.9	  3.7	 41.2	 67.9	0	    0
	    0
	    0
	    0
	    0
	    0
 2702	    5	 26.9	 18.4	  9.1	  7.8	 84.3	 38.6	0	    0
	    0
 2704	    5	 22.9	 17.7	  8.8	  7.1	 58.4	 74.4	0	    0
	    0
	    0
	    0
	    0
	    0
	    0
	    0
 2712	    3	 18.8	 22.2	 15.6	  3.2	 18.7	 46.4	1	    0
	    0
	    0
	    0
	    0
	    0
	    0
 2719	    5	 30.2	 19.2	  9.5	  8.4	 44.7	 56.7	0	    0
	    0
	    0
	    0
	    0
	    0
	    0
	    0
 2727	    3	 21.4	 22.9	 15.8	  3.6	 52.5	 10.4	0	    0
	    0
	    0
	    0
	    0
	    0
	    0
	    0
	    0
	    0
	    0
	    0
	    0
	    0
	    0
	    0
	    0
	    0
 2745	    3	 21.2	 22.8	 15.7	  3.6	 60.5	 38.9	0	    0
	    0
	    0
	    0
	    0
	    0
	    0
	    0
	    0
 2754	    3	 19.4	 22.5	 15.8	  3.3	 84.4	 79.1	1	    0
	    0
 2756	    3	 20.9	 23.3	 16.2	  3.5	 48.0	 90.4	0	    0
	    0
 2758	    5	 27.1	 18.1	  8.9	  7.9	 11.3	 44.2	1	    0
 2759	    3	 21.1	 23.5	 16.4	  3.5	 28.8	 60.3	0	    0
	    0
	    0
	    0
	    0
	    0
	    0
	    0
	    0
	    0
	    0
 2770	    5	 28.0	 18.4	  9.1	  8.1	 95.2	 64.9	0	    0
	    0
 2772	    5	 28.1	 18.4	  9.1	  8.1	 53.2	 93.9	0	    0
	    0
	    0
 2775	    3	 21.8	 23.2	 15.9	  3.6	 16.0	  3.1	0	    0
	    0
	    0
	    0
	    0
 2780	    3	 23.4	 23.6	 16.1	  3.8	 45.6	 39.6	0	    0
	    0
	    0
	    0
	    0
	    0
	    0
 2787	    3	 23.3	 24.0	 16.5	  3.8	 66.9	 61.6	0	    0
	    0
 2789	    5	 30.4	 19.0	  9.4	  8.5	  8.5	 41.4	1	    0
	    0
	    0
	    0
	    0
 2794	    3	 24.1	 24.4	 16.7	  3.9	 97.4	 98.5	0	    0
	    0
	    0
	    0
	    0
	    0
	    0
	    0
	    0
	    0
	    0
 2805	    3	 22.5	 23.4	 16.0	  3.7	 78.2	 98.4	1	    0
 2806	    5	 30.7	 19.1	  9.5	  8.5	 15.0	 81.8	0	    0
	    0
	    0
	    0
	    0
 2811	    5	 26.3	 18.4	  9.1	  7.7	 78.0	 24.8	0	    0
	    0
	    0
	    0
	    0
 2816	    5	 26.9	 18.4	  9.1	  7.8	 17.7	 88.0	1	    0
	    0
	    0
	    0
	    0
	    0
	    0
	    0
	    0
	    0
 2826	    3	 20.7	 23.1	 16.0	  3.5	 26.1	 17.0	0	    0
	    0
	    0
	    0
 2830	    3	 23.4	 23.7	 16.1	  3.8	 96.7	  3.6	0	    0
	    0
 2832	    5	 32.7	 19.5	  9.7	  8.9	 47.2	 31.5	0	    0
	    0
	    0
 2835	    3	 24.3	 24.5	 16.8	  3.9	  2.3	 76.3	0	    0
 2836	    3	 20.5	 22.5	 15.5	  3.5	 69.1	 24.2	0	    0
	    0
	    0
	    0
 2840	    5	 26.0	 18.0	  8.9	  7.7	 20.0	 11.0	0	    0
	    0
	    0
	    0
	    0
	    0
	    0
 2847	    3	 24.5	 24.5	 16.7	  3.9	 11.0	 79.2	0	    0
	    0
 2849	    3	 22.6	 23.5	 16.1	  3.7	 80.6	  3.0	1	    0
	    0
	    0
	    0
	    0
	    0
	    0
	    0
 2857	    5	 25.7	 18.1	  9.0	  7.6	 96.7	 65.6	1	    0
	    0
 2859	    3	 20.4	 22.8	 15.8	  3.4	 38.2	 93.9	0	    0
 2860	    3	 20.2	 23.1	 16.2	  3.4	 49.8	 70.4	1	    0
	    0
	    0
	    0
 2864	    5	 26.7	 18.3	  9.1	  7.8	 80.8	 65.6	0	    0
	    0
	    0
	    0
	    0
	    0
	    0
	    0
	    0
	    0
	    0
	    0
	    0
	    0
	    0
	    0
	    0
	    0
	    0
	    0
	    0
	    0
	    0
	    0
	    0
 2889	    5	 25.0	 18.4	  9.1	  7.4	 36.1	 27.4	0	    0
	    0
	    0
	    0
	    0
	    0
	    0
	    0
	    0
	    0
	    0
	    0
	    0
	    0
	    0
	    0
	    0
	    0
	    0
	    0
 2909	    5	 31.6	 19.4	  9.6	  8.7	  8.1	 70.4	0	    0
	    0
 2911	    3	 23.4	 24.0	 16.5	  3.8	 59.3	 63.8	0	    0
	    0
	    0
	    0
	    0
	    0
	    0
	    0
	    0
	    0
	    0
 2922	    3	 23.3	 24.1	 16.6	  3.8	  9.5	 63.7	0	    0
	    0
	    0
 2925	    3	 23.7	 24.2	 16.6	  3.8	 30.7	 80.5	1	    0
	    0
 2927	    5	 28.3	 18.8	  9.3	  8.1	 85.3	 92.9	0	    0
	    0
 2929	    5	 28.1	 18.8	  9.3	  8.0	 25.3	  6.6	0	    0
	    0
 2931	    5	 28.7	 18.6	  9.2	  8.2	  7.3	 12.6	0	    0
	    0
	    0
	    0
	    0
	    0
	    0
	    0
	    0
	    0
	    0
	    0
	    0
	    0
	    0
	    0
	    0
	    0
	    0
 2950	    5	 29.4	 18.5	  9.2	  8.4	 77.5	 66.5	0	    0
	    0
	    0
 2953	    3	 22.7	 23.3	 15.8	  3.7	 82.7	 73.7	0	    0
	    0
	    0
	    0
	    0
	    0
	    0
 2960	    3	 23.9	 24.2	 16.5	  3.9	 70.4	 15.8	0	    0
	    0
	    0
	    0
 2964	    3	 22.5	 23.8	 16.4	  3.7	 76.0	 33.0	0	    0
	    0
	    0
	    0
	    0
	    0
	    0
	    0
	    0
	    0
 2974	    5	 29.8	 18.7	  9.3	  8.4	 14.3	 88.8	0	    0
	    0
 2976	    5	 28.7	 18.3	  9.1	  8.2	 84.1	 81.9	1	    0
	    0
	    0
 2979	    3	 25.7	 24.8	 16.9	  4.1	 25.0	 47.8	0	    0
	    0
	    0
	    0
	    0
 2984	    3	 25.4	 24.6	 16.7	  4.0	 63.3	 84.9	0	    0
	    0
	    0
	    0
	    0
	    0
	    0
	    0
	    0
	    0
	    0
	    0
	    0
	    0
 2998	    3	 21.6	 23.3	 16.0	  3.6	 58.8	 69.2	0	    0
 2999	    3	 22.2	 23.7	 16.4	  3.6	 61.7	 13.5	0	    0
	    0
	    0
	    0
 3003	    3	 23.9	 24.2	 16.6	  3.8	 52.3	 69.8	0	    0
 3004	    3	 24.2	 24.6	 16.9	  3.9	 79.1	 66.2	0	    0
	    0
 3006	    3	 20.9	 23.4	 16.4	  3.5	 95.9	 31.8	1	    0
	    0
	    0
	    0
	    0
	    0
	    0
	    0
	    0
	    0
	    0
 3017	    3	 20.1	 23.3	 16.4	  3.4	 15.3	 65.7	0	    0
	    0
 3019	    5	 30.4	 19.1	  9.5	  8.5	 58.6	 62.9	0	    0
	    0
	    0
	    0
	    0
	    0
	    0
 3026	    5	 31.5	 19.0	  9.4	  8.7	  3.5	 13.3	0	    0
	    0
	    0
	    0
	    0
	    0
	    0
	    0
	    0
	    0
	    0
	    0
	    0
	    0
	    0
	    0
	    0
	    0
 3044	    3	 26.1	 25.0	 17.1	  4.1	 85.4	 10.2	0	    0
	    0
 3046	    5	 30.7	 18.9	  9.4	  8.6	 46.7	 46.4	0	    0
	    0
	    0
	    0
	    0
	    0
	    0
	    0
	    0
	    0
	    0
	    0
	    0
 3059	    3	 23.8	 23.5	 15.9	  3.9	 36.9	 16.1	0	    0
	    0
 3061	    5	 27.1	 18.4	  9.1	  7.9	 77.0	 15.0	1	    0
	    0
	    0
 3064	    3	 21.7	 23.8	 16.5	  3.6	 30.2	 50.2	0	    0
	    0
 3066	    3	 27.1	 25.3	 17.2	  4.2	 32.4	 55.1	0	    0
 3067	    3	 21.9	 23.7	 16.4	  3.6	 17.6	 86.1	0	    0
	    0
	    0
	    0
	    0
	    0
	    0
	    0
	    0
	    0
	    0
	    0
	    0
	    0
	    0
	    0
	    0
 3084	    5	 28.4	 18.5	  9.2	  8.2	 85.4	 51.3	0	    0
	    0
	    0
	    0
	    0
	    0
	    0
	    0
	    0
	    0
	    0
	    0
	    0
	    0
	    0
	    0
 3100	    5	 28.1	 18.7	  9.3	  8.1	 76.8	 29.6	0	    0
 3101	    5	 28.6	 19.1	  9.5	  8.1	 87.2	 44.8	1	    0
 3102	    3	 25.5	 24.8	 17.0	  4.0	 92.0	 29.6	0	    0
	    0
	    0
	    0
	    0
	    0
	    0
 3109	    3	 22.2	 23.7	 16.3	  3.6	  9.2	 50.3	1	    0
	    0
 3111	    5	 27.2	 18.7	  9.3	  7.9	 97.5	 56.4	1	    0
	    0
	    0
	    0
	    0
	    0
	    0
	    0
	    0
	    0
	    0
	    0
	    0
	    0
	    0
	    0
	    0
	    0
 3129	    5	 27.7	 18.9	  9.4	  7.9	 97.9	 33.8	0	    0
	    0
	    0
	    0
	    0
	    0
	    0
 3136	    5	 27.1	 18.5	  9.2	  7.9	 12.8	 83.0	1	    0
	    0
	    0
	    0
	    0
	    0
	    0
	    0
	    0
	    0
	    0
 3147	    3	 22.5	 23.5	 16.1	  3.7	 17.3	 25.0	0	    0
	    0
	    0
	    0
 3151	    5	 31.1	 19.4	  9.6	  8.6	 49.1	 44.4	0	    0
	    0
 3153	    5	 27.6	 18.6	  9.2	  8.0	 69.6	 30.9	0	    0
	    0
	    0
 3156	    5	 29.3	 18.9	  9.4	  8.3	 31.2	 67.4	0	    0
	    0
	    0
	    0
 3160	    3	 22.7	 24.1	 16.7	  3.7	 24.7	 68.4	0	    0
	    0
	    0
	    0
	    0
	    0
	    0
	    0
	    0
 3169	    5	 29.1	 19.0	  9.5	  8.2	  5.0	 16.4	0	    0
	    0
 3171	    5	 30.2	 19.1	  9.5	  8.4	 18.8	 96.3	1	    0
 3172	    3	 20.6	 23.1	 16.1	  3.5	 37.6	 14.4	1	    0
	    0
	    0
 3175	    3	 23.8	 24.3	 16.7	  3.8	 85.3	 80.7	0	    0
	    0
 3177	    3	 19.6	 22.3	 15.4	  3.4	 88.5	 37.8	0	    0
	    0
	    0
	    0
	    0
 3182	    3	 22.8	 23.8	 16.3	  3.7	 92.8	 10.1	0	    0
	    0
	    0
	    0
 3186	    5	 26.7	 18.5	  9.2	  7.8	 23.6	 39.4	1	    0
	    0
	    0
	    0
	    0
	    0
	    0
	    0
	    0
	    0
	    0
	    0
	    0
	    0
	    0
	    0
	    0
	    0
 3204	    3	 20.6	 22.9	 15.9	  3.5	 49.6	 25.3	0	    0
	    0
	    0
	    0
	    0
	    0
 3210	    3	 24.1	 23.8	 16.1	  3.9	 49.7	 50.0	0	    0
	    0
	    0
	    0
	    0
 3215	    3	 20.9	 23.0	 15.9	  3.5	 27.8	 59.8	1	    0
	    0
 3217	    3	 24.1	 24.5	 16.9	  3.9	 88.2	 15.3	0	    0
	    0
	    0
	    0
	    0
	    0
	    0
	    0
	    0
	    0
	    0
 3228	    3	 22.2	 23.5	 16.1	  3.7	 98.2	 52.1	0	    0
	    0
	    0
	    0
	    0
	    0
	    0
	    0
	    0
	    0
	    0
	    0
 3240	    3	 21.6	 23.5	 16.3	  3.6	 25.9	  4.1	0	    0
	    0
	    0
 3243	    3	 22.4	 23.5	 16.1	  3.7	 46.8	 77.2	0	    0
	    0
	    0
	    0
	    0
	    0
	    0
	    0
	    0
	    0
	    0
	    0
	    0
	    0
 3257	    3	 23.1	 23.8	 16.3	  3.8	 26.6	 11.1	0	    0
	    0
 3259	    5	 29.3	 18.7	  9.3	  8.3	 11.6	 10.5	0	    0
 3260	    3	 18.3	 21.9	 15.4	  3.2	 86.1	 85.4	0	    0
	    0
	    0
 3263	    3	 22.8	 23.4	 15.9	  3.7	  1.9	 31.9	0	    0
	    0
	    0
 3266	    3	 22.6	 23.6	 16.1	  3.7	 61.1	 17.1	0	    0
	    0
	    0
	    0
	    0
	    0
	    0
 3273	    3	 21.1	 22.4	 15.3	  3.6	 35.6	  5.6	0	    0
	    0
	    0
 3276	    3	 21.4	 23.5	 16.3	  3.5	 74.9	 20.9	0	    0
	    0
	    0
	    0
	    0
	    0
 3282	    3	 24.0	 24.2	 16.6	  3.9	 14.0	 90.1	1	    0
	    0
	    0
	    0
	    0
	    0
 3288	    3	 20.5	 21.7	 14.6	  3.5	 37.9	  6.6	1	    0
	    0
	    0
	    0
	    0
	    0
	    0
	    0
	    0
	    0
	    0
	    0
 3300	    3	 20.6	 22.7	 15.7	  3.5	  0.5	 26.3	1	    0
 3301	    3	 19.6	 22.7	 15.9	  3.3	 23.0	 57.9	0	    0
 3302	    5	 28.6	 18.5	  9.2	  8.2	 18.8	 75.9	0	    0
	    0
	    0
 3305	    3	 20.1	 23.1	 16.2	  3.4	 54.3	 39.2	0	    0
	    0
	    0
 3308	    3	 23.4	 23.8	 16.2	  3.8	 43.8	 29.4	1	    0
 3309	    3	 20.7	 22.6	 15.5	  3.5	 32.3	 17.9	0	    0
	    0
 3311	    5	 27.9	 18.4	  9.1	  8.1	 31.9	  0.3	0	    0
	    0
	    0
	    0
	    0
	    0
	    0
	    0
	    0
 3320	    5	 30.4	 19.2	  9.6	  8.5	 57.0	 58.1	0	    0
	    0
	    0
 3323	    3	 21.3	 22.8	 15.6	  3.6	 50.7	 33.1	1	    0
	    0
	    0
	    0
	    0
	    0
 3329	    5	 32.2	 19.3	  9.6	  8.8	 52.2	 31.7	1	    0
	    0
	    0
	    0
	    0
	    0
	    0
	    0
	    0
	    0
	    0
	    0
	    0
	    0
	    0
	    0
	    0
	    0
	    0
	    0
	    0
	    0
	    0
 3352	    5	 27.2	 18.6	  9.2	  7.9	 93.3	 80.6	0	    0
	    0
	    0
	    0
	    0
	    0
	    0
	    0
	    0
	    0
	    0
	    0
	    0
	    0
	    0
	    0
	    0
	    0
	    0
 3371	    3	 23.8	 23.7	 16.0	  3.9	 98.5	 44.5	0	    0
	    0
	    0
	    0
 3375	    5	 27.6	 18.2	  9.0	  8.0	 94.2	 31.0	0	    0
	    0
	    0
	    0
	    0
	    0
	    0
	    0
	    0
	    0
	    0
 3386	    3	 20.4	 22.4	 15.4	  3.5	 64.7	 76.7	0	    0
 3387	    3	 22.0	 23.8	 16.5	  3.6	 94.8	 11.0	0	    0
	    0
	    0
	    0
	    0
	    0
	    0
	    0
	    0
	    0
	    0
	    0
 3399	    3	 25.1	 24.4	 16.6	  4.0	 15.6	 18.8	1	    0
	    0
	    0
	    0
	    0
	    0
	    0
	    0
	    0
	    0
	    0
	    0
	    0
	    0
	    0
	    0
	    0
	    0
	    0
	    0
	    0
	    0
	    0
	    0
	    0
 3424	    3	 24.6	 24.5	 16.8	  3.9	 19.8	 91.7	0	    0
 3425	    3	 23.6	 23.9	 16.3	  3.8	  9.5	 77.3	0	    0
	    0
	    0
	    0
	    0
	    0
	    0
	    0
	    0
	    0
 3435	    3	 21.4	 23.7	 16.6	  3.5	 31.9	  8.2	0	    0
	    0
	    0
 3438	    3	 24.8	 24.4	 16.6	  4.0	 27.0	 61.7	0	    0
	    0
	    0
	    0
	    0
	    0
	    0
	    0
 3446	    5	 27.4	 18.3	  9.1	  8.0	  9.1	 11.4	0	    0
	    0
	    0
	    0
 3450	    3	 22.9	 23.6	 16.1	  3.8	  1.1	 98.6	0	    0
	    0
	    0
	    0
	    0
	    0
	    0
 3457	    5	 32.3	 19.5	  9.7	  8.8	 78.7	 12.9	0	    0
	    0
	    0
	    0
	    0
	    0
	    0
	    0
 3465	    5	 26.3	 18.3	  9.1	  7.7	 47.8	 96.1	0	    0
	    0
	    0
	    0
	    0
	    0
	    0
	    0
	    0
 3474	    3	 25.7	 24.9	 17.0	  4.0	 61.4	 52.1	0	    0
	    0
	    0
 3477	    5	 31.8	 19.2	  9.6	  8.8	 41.1	 37.7	0	    0
 3478	    3	 20.9	 22.8	 15.7	  3.5	 31.5	 38.4	0	    0
	    0
	    0
	    0
	    0
 3483	    3	 22.3	 23.3	 15.9	  3.7	 20.8	 91.0	0	    0
 3484	    3	 22.6	 23.8	 16.4	  3.7	 87.8	 56.8	0	    0
 3485	    3	 26.4	 24.9	 16.9	  4.1	  1.6	 35.7	0	    0
	    0
	    0
	    0
	    0
 3490	    3	 21.4	 22.7	 15.5	  3.6	 41.1	 39.6	1	    0
	    0
	    0
	    0
	    0
 3495	    3	 21.6	 22.9	 15.6	  3.6	 52.9	 41.5	0	    0
	    0
 3497	    3	 25.5	 24.9	 17.0	  4.0	 69.6	 80.5	1	    0
	    0
	    0
	    0
	    0
 3502	    5	 27.8	 18.4	  9.1	  8.0	 62.0	 76.8	0	    0
	    0
	    0
 3505	    5	 27.9	 18.5	  9.2	  8.1	 45.2	  1.0	0	    0
	    0
	    0
	    0
	    0
	    0
	    0
	    0
	    0
	    0
 3515	    3	 24.0	 23.8	 16.2	  3.9	 77.8	 11.3	0	    0
	    0
	    0
	    0
	    0
	    0
	    0
	    0
	    0
	    0
	    0
	    0
 3527	    5	 29.4	 18.6	  9.2	  8.4	 97.4	 41.8	0	    0
 3528	    5	 31.1	 19.8	  9.8	  8.5	 73.5	 86.7	0	    0
	    0
	    0
	    0
	    0
 3533	    3	 21.4	 22.1	 14.9	  3.6	  3.5	 98.9	0	    0
	    0
	    0
 3536	    3	 21.2	 23.3	 16.2	  3.5	 24.3	 77.8	0	    0
	    0
 3538	    3	 22.2	 23.2	 15.8	  3.7	 29.4	 39.0	0	    0
	    0
 3540	    5	 29.0	 18.7	  9.3	  8.3	 73.8	 51.3	1	    0
 3541	    3	 18.4	 22.2	 15.7	  3.2	 50.0	 48.0	1	    0
	    0
	    0
	    0
	    0
	    0
	    0
	    0
	    0
	    0
	    0
	    0
	    0
	    0
	    0
 3556	    3	 23.7	 24.1	 16.5	  3.8	 35.3	 60.1	0	    0
	    0
 3558	    5	 27.9	 18.6	  9.2	  8.0	 78.2	  2.2	0	    0
	    0
	    0
	    0
	    0
	    0
	    0
	    0
 3566	    3	 22.4	 23.8	 16.4	  3.7	 13.4	 41.1	1	    0
	    0
 3568	    3	 23.3	 24.1	 16.5	  3.8	 33.9	 39.0	0	    0
	    0
	    0
	    0
 3572	    3	 23.8	 23.7	 16.1	  3.9	 85.9	 46.5	0	    0
	    0
	    0
	    0
	    0
	    0
	    0
 3579	    3	 24.0	 24.3	 16.7	  3.9	 91.1	 86.6	0	    0
	    0
	    0
	    0
	    0
	    0
	    0
	    0
	    0
	    0
	    0
	    0
	    0
	    0
	    0
	    0
 3595	    5	 30.0	 19.0	  9.4	  8.4	 41.6	 49.2	0	    0
	    0
	    0
	    0
	    0
	    0
 3601	    3	 22.5	 23.6	 16.2	  3.7	 54.3	 24.3	0	    0
	    0
	    0
	    0
	    0
	    0
	    0
	    0
	    0
	    0
 3611	    3	 24.0	 24.2	 16.5	  3.9	  3.4	 25.6	0	    0
	    0
	    0
	    0
	    0
	    0
	    0
	    0
 3619	    3	 22.5	 23.4	 16.0	  3.7	 60.0	  4.0	0	    0
	    0
	    0
	    0
 3623	    5	 26.4	 18.3	  9.1	  7.8	 25.8	 42.9	0	    0
	    0
	    0
 3626	    3	 20.5	 23.2	 16.2	  3.4	 40.6	 75.0	1	    0
	    0
	    0
	    0
	    0
	    0
	    0
	    0
	    0
	    0
	    0
 3637	    5	 26.6	 18.2	  9.0	  7.8	 21.0	 17.1	0	    0
	    0
	    0
	    0
	    0
 3642	    5	 24.4	 18.0	  8.9	  7.4	 12.4	 24.5	0	    0
	    0
	    0
 3645	    5	 23.3	 17.6	  8.7	  7.2	 83.7	 74.1	1	    0
	    0
	    0
 3648	    5	 27.3	 18.7	  9.3	  7.9	 70.3	 29.2	0	    0
 3649	    3	 21.9	 22.9	 15.7	  3.6	  6.7	 66.1	0	    0
 3650	    5	 29.7	 19.2	  9.5	  8.3	 16.0	 73.4	0	    0
 3651	    5	 29.3	 18.6	  9.2	  8.3	 95.6	 11.9	0	    0
	    0
	    0
	    0
	    0
	    0
	    0
 3658	    5	 30.1	 18.9	  9.4	  8.5	 99.9	 13.9	0	    0
 3659	    3	 24.7	 24.4	 16.7	  3.9	 61.8	 19.3	0	    0
	    0
	    0
	    0
	    0
	    0
	    0
 3666	    3	 22.7	 23.2	 15.7	  3.7	 97.3	 96.4	0	    0
	    0
 3668	    3	 21.7	 23.2	 15.9	  3.6	 29.6	 89.3	0	    0
	    0
	    0
	    0
	    0
	    0
	    0
	    0
	    0
	    0
 3678	    3	 22.5	 24.0	 16.6	  3.7	  3.6	 67.9	0	    0
	    0
	    0
	    0
 3682	    5	 30.2	 19.1	  9.5	  8.4	 98.4	 48.2	0	    0
	    0
	    0
	    0
	    0
	    0
	    0
	    0
	    0
	    0
	    0
 3693	    3	 25.9	 24.9	 17.0	  4.1	 66.3	 29.1	0	    0
	    0
	    0
	    0
	    0
	    0
	    0
 3700	    3	 19.6	 22.7	 15.9	  3.3	  5.8	  9.1	0	    0
	    0
	    0
	    0
	    0
	    0
	    0
	    0
	    0
	    0
	    0
	    0
	    0
	    0
	    0
	    0
	    0
	    0
	    0
	    0
	    0
	    0
	    0
	    0
	    0
	    0
	    0
	    0
	    0
	    0
	    0
 3731	    5	 28.8	 18.7	  9.3	  8.2	 59.4	 36.7	0	    0
	    0
	    0
 3734	    5	 31.2	 19.4	  9.6	  8.6	 83.1	  1.3	1	    0
	    0
	    0
	    0
	    0
	    0
	    0
	    0
	    0
 3743	    3	 22.2	 23.9	 16.6	  3.6	  8.5	 46.9	1	    0
 3744	    3	 25.4	 24.8	 17.0	  4.0	 74.9	 30.5	0	    0
	    0
 3746	    3	 23.3	 24.0	 16.5	  3.8	 53.6	 72.1	0	    0
	    0
 3748	    3	 24.4	 24.5	 16.8	  3.9	  3.6	 75.2	0	    0
 3749	    5	 32.2	 19.4	  9.7	  8.8	 26.9	 41.5	0	    0
 3750	    3	 23.6	 23.3	 15.7	  3.9	 30.3	 12.5	1	    0
 3751	    5	 32.6	 19.4	  9.6	  8.9	 60.3	 22.0	0	    0
	    0
	    0
	    0
	    0
	    0
	    0
	    0
	    0
	    0
 3761	    3	 24.5	 24.0	 16.3	  3.9	 79.7	 79.8	0	    0
 3762	    3	 19.6	 21.9	 15.1	  3.4	 19.2	 28.9	0	    0
	    0
	    0
 3765	    3	 23.0	 24.0	 16.5	  3.7	 50.9	 62.4	0	    0
	    0
	    0
 3768	    3	 21.6	 22.6	 15.3	  3.6	 18.2	 95.0	0	    0
	    0
 3770	    3	 24.2	 24.3	 16.7	  3.9	 27.6	 30.0	0	    0
	    0
	    0
 3773	    3	 23.7	 24.2	 16.6	  3.8	  2.8	 22.6	0	    0
	    0
	    0
	    0
	    0
	    0
	    0
 3780	    3	 21.9	 23.6	 16.4	  3.6	 82.9	 54.7	0	    0
	    0
	    0
	    0
	    0
	    0
 3786	    3	 22.4	 23.3	 15.9	  3.7	 53.0	 23.2	0	    0
 3787	    5	 25.1	 18.2	  9.0	  7.5	 24.7	 83.1	0	    0
	    0
	    0
 3790	    3	 22.3	 23.4	 16.0	  3.7	 26.4	 21.1	0	    0
	    0
	    0
 3793	    5	 31.4	 19.3	  9.6	  8.7	 53.5	 89.7	0	    0
 3794	    5	 28.5	 19.0	  9.4	  8.1	 59.4	 25.2	0	    0
	    0
	    0
 3797	    3	 21.9	 22.9	 15.6	  3.6	 17.4	 37.6	0	    0
 3798	    5	 25.1	 18.1	  9.0	  7.5	 48.8	 75.0	0	    0
	    0
	    0
	    0
 3802	    3	 24.7	 24.4	 16.7	  3.9	 63.5	 36.5	0	    0
	    0
	    0
	    0
	    0
	    0
	    0
	    0
	    0
	    0
	    0
	    0
 3814	    3	 22.8	 24.1	 16.7	  3.7	 54.0	 34.6	1	    0
	    0
	    0
	    0
	    0
	    0
 3820	    5	 31.8	 19.2	  9.6	  8.8	 86.5	 25.1	0	    0
	    0
	    0
	    0
	    0
	    0
 3826	    5	 27.0	 18.6	  9.2	  7.8	 16.4	 70.3	0	    0
	    0
	    0
	    0
 3830	    5	 26.2	 18.9	  9.4	  7.6	 27.8	 45.7	0	    0
	    0
	    0
	    0
	    0
	    0
	    0
 3837	    5	 29.5	 19.1	  9.5	  8.3	 44.8	 34.7	0	    0
	    0
	    0
	    0
	    0
	    0
	    0
	    0
	    0
 3846	    3	 22.5	 23.4	 16.0	  3.7	 12.4	 94.3	0	    0
	    0
	    0
	    0
	    0
	    0
 3852	    3	 22.4	 19.9	 12.6	  3.9	 11.8	 73.4	0	    0
 3853	    5	 30.5	 19.0	  9.4	  8.5	  5.1	 82.3	1	    0
	    0
	    0
	    0
	    0
	    0
	    0
	    0
	    0
	    0
	    0
	    0
	    0
	    0
 3867	    3	 23.6	 24.1	 16.5	  3.8	 70.4	  0.0	1	    0
	    0
	    0
	    0
	    0
	    0
	    0
	    0
	    0
	    0
	    0
	    0
	    0
	    0
	    0
	    0
	    0
	    0
 3885	    5	 33.0	 19.5	  9.7	  9.0	 56.0	 53.9	0	    0
	    0
	    0
 3888	    5	 25.6	 18.4	  9.1	  7.5	  9.8	 81.3	0	    0
	    0
	    0
 3891	    3	 22.8	 23.8	 16.4	  3.7	 41.7	  6.7	1	    0
	    0
	    0
	    0
	    0
	    0
	    0
	    0
	    0
	    0
	    0
	    0
	    0
	    0
	    0
	    0
	    0
	    0
	    0
	    0
	    0
	    0
	    0
	    0
	    0
	    0
	    0
	    0
	    0
	    0
	    0
	    0
	    0
	    0
	    0
	    0
	    0
	    0
	    0
 3930	    3	 22.1	 23.6	 16.3	  3.6	 77.4	 83.5	0	    0
	    0
	    0
	    0
	    0
 3935	    5	 27.7	 18.8	  9.3	  8.0	 93.3	 83.0	1	    0
	    0
	    0
	    0
	    0
	    0
 3941	    5	 26.0	 18.2	  9.0	  7.7	 32.1	 73.6	0	    0
	    0
 3943	    3	 21.4	 23.1	 15.9	  3.6	 12.1	 81.1	0	    0
	    0
	    0
	    0
	    0
	    0
	    0
	    0
	    0
	    0
	    0
	    0
 3955	    3	 25.4	 24.7	 16.9	  4.0	 33.0	 43.9	0	    0
	    0
	    0
 3958	    5	 29.6	 18.6	  9.2	  8.4	 73.9	 80.4	0	    0
	    0
	    0
	    0
	    0
	    0
	    0
	    0
	    0
	    0
	    0
 3969	    3	 19.8	 22.4	 15.6	  3.4	  0.9	 38.6	0	    0
	    0
	    0
 3972	    3	 24.4	 24.4	 16.7	  3.9	 44.2	  0.7	0	    0
	    0
	    0
 3975	    3	 22.9	 23.9	 16.4	  3.7	  2.6	 67.4	0	    0
	    0
	    0
	    0
	    0
	    0
	    0
	    0
	    0
	    0
	    0
	    0
	    0
	    0
	    0
	    0
	    0
	    0
	    0
	    0
 3995	    3	 20.8	 23.4	 16.4	  3.5	 48.9	 10.5	0	    0
	    0
	    0
	    0
	    0
 4000	    5	 30.8	 19.1	  9.5	  8.6	 84.7	 42.4	0	    0
	    0
	    0
	    0
	    0
	    0
	    0
	    0
	    0
	    0
	    0
	    0
	    0
	    0
	    0
 4015	    3	 21.8	 23.1	 15.9	  3.6	 45.6	 77.0	0	    0
	    0
	    0
	    0
	    0
 4020	    3	 21.5	 23.6	 16.4	  3.5	 29.9	 54.8	0	    0
	    0
	    0
	    0
 4024	    5	 27.6	 18.2	  9.0	  8.0	  9.2	 76.0	0	    0
 4025	    3	 20.2	 22.8	 15.9	  3.4	  0.3	 93.9	0	    0
	    0
	    0
	    0
	    0
	    0
	    0
	    0
	    0
 4034	    3	 22.2	 23.3	 16.0	  3.7	 54.7	 28.2	1	    0
	    0
	    0
	    0
	    0
	    0
 4040	    3	 21.3	 22.8	 15.6	  3.6	 73.7	  3.3	1	    0
	    0
	    0
	    0
	    0
	    0
	    0
	    0
	    0
	    0
	    0
	    0
	    0
 4053	    5	 27.0	 18.8	  9.4	  7.8	 85.6	 28.0	0	    0
	    0
	    0
	    0
	    0
	    0
 4059	    3	 22.8	 23.8	 16.4	  3.7	 53.3	 42.3	0	    0
	    0
	    0
	    0
	    0
	    0
	    0
	    0
	    0
 4068	    3	 23.9	 24.2	 16.6	  3.9	 11.5	 13.9	0	    0
	    0
	    0
	    0
	    0
	    0
 4074	    3	 25.0	 24.6	 16.8	  4.0	 94.7	 32.1	0	    0
	    0
	    0
	    0
	    0
 4079	    3	 23.5	 24.1	 16.5	  3.8	 23.2	  8.8	0	    0
	    0
	    0
	    0
 4083	    3	 22.1	 23.1	 15.8	  3.7	 91.3	 31.9	1	    0
	    0
	    0
 4086	    3	 21.9	 23.1	 15.8	  3.6	 40.3	 53.2	1	    0
	    0
	    0
	    0
	    0
	    0
	    0
	    0
	    0
	    0
	    0
	    0
	    0
	    0
 4100	    5	 29.5	 18.4	  9.1	  8.4	 13.8	 48.6	0	    0
	    0
 4102	    5	 24.7	 18.0	  8.9	  7.4	 93.5	  5.4	1	    0
	    0
	    0
	    0
	    0
	    0
	    0
 4109	    3	 20.4	 23.0	 16.0	  3.4	 31.8	 64.8	0	    0
	    0
	    0
	    0
	    0
	    0
	    0
	    0
	    0
	    0
	    0
	    0
	    0
	    0
	    0
	    0
	    0
	    0
	    0
	    0
	    0
	    0
	    0
	    0
	    0
	    0
	    0
	    0
	    0
	    0
 4139	    3	 19.7	 22.6	 15.8	  3.4	 16.5	 56.8	1	    0
	    0
	    0
	    0
	    0
	    0
	    0
	    0
	    0
 4148	    3	 21.3	 23.4	 16.2	  3.5	 95.1	 54.4	0	    0
	    0
	    0
	    0
	    0
	    0
 4154	    5	 31.3	 19.2	  9.5	  8.7	 49.2	  5.0	0	    0
	    0
 4156	    3	 21.5	 23.7	 16.5	  3.5	 60.4	  6.9	0	    0
	    0
	    0
	    0
 4160	    3	 21.1	 22.5	 15.3	  3.6	 37.6	 65.0	1	    0
	    0
	    0
	    0
 4164	    5	 33.5	 19.6	  9.7	  9.0	 82.6	 99.8	0	    0
	    0
	    0
	    0
	    0
	    0
	    0
	    0
	    0
	    0
	    0
	    0
	    0
	    0
	    0
	    0
	    0
	    0
	    0
	    0
	    0
	    0
	    0
	    0
	    0
 4189	    3	 24.3	 24.4	 16.8	  3.9	 86.7	  8.8	1	    0
	    0
	    0
	    0
	    0
	    0
	    0
	    0
	    0
	    0
	    0
	    0
	    0
	    0
	    0
	    0
	    0
	    0
 4207	    3	 21.4	 23.0	 15.8	  3.6	 91.5	 47.9	0	    0
	    0
 4209	    3	 25.0	 24.4	 16.7	  4.0	 19.0	 27.1	0	    0
	    0
	    0
	    0
	    0
	    0
	    0
	    0
	    0
	    0
	    0
	    0
	    0
	    0
	    0
	    0
 4225	    3	 23.0	 24.1	 16.6	  3.7	 14.7	 23.5	0	    0
	    0
	    0
	    0
 4229	    3	 22.2	 23.1	 15.7	  3.7	 68.8	 85.2	0	    0
	    0
	    0
	    0
	    0
	    0
	    0
	    0
	    0
	    0
	    0
	    0
 4241	    5	 27.0	 17.9	  8.9	  7.9	 69.2	 19.4	0	    0
	    0
	    0
	    0
	    0
	    0
	    0
	    0
	    0
	    0
 4251	    3	 23.6	 23.9	 16.3	  3.8	 98.5	 13.8	0	    0
	    0
	    0
	    0
 4255	    3	 21.2	 22.7	 15.6	  3.6	 91.3	 81.2	0	    0
	    0
	    0
	    0
	    0
	    0
 4261	    5	 28.2	 18.5	  9.2	  8.1	 19.6	 34.1	0	    0
 4262	    5	 26.0	 18.0	  8.9	  7.7	 46.9	 75.3	0	    0
	    0
 4264	    3	 20.7	 22.8	 15.7	  3.5	 11.5	 30.6	0	    0
	    0
	    0
 4267	    3	 21.6	 23.3	 16.1	  3.6	 91.2	 75.3	0	    0
	    0
	    0
	    0
	    0
	    0
	    0
	    0
	    0
	    0
	    0
	    0
	    0
	    0
	    0
	    0
	    0
	    0
	    0
	    0
 4287	    5	 29.0	 18.8	  9.3	  8.2	 18.5	 44.3	0	    0
	    0
	    0
	    0
	    0
	    0
	    0
	    0
	    0
	    0
	    0
	    0
	    0
	    0
	    0
	    0
	    0
	    0
	    0
	    0
	    0
	    0
	    0
	    0
	    0
	    0
	    0
	    0
	    0
	    0
 4317	    3	 21.4	 23.5	 16.3	  3.6	 24.8	 78.2	0	    0
	    0
	    0
	    0
	    0
	    0
	    0
	    0
	    0
	    0
	    0
	    0
 4329	    5	 29.3	 18.6	  9.2	  8.3	 89.3	 53.5	0	    0
	    0
	    0
 4332	    5	 28.6	 18.6	  9.2	  8.2	 14.6	 32.9	1	    0
	    0
	    0
	    0
	    0
 4337	    5	 27.2	 18.4	  9.1	  7.9	 39.7	 32.3	0	    0
 4338	    5	 32.7	 19.7	  9.8	  8.8	 45.2	 81.2	0	    0
	    0
 4340	    3	 21.3	 23.4	 16.2	  3.5	 25.2	 74.9	0	    0
 4341	    3	 22.4	 23.5	 16.2	  3.7	 91.6	 58.9	0	    0
 4342	    5	 27.5	 18.5	  9.2	  8.0	 12.9	 76.5	0	    0
	    0
	    0
 4345	    5	 24.7	 18.1	  9.0	  7.4	 52.0	 82.6	0	    0
	    0
	    0
	    0
	    0
	    0
	    0
	    0
	    0
	    0
	    0
	    0
	    0
	    0
	    0
	    0
	    0
	    0
	    0
	    0
	    0
	    0
	    0
	    0
	    0
	    0
	    0
	    0
	    0
	    0
	    0
	    0
	    0
	    0
	    0
	    0
	    0
 4382	    5	 35.6	 19.7	  9.8	  9.4	 36.6	  8.6	0	    0
	    0
	    0
	    0
	    0
	    0
	    0
	    0
	    0
	    0
	    0
	    0
	    0
 4395	    3	 24.1	 24.5	 16.8	  3.9	 61.6	 71.5	0	    0
	    0
 4397	    5	 30.7	 19.1	  9.5	  8.6	  7.9	  6.7	0	    0
	    0
	    0
	    0
	    0
	    0
	    0
	    0
	    0
 4406	    3	 20.6	 23.0	 15.9	  3.5	 95.3	 56.2	0	    0
	    0
	    0
 4409	    5	 28.9	 19.0	  9.4	  8.2	 89.9	 41.6	0	    0
 4410	    5	 29.3	 18.8	  9.3	  8.3	 94.8	  2.5	0	    0
	    0
	    0
	    0
	    0
	    0
	    0
	    0
	    0
	    0
	    0
	    0
	    0
 4423	    5	 24.6	 17.6	  8.7	  7.5	 79.4	 39.9	0	    0
	    0
	    0
	    0
	    0
	    0
	    0
 4430	    3	 21.4	 23.6	 16.4	  3.5	 14.9	 90.4	0	    0
	    0
	    0
	    0
 4434	    5	 30.4	 18.7	  9.3	  8.6	 73.3	  4.8	0	    0
	    0
	    0
	    0
	    0
	    0
	    0
	    0
 4442	    3	 22.8	 23.5	 16.1	  3.7	 42.3	 12.0	0	    0
	    0
	    0
	    0
	    0
	    0
 4448	    5	 27.4	 18.4	  9.1	  8.0	 83.0	 40.9	0	    0
	    0
	    0
	    0
 4452	    3	 22.5	 23.6	 16.2	  3.7	  8.8	 37.1	0	    0
	    0
	    0
 4455	    3	 23.0	 24.1	 16.6	  3.7	 47.0	 94.4	0	    0
	    0
	    0
	    0
	    0
	    0
	    0
	    0
	    0
	    0
	    0
	    0
	    0
 4468	    3	 24.2	 24.3	 16.6	  3.9	 60.2	 89.2	0	    0
	    0
	    0
	    0
	    0
 4473	    5	 27.3	 18.4	  9.1	  7.9	 40.1	 47.3	0	    0
	    0
	    0
 4476	    3	 22.2	 23.5	 16.2	  3.7	 93.5	 70.4	0	    0
	    0
	    0
	    0
	    0
	    0
	    0
	    0
	    0
	    0
	    0
 4487	    3	 22.1	 23.9	 16.6	  3.6	 27.5	 70.9	0	    0
	    0
	    0
	    0
	    0
	    0
	    0
	    0
 4495	    3	 23.2	 23.4	 15.8	  3.8	 45.2	 60.1	0	    0
	    0
	    0
	    0
	    0
	    0
	    0
	    0
	    0
	    0
 4505	    3	 20.9	 23.4	 16.3	  3.5	 10.2	 55.7	0	    0
	    0
	    0
 4508	    3	 21.2	 23.0	 15.8	  3.5	  3.8	 44.1	0	    0
 4509	    5	 27.8	 18.5	  9.1	  8.0	 44.8	 13.7	1	    0
	    0
 4511	    5	 31.6	 19.6	  9.8	  8.6	 62.7	 61.8	0	    0
	    0
	    0
	    0
	    0
	    0
 4517	    5	 29.7	 19.0	  9.4	  8.4	 97.4	 20.8	0	    0
	    0
	    0
	    0
	    0
	    0
	    0
 4524	    3	 24.0	 24.4	 16.7	  3.8	 53.3	  3.4	0	    0
 4525	    3	 24.2	 23.8	 16.1	  3.9	 81.2	 16.3	0	    0
	    0
	    0
	    0
	    0
	    0
	    0
	    0
	    0
	    0
	    0
	    0
	    0
	    0
	    0
	    0
	    0
	    0
	    0
	    0
	    0
 4546	    5	 27.5	 18.3	  9.1	  8.0	 99.0	 60.3	0	    0
	    0
	    0
	    0
 4550	    5	 30.5	 18.9	  9.4	  8.5	 11.4	 69.0	0	    0
	    0
	    0
 4553	    5	 29.6	 19.0	  9.4	  8.3	 64.3	 24.9	0	    0
 4554	    3	 21.7	 23.0	 15.8	  3.6	 89.6	 93.8	0	    0
	    0
	    0
	    0
 4558	    3	 19.1	 22.1	 15.4	  3.3	 36.7	 75.6	1	    0
	    0
	    0
 4561	    3	 18.9	 22.3	 15.7	  3.3	 22.9	 48.2	0	    0
	    0
	    0
	    0
 4565	    3	 22.7	 23.8	 16.3	  3.7	 56.4	 47.5	1	    0
	    0
	    0
 4568	    3	 20.7	 22.5	 15.4	  3.5	 78.2	 75.9	1	    0
 4569	    5	 28.4	 18.7	  9.3	  8.1	 17.3	 50.3	1	    0
	    0
	    0
	    0
	    0
	    0
 4575	    3	 21.6	 23.6	 16.4	  3.6	 36.7	 65.3	0	    0
	    0
	    0
	    0
	    0
 4580	    3	 21.0	 23.4	 16.3	  3.5	 80.8	  4.2	1	    0
	    0
	    0
	    0
	    0
	    0
	    0
	    0
	    0
	    0
	    0
	    0
 4592	    3	 25.8	 24.7	 16.8	  4.1	 76.8	 44.6	0	    0
	    0
	    0
 4595	    5	 29.1	 18.5	  9.2	  8.3	 35.4	  2.1	0	    0
	    0
	    0
 4598	    3	 23.9	 24.4	 16.7	  3.8	  5.1	 39.3	0	    0
	    0
	    0
	    0
 4602	    5	 30.5	 19.1	  9.5	  8.5	 45.4	 88.7	0	    0
 4603	    3	 22.5	 23.1	 15.7	  3.7	 16.4	 12.8	1	    0
	    0
	    0
 4606	    5	 29.8	 18.6	  9.2	  8.4	 53.9	 19.8	0	    0
	    0
	    0
 4609	    3	 20.9	 23.1	 16.0	  3.5	 15.0	 82.9	0	    0
 4610	    5	 29.8	 19.4	  9.6	  8.3	  8.7	 18.2	0	    0
	    0
 4612	    5	 30.0	 18.8	  9.3	  8.4	 50.8	 66.3	0	    0
	    0
 4614	    3	 20.8	 22.5	 15.4	  3.5	  2.5	 92.7	0	    0
	    0
	    0
	    0
	    0
	    0
	    0
	    0
	    0
	    0
	    0
	    0
	    0
	    0
	    0
	    0
 4630	    3	 23.8	 24.4	 16.8	  3.8	  9.4	 84.0	0	    0
	    0
	    0
	    0
	    0
	    0
 4636	    5	 30.8	 19.2	  9.5	  8.5	 63.9	 68.6	0	    0
	    0
	    0
	    0
	    0
	    0
	    0
	    0
 4644	    5	 26.2	 18.3	  9.1	  7.7	 93.1	 91.2	1	    0
	    0
	    0
 4647	    3	 26.1	 24.9	 17.0	  4.1	 64.7	 33.2	0	    0
 4648	    5	 29.7	 19.1	  9.5	  8.3	 80.6	 83.1	0	    0
	    0
	    0
	    0
	    0
	    0
 4654	    5	 28.6	 19.2	  9.6	  8.1	 67.8	 58.9	0	    0
	    0
	    0
	    0
	    0
 4659	    5	 28.1	 18.8	  9.3	  8.0	 70.0	 61.2	0	    0
	    0
	    0
	    0
	    0
	    0
	    0
	    0
	    0
	    0
 4669	    5	 30.5	 19.4	  9.7	  8.4	 82.8	 13.4	0	    0
	    0
	    0
	    0
	    0
	    0
	    0
	    0
	    0
	    0
	    0
	    0
	    0
	    0
 4683	    3	 21.2	 23.0	 15.8	  3.5	 87.1	 23.4	1	    0
	    0
	    0
	    0
	    0
	    0
	    0
 4690	    5	 30.5	 18.9	  9.4	  8.5	 16.1	 67.5	0	    0
	    0
	    0
	    0
	    0
	    0
	    0
	    0
 4698	    5	 29.3	 19.1	  9.5	  8.2	 43.6	  4.2	0	    0
	    0
	    0
	    0
	    0
	    0
	    0
	    0
	    0
	    0
	    0
	    0
	    0
	    0
	    0
	    0
	    0
	    0
	    0
	    0
	    0
	    0
	    0
	    0
	    0
	    0
 4724	    5	 27.2	 18.2	  9.0	  7.9	 59.7	 15.7	1	    0
	    0
	    0
	    0
	    0
	    0
	    0
	    0
	    0
 4733	    3	 18.8	 22.2	 15.6	  3.2	 51.4	 98.8	0	    0
	    0
	    0
	    0
	    0
	    0
	    0
	    0
	    0
	    0
	    0
	    0
	    0
	    0
 4747	    3	 22.1	 23.5	 16.2	  3.6	 31.2	 29.4	1	    0
	    0
	    0
	    0
 4751	    5	 25.2	 18.2	  9.0	  7.5	 15.7	 93.1	0	    0
 4752	    3	 23.1	 24.1	 16.6	  3.8	 87.4	 14.6	1	    0
 4753	    3	 20.0	 22.3	 15.4	  3.4	  2.8	 83.8	1	    0
	    0
	    0
	    0
	    0
	    0
	    0
	    0
	    0
	    0
	    0
	    0
	    0
 4766	    3	 22.7	 23.8	 16.4	  3.7	 75.9	 79.7	0	    0
 4767	    5	 27.1	 18.5	  9.2	  7.9	 46.9	 78.8	0	    0
	    0
	    0
 4770	    3	 25.0	 24.7	 16.9	  4.0	 10.8	 45.7	0	    0
	    0
	    0
 4773	    3	 23.6	 24.3	 16.7	  3.8	 11.9	 82.9	1	    0
	    0
 4775	    3	 23.1	 24.2	 16.7	  3.7	 15.9	 56.0	0	    0
	    0
	    0
 4778	    5	 31.9	 19.5	  9.7	  8.7	 81.0	 31.4	0	    0
	    0
	    0
	    0
	    0
	    0
 4784	    5	 29.1	 18.7	  9.3	  8.3	 22.3	 74.9	0	    0
	    0
	    0
	    0
 4788	    3	 19.0	 22.0	 15.3	  3.3	  4.8	 65.2	0	    0
	    0
	    0
	    0
 4792	    5	 27.9	 18.8	  9.3	  8.0	  8.2	 99.6	0	    0
 4793	    5	 26.3	 17.9	  8.8	  7.8	 86.2	 55.4	1	    0
	    0
	    0
 4796	    5	 26.0	 18.4	  9.1	  7.7	 71.6	 87.4	0	    0
	    0
	    0
	    0
	    0
	    0
 4802	    5	 28.9	 18.5	  9.2	  8.3	  9.7	 24.7	0	    0
	    0
	    0
	    0
	    0
	    0
	    0
	    0
	    0
	    0
	    0
	    0
	    0
	    0
	    0
	    0
 4818	    5	 26.5	 18.3	  9.0	  7.8	 96.5	 78.5	0	    0
	    0
	    0
	    0
	    0
	    0
	    0
	    0
	    0
	    0
	    0
	    0
 4830	    3	 20.4	 22.4	 15.4	  3.5	 22.2	 39.7	0	    0
	    0
	    0
	    0
	    0
	    0
 4836	    3	 22.8	 23.4	 15.9	  3.7	 26.2	 96.3	0	    0
	    0
	    0
	    0
	    0
	    0
	    0
	    0
	    0
	    0
	    0
	    0
	    0
	    0
	    0
	    0
	    0
	    0
	    0
	    0
	    0
 4857	    5	 28.2	 18.7	  9.3	  8.1	 60.8	 78.7	0	    0
	    0
	    0
	    0
	    0
 4862	    5	 29.6	 19.1	  9.5	  8.3	 52.4	 85.0	0	    0
	    0
	    0
	    0
 4866	    3	 21.7	 23.8	 16.5	  3.6	 74.5	 71.1	0	    0
	    0
	    0
 4869	    3	 23.1	 23.5	 16.0	  3.8	 86.6	  4.8	0	    0
	    0
	    0
 4872	    3	 24.6	 24.4	 16.6	  3.9	 82.2	 35.0	0	    0
	    0
 4874	    5	 24.8	 18.2	  9.0	  7.4	 15.0	 52.5	1	    0
	    0
	    0
	    0
	    0
 4879	    3	 21.0	 23.3	 16.2	  3.5	 93.3	  2.8	0	    0
	    0
	    0
	    0
 4883	    3	 19.9	 22.0	 15.1	  3.4	 99.5	 44.5	0	    0
 4884	    5	 30.0	 18.9	  9.4	  8.4	 72.4	 70.7	1	    0
	    0
 4886	    3	 24.2	 24.2	 16.5	  3.9	 19.9	 33.3	1	    0
	    0
	    0
	    0
	    0
	    0
	    0
 4893	    3	 23.4	 24.1	 16.6	  3.8	 12.9	 22.6	0	    0
	    0
 4895	    3	 20.7	 23.4	 16.3	  3.5	 71.9	 54.9	0	    0
 4896	    3	 23.1	 23.5	 16.0	  3.8	 69.2	 16.8	0	    0
	    0
 4898	    3	 22.1	 23.2	 15.8	  3.7	 50.9	 42.8	0	    0
 4899	    3	 23.5	 24.1	 16.6	  3.8	 86.9	 52.0	0	    0
	    0
	    0
	    0
	    0
	    0
	    0
 4906	    5	 29.7	 19.3	  9.6	  8.3	  3.2	 30.6	0	    0
	    0
 4908	    3	 24.4	 24.1	 16.4	  3.9	 80.1	 90.5	0	    0
	    0
	    0
	    0
 4912	    3	 22.6	 23.4	 15.9	  3.7	 47.1	 41.4	0	    0
	    0
	    0
 4915	    3	 21.2	 23.5	 16.4	  3.5	 13.6	 62.8	0	    0
	    0
 4917	    3	 20.0	 22.4	 15.5	  3.4	 32.8	 26.9	0	    0
	    0
	    0
	    0
	    0
	    0
	    0
	    0
 4925	    5	 26.4	 18.4	  9.1	  7.7	 61.6	 15.6	0	    0
	    0
	    0
	    0
	    0
 4930	    3	 21.7	 23.6	 16.3	  3.6	 68.9	 98.1	0	    0
	    0
	    0
	    0
	    0
	    0
	    0
	    0
	    0
	    0
	    0
	    0
	    0
	    0
	    0
	    0
	    0
 4947	    3	 24.5	 24.1	 16.4	  3.9	 60.9	 78.4	0	    0
	    0
	    0
	    0
	    0
 4952	    5	 26.8	 18.6	  9.2	  7.8	 60.0	 60.6	0	    0
	    0
	    0
	    0
 4956	    5	 28.7	 18.9	  9.4	  8.2	 19.1	 36.2	0	    0
 4957	    5	 31.3	 18.8	  9.3	  8.7	  4.1	 60.5	0	    0
	    0
	    0
 4960	    5	 28.8	 18.9	  9.4	  8.2	 17.4	 63.2	0	    0
 4961	    5	 27.0	 18.6	  9.2	  7.8	 19.8	 65.5	0	    0
	    0
	    0
	    0
 4965	    5	 30.5	 19.3	  9.6	  8.5	 65.1	 81.9	0	    0
	    0
	    0
	    0
	    0
	    0
	    0
 4972	    5	 25.3	 18.3	  9.1	  7.5	 43.7	 93.5	0	    0
	    0
	    0
 4975	    3	 21.5	 23.3	 16.1	  3.6	 25.3	 31.5	0	    0
	    0
	    0
	    0
	    0
	    0
	    0
	    0
	    0
	    0
	    0
	    0
 4987	    3	 20.7	 22.8	 15.7	  3.5	 79.0	 24.0	0	    0
	    0
 4989	    3	 22.2	 23.8	 16.4	  3.6	 79.5	 68.5	0	    0
	    0
	    0
 4992	    5	 27.9	 18.7	  9.3	  8.0	 61.3	 30.5	0	    0
	    0
	    0
	    0
	    0
	    0
	    0
	    0
	    0
