Nr	Art	BHD	h	kra	kd	x	y	kenn	mort
	    0
	    0
    3	    5	 41.9	 27.5	 14.1	  9.3	 63.6	 44.7	0	    0
	    0
	    0
	    0
	    0
	    0
	    0
	    0
	    0
	    0
	    0
	    0
	    0
	    0
	    0
	    0
	    0
	    0
	    0
	    0
   23	    3	 34.9	 33.0	 24.2	  4.7	 21.4	 16.0	0	    0
	    0
	    0
	    0
	    0
	    0
	    0
	    0
	    0
	    0
	    0
	    0
	    0
	    0
	    0
	    0
	    0
   40	    5	 44.6	 27.7	 14.2	  9.7	 58.4	 85.1	0	    0
   41	    5	 40.9	 27.4	 14.0	  9.2	 42.2	 81.8	0	    0
	    0
	    0
	    0
   45	    3	 31.7	 31.8	 23.3	  4.4	 15.8	 22.8	0	    0
	    0
	    0
	    0
	    0
	    0
	    0
	    0
	    0
	    0
	    0
	    0
	    0
	    0
	    0
	    0
	    0
	    0
	    0
	    0
	    0
	    0
	    0
	    0
	    0
	    0
	    0
	    0
	    0
   74	    3	 36.7	 33.3	 24.5	  4.9	 80.9	 55.1	0	    0
	    0
	    0
	    0
	    0
	    0
	    0
	    0
	    0
	    0
   84	    5	 43.2	 27.8	 14.2	  9.5	 15.8	 78.1	0	    0
	    0
	    0
	    0
	    0
	    0
	    0
	    0
	    0
	    0
	    0
	    0
	    0
	    0
	    0
	    0
	    0
	    0
	    0
	    0
	    0
	    0
	    0
	    0
	    0
	    0
	    0
	    0
	    0
	    0
	    0
	    0
	    0
	    0
	    0
	    0
	    0
	    0
  122	    3	 32.2	 32.4	 23.9	  4.4	 50.1	 18.9	0	    0
	    0
	    0
	    0
	    0
	    0
	    0
	    0
	    0
	    0
  132	    5	 44.5	 27.8	 14.2	  9.7	  2.5	 87.9	0	    0
	    0
	    0
	    0
	    0
	    0
	    0
	    0
	    0
  141	    5	 48.2	 28.4	 14.6	 10.2	 13.0	 85.5	0	    0
	    0
	    0
  144	    5	 45.8	 28.2	 14.5	  9.9	 67.9	 48.7	0	    0
	    0
  146	    3	 35.7	 32.8	 24.0	  4.8	  4.5	 29.6	0	    0
	    0
	    0
	    0
	    0
	    0
	    0
	    0
  154	    3	 33.4	 32.3	 23.6	  4.6	 57.2	 13.6	0	    0
	    0
	    0
	    0
	    0
	    0
	    0
	    0
	    0
	    0
	    0
	    0
	    0
	    0
	    0
	    0
	    0
	    0
	    0
  173	    3	 33.7	 32.6	 23.9	  4.6	 59.4	 61.4	0	    0
	    0
	    0
	    0
	    0
	    0
	    0
	    0
	    0
	    0
	    0
	    0
	    0
	    0
	    0
	    0
	    0
	    0
  191	    5	 43.5	 27.9	 14.3	  9.5	 39.9	 11.4	1	    0
	    0
	    0
	    0
	    0
	    0
	    0
	    0
	    0
	    0
	    0
	    0
	    0
  204	    3	 32.6	 32.4	 23.8	  4.5	 36.6	 51.7	0	    0
	    0
	    0
	    0
	    0
	    0
	    0
	    0
  212	    3	 36.3	 33.0	 24.2	  4.9	 95.7	  9.3	0	    0
	    0
	    0
  215	    5	 46.3	 28.3	 14.6	  9.9	 43.0	 27.6	0	    0
	    0
	    0
	    0
	    0
	    0
	    0
	    0
	    0
	    0
	    0
	    0
	    0
	    0
	    0
	    0
	    0
	    0
	    0
	    0
	    0
	    0
	    0
	    0
	    0
	    0
	    0
	    0
	    0
	    0
	    0
	    0
	    0
	    0
	    0
	    0
  251	    3	 32.8	 31.8	 23.2	  4.5	 72.2	 27.1	0	    0
	    0
	    0
	    0
	    0
	    0
	    0
	    0
	    0
	    0
  261	    5	 45.8	 27.9	 14.3	  9.9	 35.8	 71.0	0	    0
	    0
	    0
  264	    3	 32.8	 30.8	 22.2	  4.6	 67.9	 68.9	0	    0
	    0
	    0
	    0
	    0
	    0
	    0
	    0
	    0
	    0
	    0
	    0
	    0
	    0
	    0
	    0
  280	    5	 39.5	 27.6	 14.1	  8.9	 30.3	 10.0	0	    0
	    0
	    0
	    0
	    0
	    0
	    0
	    0
	    0
	    0
	    0
	    0
	    0
	    0
	    0
	    0
	    0
	    0
	    0
	    0
	    0
	    0
	    0
	    0
	    0
	    0
	    0
	    0
	    0
	    0
	    0
	    0
  312	    3	 34.2	 32.2	 23.5	  4.7	 68.9	 24.0	0	    0
	    0
	    0
	    0
  316	    3	 34.5	 31.5	 22.8	  4.8	 99.7	 23.3	0	    0
	    0
	    0
	    0
	    0
	    0
	    0
	    0
	    0
	    0
	    0
	    0
	    0
	    0
	    0
	    0
	    0
	    0
	    0
	    0
	    0
	    0
	    0
	    0
	    0
	    0
	    0
	    0
	    0
	    0
	    0
	    0
	    0
	    0
	    0
	    0
	    0
	    0
	    0
	    0
	    0
	    0
	    0
	    0
	    0
	    0
	    0
	    0
	    0
	    0
	    0
	    0
	    0
	    0
	    0
	    0
	    0
	    0
	    0
	    0
	    0
	    0
	    0
	    0
	    0
	    0
	    0
	    0
	    0
	    0
	    0
	    0
	    0
	    0
	    0
	    0
	    0
	    0
	    0
	    0
	    0
	    0
	    0
	    0
	    0
	    0
	    0
	    0
	    0
	    0
	    0
	    0
	    0
	    0
	    0
	    0
	    0
	    0
	    0
	    0
	    0
	    0
	    0
	    0
	    0
	    0
	    0
	    0
	    0
	    0
	    0
	    0
	    0
	    0
	    0
	    0
	    0
	    0
  434	    3	 36.0	 33.2	 24.4	  4.8	 17.5	 46.9	0	    0
	    0
	    0
	    0
	    0
	    0
	    0
	    0
	    0
	    0
	    0
	    0
	    0
	    0
	    0
	    0
	    0
	    0
	    0
	    0
	    0
	    0
	    0
	    0
	    0
	    0
	    0
	    0
	    0
	    0
	    0
	    0
	    0
	    0
	    0
  469	    3	 35.6	 33.2	 24.4	  4.8	 75.5	 70.3	0	    0
	    0
	    0
	    0
	    0
	    0
	    0
	    0
	    0
	    0
	    0
	    0
	    0
	    0
	    0
  484	    3	 33.7	 31.7	 23.0	  4.6	 27.2	 50.0	0	    0
	    0
	    0
	    0
	    0
  489	    5	 40.6	 27.3	 14.0	  9.1	 32.1	 57.3	0	    0
  490	    5	 46.9	 28.4	 14.6	 10.0	 43.8	 32.9	0	    0
  491	    3	 32.6	 32.4	 23.8	  4.5	 60.6	 55.1	0	    0
	    0
	    0
	    0
	    0
	    0
  497	    3	 36.1	 33.2	 24.4	  4.8	 38.1	 36.8	0	    0
	    0
	    0
	    0
	    0
	    0
	    0
	    0
	    0
	    0
	    0
	    0
	    0
	    0
	    0
	    0
	    0
  514	    3	 35.4	 32.9	 24.1	  4.8	 50.6	 57.8	0	    0
	    0
	    0
	    0
	    0
	    0
	    0
	    0
	    0
	    0
	    0
	    0
	    0
	    0
	    0
	    0
	    0
	    0
	    0
	    0
	    0
	    0
	    0
	    0
	    0
  539	    3	 33.3	 32.1	 23.5	  4.6	 12.4	 63.3	0	    0
	    0
	    0
	    0
	    0
	    0
	    0
	    0
  547	    3	 36.4	 33.1	 24.3	  4.9	 36.6	 77.0	0	    0
	    0
	    0
	    0
	    0
	    0
	    0
	    0
	    0
	    0
	    0
	    0
	    0
	    0
	    0
	    0
	    0
	    0
	    0
	    0
	    0
	    0
	    0
	    0
	    0
	    0
	    0
  574	    5	 40.1	 27.5	 14.0	  9.0	 14.9	 51.1	0	    0
	    0
	    0
	    0
	    0
	    0
	    0
	    0
	    0
	    0
	    0
	    0
	    0
	    0
	    0
	    0
	    0
	    0
	    0
	    0
	    0
	    0
	    0
	    0
	    0
	    0
	    0
	    0
	    0
	    0
	    0
	    0
	    0
	    0
	    0
	    0
	    0
	    0
	    0
	    0
	    0
	    0
  616	    3	 34.7	 32.8	 24.1	  4.7	 50.9	 34.1	0	    0
	    0
	    0
	    0
	    0
	    0
	    0
	    0
  624	    5	 43.4	 27.7	 14.2	  9.5	 52.2	 50.3	0	    0
	    0
	    0
	    0
	    0
	    0
	    0
	    0
  632	    3	 31.9	 31.7	 23.1	  4.4	 56.6	 50.2	1	    0
	    0
	    0
	    0
	    0
	    0
	    0
	    0
	    0
	    0
	    0
	    0
	    0
	    0
	    0
	    0
	    0
	    0
	    0
	    0
	    0
	    0
	    0
	    0
	    0
	    0
  658	    5	 45.3	 27.7	 14.2	  9.8	 20.2	 58.3	0	    0
	    0
	    0
	    0
  662	    5	 51.8	 29.1	 15.1	 10.7	 86.1	 33.8	0	    0
	    0
	    0
  665	    3	 36.0	 33.1	 24.3	  4.8	 54.5	 96.8	0	    0
	    0
	    0
	    0
	    0
	    0
	    0
	    0
	    0
	    0
	    0
	    0
  677	    5	 37.1	 26.5	 13.5	  8.6	 59.5	  6.5	0	    0
	    0
	    0
	    0
	    0
	    0
	    0
	    0
  685	    5	 40.3	 27.4	 14.0	  9.1	 16.7	 75.0	0	    0
	    0
	    0
	    0
	    0
	    0
	    0
  692	    3	 33.8	 32.3	 23.6	  4.6	 17.4	 92.4	0	    0
	    0
	    0
	    0
	    0
	    0
	    0
	    0
	    0
	    0
	    0
	    0
	    0
	    0
	    0
	    0
	    0
	    0
	    0
	    0
	    0
	    0
	    0
	    0
	    0
	    0
	    0
	    0
	    0
  721	    3	 35.4	 32.5	 23.8	  4.8	  1.5	  2.5	0	    0
	    0
	    0
	    0
	    0
	    0
	    0
	    0
	    0
	    0
	    0
	    0
	    0
	    0
	    0
	    0
	    0
	    0
	    0
	    0
	    0
  742	    5	 44.0	 27.7	 14.2	  9.6	 54.6	 77.6	0	    0
	    0
	    0
	    0
	    0
	    0
	    0
	    0
	    0
	    0
	    0
	    0
	    0
	    0
	    0
	    0
	    0
	    0
	    0
	    0
	    0
	    0
	    0
	    0
	    0
	    0
	    0
	    0
	    0
	    0
	    0
	    0
	    0
	    0
	    0
	    0
	    0
	    0
	    0
	    0
	    0
	    0
	    0
	    0
	    0
	    0
	    0
	    0
	    0
	    0
	    0
	    0
	    0
	    0
	    0
	    0
	    0
	    0
	    0
	    0
	    0
	    0
	    0
  805	    5	 45.4	 27.6	 14.1	  9.9	 98.9	 91.3	0	    0
	    0
	    0
	    0
	    0
	    0
	    0
	    0
	    0
	    0
	    0
	    0
	    0
	    0
	    0
	    0
	    0
	    0
	    0
	    0
	    0
	    0
	    0
	    0
	    0
	    0
	    0
	    0
	    0
	    0
	    0
  836	    3	 33.2	 31.7	 23.1	  4.6	 26.1	 83.7	1	    0
	    0
	    0
	    0
	    0
	    0
	    0
	    0
	    0
	    0
	    0
	    0
	    0
	    0
	    0
	    0
	    0
	    0
  854	    5	 50.8	 28.9	 14.9	 10.6	 89.4	 13.2	1	    0
	    0
	    0
	    0
	    0
	    0
	    0
	    0
	    0
	    0
	    0
	    0
	    0
	    0
	    0
	    0
	    0
	    0
  872	    5	 46.2	 28.0	 14.4	 10.0	 88.0	 18.2	0	    0
	    0
	    0
  875	    5	 42.0	 27.0	 13.8	  9.4	 49.8	 80.2	1	    0
	    0
	    0
	    0
  879	    3	 33.9	 32.8	 24.1	  4.6	 39.7	 14.7	0	    0
	    0
	    0
	    0
	    0
	    0
	    0
	    0
	    0
	    0
	    0
	    0
	    0
	    0
	    0
	    0
	    0
	    0
	    0
	    0
	    0
	    0
	    0
	    0
	    0
	    0
	    0
	    0
	    0
	    0
	    0
	    0
	    0
	    0
	    0
	    0
	    0
	    0
	    0
	    0
	    0
	    0
	    0
	    0
	    0
	    0
	    0
	    0
	    0
	    0
	    0
	    0
	    0
  932	    5	 44.0	 27.7	 14.2	  9.6	  5.6	 85.0	0	    0
	    0
	    0
	    0
	    0
	    0
	    0
	    0
	    0
	    0
	    0
	    0
	    0
	    0
	    0
	    0
	    0
	    0
	    0
	    0
	    0
	    0
	    0
	    0
	    0
	    0
	    0
	    0
	    0
	    0
	    0
	    0
	    0
	    0
  966	    3	 34.2	 32.4	 23.7	  4.7	 77.3	  7.6	1	    0
	    0
	    0
	    0
	    0
	    0
	    0
  973	    3	 36.8	 32.2	 23.4	  5.0	 36.8	 97.4	0	    0
	    0
	    0
	    0
	    0
	    0
	    0
	    0
	    0
	    0
	    0
	    0
	    0
	    0
	    0
	    0
	    0
  990	    3	 32.6	 31.6	 23.0	  4.5	 13.0	 72.5	0	    0
	    0
  992	    3	 33.6	 32.3	 23.7	  4.6	 42.6	 23.4	0	    0
	    0
	    0
	    0
	    0
	    0
	    0
  999	    5	 39.4	 27.0	 13.8	  9.0	 71.1	 77.7	0	    0
	    0
	    0
	    0
	    0
	    0
	    0
	    0
	    0
	    0
	    0
	    0
	    0
	    0
	    0
	    0
	    0
	    0
	    0
	    0
	    0
	    0
	    0
	    0
	    0
 1024	    5	 42.6	 27.4	 14.0	  9.4	 96.3	 52.1	1	    0
	    0
	    0
	    0
	    0
	    0
	    0
	    0
	    0
	    0
	    0
	    0
	    0
	    0
	    0
	    0
	    0
 1041	    3	 33.8	 32.6	 24.0	  4.6	 97.2	  7.1	0	    0
	    0
	    0
	    0
	    0
	    0
	    0
	    0
	    0
	    0
	    0
	    0
	    0
	    0
	    0
	    0
	    0
	    0
	    0
	    0
	    0
	    0
	    0
	    0
	    0
	    0
	    0
	    0
	    0
	    0
	    0
	    0
	    0
	    0
	    0
	    0
	    0
	    0
	    0
	    0
	    0
	    0
	    0
	    0
	    0
	    0
	    0
	    0
	    0
	    0
 1091	    5	 40.1	 27.6	 14.1	  9.0	 41.2	 35.3	0	    0
	    0
	    0
	    0
	    0
	    0
	    0
	    0
 1099	    3	 34.7	 32.8	 24.1	  4.7	 97.3	 29.2	0	    0
	    0
	    0
	    0
	    0
	    0
	    0
	    0
	    0
	    0
	    0
	    0
	    0
	    0
	    0
	    0
	    0
	    0
	    0
	    0
	    0
	    0
	    0
	    0
	    0
	    0
	    0
	    0
	    0
	    0
	    0
	    0
	    0
	    0
	    0
	    0
 1135	    3	 34.1	 32.4	 23.7	  4.7	 56.9	 93.2	0	    0
	    0
	    0
 1138	    3	 31.6	 31.6	 23.1	  4.4	 27.6	  7.6	0	    0
	    0
	    0
	    0
	    0
	    0
	    0
	    0
	    0
	    0
	    0
	    0
	    0
	    0
	    0
	    0
	    0
	    0
	    0
	    0
	    0
	    0
	    0
	    0
	    0
	    0
	    0
	    0
	    0
	    0
 1168	    5	 45.9	 27.9	 14.3	  9.9	 15.5	 33.3	0	    0
	    0
	    0
	    0
	    0
	    0
	    0
	    0
	    0
	    0
	    0
	    0
	    0
	    0
	    0
	    0
	    0
	    0
	    0
	    0
	    0
	    0
 1190	    5	 41.9	 27.6	 14.1	  9.3	  5.1	  7.4	0	    0
	    0
	    0
	    0
	    0
	    0
	    0
	    0
	    0
	    0
	    0
	    0
	    0
	    0
	    0
	    0
	    0
	    0
	    0
	    0
	    0
	    0
	    0
	    0
	    0
	    0
	    0
 1217	    3	 34.6	 32.7	 24.0	  4.7	 30.4	 88.5	0	    0
	    0
	    0
	    0
 1221	    5	 39.6	 27.2	 13.9	  9.0	 39.7	 30.4	0	    0
	    0
	    0
	    0
	    0
	    0
	    0
	    0
	    0
	    0
	    0
	    0
	    0
	    0
	    0
	    0
	    0
	    0
	    0
	    0
 1241	    5	 42.1	 27.9	 14.3	  9.3	 58.9	 76.9	0	    0
	    0
	    0
	    0
	    0
	    0
	    0
	    0
	    0
	    0
	    0
	    0
	    0
	    0
 1255	    5	 45.9	 28.5	 14.7	  9.8	 30.4	 12.2	0	    0
	    0
	    0
	    0
	    0
	    0
	    0
	    0
	    0
	    0
	    0
	    0
	    0
	    0
	    0
	    0
	    0
	    0
 1273	    3	 34.8	 33.0	 24.2	  4.7	  7.1	 54.0	0	    0
 1274	    5	 38.0	 27.2	 13.9	  8.7	 58.3	 71.6	0	    0
	    0
	    0
	    0
	    0
	    0
	    0
	    0
	    0
	    0
	    0
	    0
	    0
	    0
	    0
	    0
	    0
	    0
	    0
	    0
	    0
	    0
 1296	    3	 32.3	 32.1	 23.5	  4.5	 94.9	 69.0	0	    0
	    0
	    0
	    0
 1300	    5	 44.0	 27.8	 14.2	  9.6	 68.4	 82.3	0	    0
 1301	    5	 40.8	 27.5	 14.1	  9.1	 84.8	 28.9	0	    0
	    0
	    0
	    0
	    0
	    0
	    0
	    0
	    0
	    0
	    0
	    0
	    0
	    0
	    0
	    0
 1317	    3	 31.7	 31.9	 23.4	  4.4	 66.1	 15.4	0	    0
	    0
	    0
	    0
	    0
	    0
	    0
	    0
 1325	    3	 36.1	 33.1	 24.3	  4.8	 35.4	 73.3	0	    0
	    0
	    0
	    0
	    0
	    0
	    0
	    0
 1333	    3	 32.9	 32.4	 23.8	  4.5	  0.2	 10.9	0	    0
	    0
	    0
	    0
	    0
	    0
	    0
	    0
	    0
	    0
	    0
	    0
 1345	    3	 35.1	 32.9	 24.2	  4.7	 50.6	 52.9	0	    0
	    0
	    0
	    0
	    0
	    0
	    0
	    0
	    0
	    0
 1355	    3	 35.6	 32.1	 23.3	  4.9	 78.3	 87.3	0	    0
	    0
	    0
 1358	    3	 35.5	 32.9	 24.1	  4.8	  4.8	 18.5	0	    0
	    0
	    0
	    0
 1362	    3	 35.5	 33.0	 24.2	  4.8	 38.5	 90.0	0	    0
	    0
	    0
	    0
	    0
	    0
	    0
	    0
	    0
	    0
	    0
	    0
	    0
	    0
	    0
	    0
	    0
	    0
	    0
	    0
	    0
	    0
	    0
	    0
	    0
	    0
	    0
	    0
	    0
	    0
 1392	    3	 33.1	 32.2	 23.6	  4.5	 17.1	 95.7	0	    0
	    0
	    0
	    0
	    0
	    0
 1398	    5	 38.7	 26.8	 13.7	  8.9	 25.8	 10.0	0	    0
	    0
	    0
	    0
	    0
	    0
	    0
	    0
	    0
	    0
	    0
	    0
	    0
	    0
	    0
	    0
	    0
	    0
	    0
	    0
	    0
	    0
	    0
	    0
	    0
	    0
	    0
	    0
 1426	    5	 44.5	 27.9	 14.3	  9.7	 28.8	 50.2	0	    0
	    0
	    0
	    0
	    0
	    0
 1432	    5	 38.0	 27.0	 13.7	  8.7	 80.8	 14.1	0	    0
	    0
	    0
	    0
	    0
	    0
	    0
	    0
	    0
 1441	    3	 33.2	 31.7	 23.0	  4.6	 78.9	 49.1	0	    0
	    0
	    0
	    0
	    0
 1446	    3	 32.9	 32.1	 23.5	  4.5	 58.6	 91.4	0	    0
	    0
	    0
	    0
	    0
	    0
	    0
	    0
	    0
	    0
	    0
	    0
	    0
	    0
	    0
	    0
	    0
 1463	    5	 44.6	 27.7	 14.2	  9.7	 40.7	 41.2	1	    0
	    0
	    0
	    0
	    0
	    0
	    0
	    0
	    0
	    0
	    0
	    0
	    0
	    0
	    0
	    0
	    0
	    0
	    0
	    0
	    0
	    0
	    0
	    0
	    0
	    0
	    0
	    0
	    0
	    0
 1493	    3	 32.9	 31.7	 23.1	  4.6	  6.2	  9.4	1	    0
	    0
	    0
 1496	    3	 33.8	 32.1	 23.4	  4.6	 33.6	 63.6	0	    0
	    0
	    0
	    0
	    0
	    0
	    0
	    0
	    0
 1505	    3	 33.3	 32.4	 23.7	  4.6	 97.2	 44.4	0	    0
	    0
	    0
	    0
	    0
	    0
	    0
	    0
	    0
	    0
	    0
	    0
	    0
	    0
	    0
	    0
	    0
	    0
	    0
	    0
	    0
	    0
	    0
	    0
	    0
 1530	    5	 39.8	 27.1	 13.8	  9.0	 60.6	 43.3	0	    0
	    0
	    0
	    0
	    0
	    0
	    0
	    0
	    0
	    0
	    0
	    0
	    0
	    0
	    0
	    0
	    0
	    0
	    0
	    0
	    0
 1551	    5	 42.8	 27.7	 14.2	  9.4	 19.6	 93.9	0	    0
	    0
 1553	    5	 44.9	 27.9	 14.3	  9.8	 31.3	 59.6	0	    0
	    0
 1555	    3	 33.1	 31.8	 23.2	  4.6	 23.9	 96.4	0	    0
 1556	    3	 35.0	 32.9	 24.2	  4.7	 94.1	 59.7	0	    0
	    0
	    0
	    0
	    0
	    0
	    0
	    0
	    0
	    0
	    0
	    0
	    0
	    0
	    0
 1571	    3	 33.8	 32.5	 23.8	  4.6	 80.2	 36.7	0	    0
	    0
	    0
	    0
	    0
	    0
	    0
	    0
	    0
	    0
	    0
	    0
	    0
	    0
	    0
	    0
	    0
	    0
	    0
	    0
	    0
	    0
	    0
	    0
	    0
	    0
	    0
	    0
	    0
	    0
	    0
	    0
	    0
 1604	    3	 35.4	 33.1	 24.4	  4.8	 23.9	 19.3	0	    0
	    0
 1606	    3	 32.5	 32.0	 23.4	  4.5	 50.5	 37.9	0	    0
	    0
	    0
	    0
	    0
	    0
	    0
	    0
	    0
	    0
	    0
	    0
	    0
	    0
	    0
	    0
 1622	    3	 32.5	 32.1	 23.5	  4.5	 50.3	 70.3	0	    0
	    0
	    0
 1625	    5	 41.7	 27.7	 14.2	  9.3	 60.4	 50.9	0	    0
	    0
	    0
 1628	    5	 44.6	 27.9	 14.3	  9.7	 43.5	 86.1	0	    0
	    0
	    0
 1631	    5	 43.3	 27.9	 14.3	  9.5	 21.9	 70.1	0	    0
	    0
	    0
	    0
	    0
	    0
	    0
	    0
	    0
	    0
	    0
	    0
	    0
	    0
	    0
	    0
	    0
	    0
	    0
	    0
	    0
	    0
	    0
	    0
	    0
	    0
	    0
	    0
	    0
	    0
	    0
	    0
	    0
	    0
	    0
	    0
	    0
	    0
	    0
	    0
	    0
	    0
	    0
	    0
	    0
	    0
	    0
	    0
 1679	    3	 36.4	 32.8	 24.0	  4.9	 44.8	 32.3	0	    0
	    0
	    0
	    0
	    0
	    0
	    0
	    0
	    0
	    0
	    0
 1690	    3	 34.6	 32.9	 24.2	  4.7	 56.8	 81.8	0	    0
 1691	    3	 34.8	 32.9	 24.2	  4.7	 27.5	 40.9	0	    0
	    0
	    0
	    0
	    0
	    0
	    0
	    0
 1699	    3	 36.5	 33.3	 24.5	  4.9	 88.7	 43.6	0	    0
 1700	    5	 44.1	 27.5	 14.1	  9.7	 77.5	  5.0	0	    0
	    0
	    0
	    0
	    0
	    0
	    0
	    0
	    0
	    0
	    0
	    0
	    0
	    0
	    0
	    0
	    0
	    0
	    0
	    0
	    0
	    0
	    0
	    0
	    0
	    0
	    0
	    0
 1728	    3	 33.6	 32.5	 23.8	  4.6	 28.9	 46.4	0	    0
	    0
	    0
	    0
	    0
	    0
	    0
	    0
	    0
	    0
	    0
	    0
	    0
	    0
	    0
	    0
	    0
	    0
	    0
	    0
	    0
	    0
	    0
	    0
	    0
	    0
	    0
	    0
	    0
	    0
	    0
	    0
 1760	    3	 36.4	 33.2	 24.4	  4.9	 65.6	 71.3	0	    0
	    0
	    0
	    0
 1764	    3	 34.7	 32.7	 23.9	  4.7	 24.3	 98.5	0	    0
	    0
	    0
	    0
	    0
	    0
	    0
	    0
	    0
	    0
	    0
	    0
	    0
 1777	    3	 35.8	 33.1	 24.4	  4.8	 65.0	 56.2	0	    0
	    0
	    0
	    0
	    0
	    0
 1783	    5	 41.6	 27.7	 14.2	  9.2	 32.9	 95.0	0	    0
	    0
	    0
	    0
	    0
	    0
	    0
	    0
	    0
 1792	    5	 46.5	 28.2	 14.5	 10.0	 39.3	 65.5	0	    0
	    0
	    0
	    0
	    0
	    0
	    0
	    0
	    0
	    0
	    0
	    0
	    0
	    0
	    0
	    0
	    0
	    0
 1810	    5	 38.2	 27.4	 14.0	  8.7	 21.7	 89.6	0	    0
	    0
	    0
	    0
	    0
	    0
	    0
 1817	    5	 49.1	 28.7	 14.8	 10.3	 11.3	 44.1	0	    0
	    0
	    0
	    0
	    0
	    0
	    0
	    0
	    0
	    0
	    0
	    0
	    0
	    0
	    0
	    0
	    0
	    0
	    0
	    0
	    0
 1838	    5	 42.0	 27.7	 14.1	  9.3	 85.3	 64.3	0	    0
	    0
 1840	    5	 40.4	 27.1	 13.8	  9.1	 73.0	 75.0	0	    0
	    0
	    0
	    0
	    0
	    0
	    0
	    0
	    0
	    0
	    0
	    0
	    0
	    0
	    0
	    0
	    0
	    0
	    0
	    0
	    0
	    0
	    0
	    0
	    0
	    0
	    0
	    0
	    0
	    0
	    0
	    0
	    0
	    0
	    0
	    0
	    0
 1877	    3	 37.5	 33.5	 24.7	  5.0	 33.5	 52.2	0	    0
	    0
	    0
	    0
	    0
	    0
	    0
	    0
	    0
	    0
	    0
	    0
	    0
	    0
	    0
	    0
	    0
	    0
	    0
	    0
	    0
	    0
	    0
	    0
	    0
	    0
	    0
	    0
	    0
	    0
	    0
	    0
	    0
	    0
	    0
	    0
	    0
	    0
	    0
 1916	    3	 35.5	 33.1	 24.4	  4.8	 66.4	 64.0	0	    0
	    0
	    0
 1919	    5	 44.6	 28.2	 14.4	  9.7	 76.1	 65.1	0	    0
	    0
	    0
	    0
	    0
	    0
	    0
	    0
	    0
	    0
	    0
	    0
	    0
	    0
	    0
	    0
	    0
	    0
	    0
	    0
 1939	    5	 45.8	 28.0	 14.4	  9.9	 35.2	 39.9	0	    0
	    0
	    0
	    0
	    0
	    0
	    0
	    0
	    0
	    0
	    0
	    0
	    0
	    0
	    0
 1954	    3	 35.3	 33.0	 24.2	  4.8	 85.9	 60.3	0	    0
 1955	    5	 44.4	 27.5	 14.1	  9.7	 94.1	 35.2	0	    0
	    0
	    0
	    0
	    0
	    0
	    0
	    0
	    0
	    0
	    0
	    0
	    0
	    0
	    0
	    0
	    0
	    0
	    0
 1974	    3	 32.9	 31.8	 23.2	  4.5	 42.5	 14.2	0	    0
	    0
	    0
 1977	    5	 40.7	 27.3	 14.0	  9.1	 76.5	 17.4	0	    0
	    0
	    0
	    0
	    0
	    0
 1983	    5	 45.8	 27.9	 14.3	  9.9	  9.5	  0.4	1	    0
	    0
	    0
	    0
	    0
	    0
	    0
 1990	    3	 31.7	 32.3	 23.7	  4.4	 89.3	 94.1	0	    0
	    0
	    0
	    0
	    0
	    0
	    0
	    0
	    0
	    0
	    0
	    0
	    0
	    0
	    0
	    0
	    0
	    0
	    0
	    0
	    0
	    0
	    0
	    0
	    0
	    0
	    0
	    0
	    0
	    0
	    0
	    0
	    0
	    0
	    0
	    0
	    0
	    0
 2028	    3	 33.2	 31.8	 23.2	  4.6	 95.3	 50.7	0	    0
	    0
	    0
	    0
	    0
	    0
	    0
	    0
	    0
	    0
	    0
	    0
	    0
	    0
	    0
	    0
	    0
	    0
	    0
	    0
	    0
	    0
	    0
	    0
	    0
	    0
	    0
	    0
	    0
	    0
	    0
	    0
	    0
	    0
	    0
	    0
 2064	    3	 35.1	 32.9	 24.2	  4.7	 51.6	 24.9	0	    0
	    0
	    0
	    0
	    0
	    0
	    0
	    0
	    0
	    0
	    0
	    0
	    0
	    0
	    0
	    0
	    0
 2081	    3	 35.2	 33.0	 24.2	  4.8	  5.2	 81.8	0	    0
	    0
	    0
	    0
	    0
	    0
	    0
	    0
	    0
	    0
	    0
	    0
	    0
	    0
	    0
 2096	    3	 33.1	 32.1	 23.5	  4.6	 78.6	 62.4	0	    0
	    0
	    0
	    0
	    0
	    0
	    0
	    0
	    0
	    0
	    0
	    0
	    0
	    0
	    0
	    0
	    0
	    0
	    0
	    0
 2116	    5	 43.8	 28.1	 14.4	  9.6	 24.3	 35.0	0	    0
	    0
	    0
	    0
	    0
	    0
	    0
	    0
	    0
	    0
	    0
	    0
 2128	    3	 34.3	 32.5	 23.8	  4.7	 79.3	 57.7	0	    0
	    0
	    0
	    0
	    0
	    0
	    0
	    0
 2136	    5	 42.7	 27.7	 14.1	  9.4	 26.0	 37.6	1	    0
	    0
	    0
	    0
	    0
 2141	    5	 47.7	 28.4	 14.6	 10.2	 80.2	 45.9	0	    0
	    0
	    0
	    0
	    0
	    0
	    0
	    0
	    0
	    0
	    0
	    0
	    0
	    0
	    0
	    0
 2157	    5	 42.8	 27.4	 14.0	  9.5	 85.0	 40.1	0	    0
	    0
	    0
	    0
	    0
	    0
	    0
	    0
	    0
	    0
	    0
 2168	    3	 34.1	 32.4	 23.7	  4.7	 65.9	 57.9	0	    0
	    0
	    0
	    0
	    0
	    0
	    0
	    0
	    0
	    0
	    0
	    0
	    0
	    0
	    0
	    0
	    0
	    0
	    0
	    0
	    0
	    0
	    0
	    0
	    0
	    0
	    0
	    0
	    0
	    0
	    0
	    0
	    0
	    0
	    0
	    0
	    0
	    0
	    0
	    0
	    0
	    0
	    0
	    0
	    0
	    0
	    0
	    0
	    0
	    0
	    0
	    0
	    0
	    0
	    0
	    0
	    0
	    0
	    0
	    0
	    0
	    0
	    0
	    0
	    0
	    0
	    0
	    0
	    0
	    0
	    0
	    0
	    0
	    0
	    0
	    0
	    0
	    0
	    0
	    0
 2248	    5	 49.8	 28.3	 14.6	 10.5	 10.1	 97.6	0	    0
	    0
	    0
	    0
	    0
	    0
	    0
	    0
	    0
	    0
	    0
	    0
	    0
	    0
	    0
	    0
	    0
	    0
	    0
	    0
	    0
	    0
	    0
	    0
	    0
	    0
	    0
	    0
	    0
	    0
	    0
	    0
 2280	    3	 32.8	 32.0	 23.4	  4.5	 22.4	 64.0	0	    0
	    0
	    0
 2283	    5	 41.6	 27.1	 13.8	  9.3	 69.2	 14.6	1	    0
	    0
	    0
	    0
	    0
	    0
	    0
	    0
	    0
	    0
	    0
	    0
 2295	    3	 35.9	 33.1	 24.3	  4.8	 99.3	 93.7	0	    0
	    0
	    0
	    0
	    0
	    0
	    0
	    0
	    0
	    0
	    0
 2306	    3	 32.2	 31.1	 22.5	  4.5	  0.6	 56.2	1	    0
	    0
	    0
	    0
	    0
	    0
	    0
	    0
	    0
	    0
	    0
	    0
	    0
	    0
	    0
	    0
	    0
	    0
	    0
	    0
	    0
	    0
	    0
	    0
	    0
	    0
	    0
	    0
 2334	    3	 35.9	 33.1	 24.3	  4.8	 54.7	 61.9	0	    0
	    0
	    0
	    0
	    0
	    0
	    0
	    0
	    0
	    0
	    0
	    0
	    0
	    0
	    0
	    0
	    0
	    0
	    0
	    0
	    0
	    0
	    0
	    0
	    0
	    0
	    0
 2361	    3	 31.3	 31.7	 23.2	  4.4	 49.7	 71.2	0	    0
	    0
	    0
	    0
	    0
	    0
	    0
	    0
	    0
	    0
	    0
	    0
	    0
 2374	    3	 34.1	 32.6	 23.9	  4.6	 68.1	 51.8	0	    0
	    0
	    0
	    0
	    0
	    0
	    0
	    0
	    0
	    0
	    0
	    0
	    0
	    0
	    0
	    0
	    0
	    0
	    0
	    0
	    0
	    0
	    0
	    0
	    0
	    0
 2400	    5	 42.6	 27.6	 14.1	  9.4	 95.3	 26.5	0	    0
	    0
 2402	    5	 44.0	 27.5	 14.1	  9.7	 78.0	 32.4	0	    0
	    0
 2404	    5	 45.4	 28.0	 14.4	  9.8	 94.5	 85.9	0	    0
 2405	    5	 43.9	 28.0	 14.3	  9.6	 31.6	 93.0	0	    0
	    0
	    0
 2408	    5	 42.0	 27.2	 13.9	  9.4	 75.3	 91.1	1	    0
	    0
	    0
	    0
	    0
 2413	    3	 31.8	 32.0	 23.4	  4.4	 88.0	  8.3	0	    0
	    0
	    0
	    0
	    0
	    0
	    0
	    0
	    0
	    0
	    0
	    0
 2425	    3	 33.7	 32.4	 23.8	  4.6	 95.6	 74.0	0	    0
	    0
	    0
	    0
	    0
	    0
	    0
	    0
	    0
	    0
	    0
 2436	    5	 42.4	 27.8	 14.3	  9.4	 71.7	 62.8	0	    0
	    0
	    0
	    0
	    0
	    0
	    0
	    0
	    0
	    0
	    0
	    0
	    0
	    0
	    0
	    0
	    0
	    0
	    0
	    0
	    0
	    0
 2458	    5	 46.2	 28.1	 14.4	  9.9	 92.1	  4.4	0	    0
	    0
 2460	    3	 33.1	 31.7	 23.1	  4.6	 50.1	 92.2	0	    0
	    0
	    0
 2463	    3	 35.1	 33.0	 24.3	  4.7	 77.3	 21.6	0	    0
	    0
	    0
	    0
	    0
	    0
	    0
	    0
	    0
	    0
	    0
	    0
	    0
 2476	    3	 33.7	 32.6	 23.9	  4.6	 98.2	 22.5	0	    0
	    0
 2478	    5	 46.7	 28.4	 14.6	 10.0	 56.0	 70.4	0	    0
	    0
	    0
	    0
 2482	    5	 43.2	 27.8	 14.2	  9.5	 52.1	 46.0	0	    0
	    0
 2484	    5	 38.3	 27.0	 13.8	  8.8	 18.3	 70.9	0	    0
	    0
	    0
	    0
	    0
	    0
	    0
	    0
	    0
	    0
	    0
	    0
	    0
	    0
	    0
	    0
	    0
	    0
	    0
	    0
	    0
	    0
	    0
	    0
	    0
	    0
	    0
	    0
	    0
	    0
	    0
	    0
	    0
	    0
	    0
	    0
	    0
	    0
	    0
	    0
	    0
	    0
	    0
	    0
	    0
	    0
	    0
	    0
 2532	    3	 36.7	 33.4	 24.6	  4.9	 92.3	 76.8	0	    0
	    0
	    0
	    0
	    0
	    0
	    0
	    0
	    0
	    0
	    0
	    0
	    0
	    0
	    0
	    0
	    0
	    0
	    0
	    0
	    0
	    0
	    0
	    0
	    0
	    0
	    0
	    0
	    0
	    0
	    0
	    0
	    0
	    0
	    0
	    0
	    0
	    0
	    0
	    0
 2572	    3	 33.9	 30.3	 21.7	  4.8	 50.9	 59.1	0	    0
	    0
	    0
	    0
	    0
	    0
 2578	    3	 35.6	 33.1	 24.3	  4.8	 19.2	 75.6	0	    0
	    0
	    0
	    0
	    0
	    0
	    0
	    0
	    0
	    0
	    0
	    0
	    0
	    0
	    0
	    0
	    0
	    0
	    0
	    0
	    0
	    0
	    0
 2601	    3	 31.6	 31.3	 22.8	  4.4	 24.7	 71.8	1	    0
	    0
	    0
	    0
	    0
	    0
	    0
	    0
	    0
	    0
	    0
	    0
	    0
	    0
 2615	    3	 33.9	 32.2	 23.5	  4.7	 13.5	 61.0	0	    0
	    0
 2617	    5	 40.2	 27.4	 14.0	  9.1	 60.1	 66.5	1	    0
	    0
	    0
	    0
 2621	    3	 29.6	 30.7	 22.4	  4.2	  2.5	 52.9	0	    0
	    0
	    0
	    0
	    0
	    0
	    0
	    0
	    0
	    0
 2631	    5	 41.8	 27.9	 14.3	  9.3	 60.1	 78.0	0	    0
	    0
	    0
	    0
	    0
	    0
	    0
	    0
	    0
	    0
	    0
 2642	    5	 44.9	 27.9	 14.3	  9.8	 45.4	 37.8	0	    0
 2643	    3	 34.3	 32.8	 24.1	  4.7	 84.6	 95.0	0	    0
	    0
	    0
	    0
	    0
	    0
	    0
	    0
	    0
 2652	    5	 38.6	 27.2	 13.9	  8.8	 19.3	 68.1	0	    0
	    0
	    0
	    0
	    0
	    0
	    0
	    0
	    0
 2661	    3	 34.2	 32.6	 23.9	  4.7	 35.4	 85.7	0	    0
	    0
	    0
	    0
	    0
	    0
	    0
	    0
	    0
	    0
	    0
	    0
	    0
	    0
	    0
	    0
	    0
	    0
	    0
	    0
	    0
	    0
	    0
	    0
	    0
	    0
	    0
	    0
	    0
	    0
	    0
	    0
	    0
	    0
	    0
	    0
	    0
	    0
	    0
	    0
	    0
	    0
	    0
	    0
	    0
	    0
	    0
 2708	    5	 44.7	 28.0	 14.4	  9.7	 88.5	 38.4	0	    0
	    0
	    0
	    0
	    0
	    0
	    0
	    0
	    0
	    0
	    0
	    0
	    0
	    0
	    0
	    0
	    0
	    0
	    0
	    0
	    0
	    0
	    0
	    0
	    0
	    0
	    0
	    0
	    0
	    0
	    0
	    0
 2740	    5	 48.4	 28.3	 14.5	 10.3	 72.1	 50.7	0	    0
	    0
	    0
	    0
	    0
	    0
	    0
	    0
	    0
	    0
	    0
	    0
	    0
	    0
	    0
 2755	    3	 34.0	 32.6	 23.9	  4.6	 84.4	 69.7	0	    0
	    0
	    0
	    0
	    0
	    0
	    0
	    0
	    0
	    0
	    0
	    0
	    0
	    0
	    0
	    0
	    0
	    0
	    0
	    0
	    0
	    0
	    0
	    0
 2779	    5	 38.0	 26.9	 13.7	  8.7	 50.5	  6.1	0	    0
	    0
	    0
	    0
	    0
	    0
	    0
	    0
	    0
	    0
	    0
	    0
	    0
	    0
	    0
	    0
 2795	    5	 45.2	 27.8	 14.2	  9.8	 41.5	 92.5	0	    0
	    0
	    0
	    0
	    0
	    0
	    0
	    0
	    0
	    0
 2805	    3	 32.7	 31.0	 22.4	  4.6	 78.2	 98.4	0	    0
	    0
	    0
	    0
	    0
	    0
	    0
	    0
	    0
	    0
	    0
	    0
	    0
	    0
	    0
	    0
	    0
	    0
	    0
	    0
	    0
	    0
	    0
	    0
 2829	    3	 35.9	 33.2	 24.4	  4.8	 49.5	 55.0	0	    0
	    0
	    0
	    0
	    0
	    0
	    0
	    0
	    0
	    0
	    0
	    0
	    0
	    0
	    0
 2844	    3	 34.2	 32.5	 23.8	  4.7	 16.7	 42.6	0	    0
	    0
	    0
	    0
	    0
	    0
 2850	    5	 46.9	 28.2	 14.5	 10.0	 23.6	 55.8	0	    0
	    0
	    0
	    0
	    0
	    0
	    0
	    0
	    0
	    0
	    0
	    0
	    0
 2863	    3	 32.0	 32.6	 24.0	  4.4	 58.4	 97.7	0	    0
 2864	    5	 44.3	 27.7	 14.2	  9.7	 80.8	 65.6	0	    0
	    0
	    0
	    0
	    0
	    0
	    0
 2871	    3	 32.4	 31.9	 23.3	  4.5	 44.3	 58.1	1	    0
	    0
	    0
	    0
	    0
	    0
	    0
	    0
	    0
	    0
	    0
	    0
	    0
	    0
	    0
 2886	    5	 41.4	 27.3	 14.0	  9.3	  8.9	 72.6	0	    0
	    0
	    0
	    0
	    0
	    0
	    0
	    0
	    0
	    0
	    0
	    0
	    0
	    0
	    0
	    0
	    0
	    0
	    0
	    0
	    0
	    0
	    0
	    0
	    0
	    0
	    0
	    0
	    0
	    0
	    0
	    0
	    0
	    0
 2920	    5	 44.4	 27.8	 14.2	  9.7	 32.7	 43.7	1	    0
	    0
	    0
	    0
	    0
	    0
	    0
	    0
	    0
	    0
	    0
	    0
	    0
	    0
	    0
	    0
	    0
	    0
	    0
	    0
	    0
	    0
	    0
	    0
 2944	    5	 39.4	 27.0	 13.8	  9.0	 60.3	 69.4	1	    0
	    0
	    0
	    0
	    0
	    0
	    0
	    0
	    0
	    0
	    0
	    0
 2956	    3	 32.8	 32.2	 23.6	  4.5	 63.3	 42.1	0	    0
	    0
	    0
	    0
	    0
	    0
 2962	    3	 37.0	 33.4	 24.5	  4.9	 62.2	 90.7	0	    0
	    0
	    0
	    0
	    0
	    0
	    0
	    0
	    0
	    0
	    0
	    0
	    0
	    0
	    0
	    0
	    0
	    0
	    0
	    0
	    0
	    0
	    0
	    0
	    0
	    0
	    0
	    0
	    0
	    0
	    0
	    0
	    0
	    0
	    0
	    0
	    0
	    0
	    0
	    0
	    0
	    0
	    0
	    0
	    0
	    0
	    0
	    0
	    0
	    0
	    0
	    0
	    0
	    0
	    0
	    0
	    0
	    0
	    0
	    0
	    0
 3023	    3	 35.6	 32.9	 24.1	  4.8	 38.3	 84.9	0	    0
	    0
	    0
	    0
	    0
	    0
	    0
	    0
	    0
	    0
	    0
	    0
	    0
	    0
	    0
 3038	    5	 44.2	 27.4	 14.0	  9.7	 60.8	 90.1	0	    0
	    0
 3040	    5	 40.2	 27.5	 14.0	  9.0	 99.6	 86.3	0	    0
	    0
	    0
	    0
	    0
	    0
	    0
	    0
	    0
	    0
	    0
	    0
	    0
	    0
	    0
	    0
	    0
	    0
	    0
	    0
	    0
	    0
	    0
	    0
	    0
	    0
	    0
	    0
 3068	    3	 34.1	 32.4	 23.7	  4.7	  5.9	 58.8	0	    0
	    0
	    0
	    0
	    0
	    0
	    0
	    0
	    0
	    0
	    0
	    0
	    0
	    0
	    0
	    0
	    0
	    0
	    0
	    0
	    0
	    0
	    0
	    0
	    0
	    0
	    0
	    0
	    0
	    0
	    0
	    0
	    0
	    0
	    0
	    0
	    0
	    0
	    0
	    0
	    0
	    0
	    0
	    0
 3112	    5	 45.2	 27.7	 14.2	  9.8	 89.7	 62.0	0	    0
	    0
	    0
	    0
	    0
	    0
	    0
 3119	    5	 43.8	 27.6	 14.1	  9.6	 12.4	 21.9	0	    0
	    0
	    0
	    0
	    0
	    0
 3125	    5	 42.2	 27.5	 14.1	  9.4	 75.6	 58.1	0	    0
	    0
	    0
	    0
	    0
	    0
	    0
	    0
	    0
	    0
	    0
	    0
	    0
	    0
	    0
	    0
	    0
	    0
	    0
	    0
	    0
	    0
 3147	    3	 36.0	 33.1	 24.3	  4.8	 17.3	 25.0	0	    0
	    0
 3149	    3	 33.7	 32.7	 24.0	  4.6	  0.0	 65.7	0	    0
	    0
	    0
	    0
	    0
	    0
	    0
	    0
	    0
	    0
	    0
	    0
	    0
	    0
	    0
	    0
	    0
 3166	    3	 34.0	 32.7	 24.0	  4.6	 61.3	  2.4	0	    0
	    0
	    0
	    0
	    0
	    0
	    0
	    0
	    0
	    0
	    0
	    0
	    0
	    0
	    0
	    0
	    0
	    0
	    0
	    0
	    0
	    0
	    0
 3189	    5	 47.7	 28.4	 14.6	 10.1	 70.5	  3.3	0	    0
	    0
	    0
	    0
	    0
	    0
	    0
	    0
	    0
	    0
	    0
 3200	    3	 35.6	 32.8	 24.0	  4.8	 19.9	 96.2	0	    0
	    0
	    0
	    0
	    0
 3205	    3	 35.4	 33.1	 24.3	  4.8	 22.9	 46.8	0	    0
	    0
	    0
	    0
	    0
	    0
	    0
	    0
	    0
	    0
	    0
	    0
	    0
	    0
	    0
	    0
	    0
	    0
	    0
	    0
	    0
	    0
 3227	    5	 45.4	 27.8	 14.3	  9.9	 94.1	 95.0	0	    0
	    0
	    0
	    0
	    0
	    0
	    0
	    0
	    0
	    0
	    0
 3238	    3	 35.3	 33.0	 24.2	  4.8	 65.6	 84.3	0	    0
	    0
	    0
	    0
	    0
 3243	    3	 33.8	 32.4	 23.8	  4.6	 46.8	 77.2	0	    0
	    0
	    0
	    0
	    0
	    0
	    0
	    0
	    0
	    0
	    0
	    0
	    0
	    0
	    0
	    0
	    0
	    0
	    0
	    0
	    0
	    0
	    0
	    0
	    0
	    0
	    0
	    0
	    0
	    0
	    0
	    0
	    0
	    0
	    0
	    0
 3279	    3	 36.6	 33.4	 24.6	  4.9	 62.8	 10.9	0	    0
	    0
	    0
	    0
	    0
	    0
	    0
	    0
	    0
 3288	    3	 31.5	 31.6	 23.1	  4.4	 37.9	  6.6	0	    0
	    0
	    0
	    0
	    0
 3293	    3	 33.7	 32.5	 23.8	  4.6	 13.3	 96.9	0	    0
	    0
	    0
	    0
	    0
	    0
	    0
	    0
	    0
	    0
	    0
	    0
	    0
	    0
	    0
	    0
	    0
	    0
	    0
	    0
	    0
	    0
	    0
 3316	    3	 36.2	 33.3	 24.5	  4.8	 39.1	 57.7	0	    0
	    0
	    0
	    0
	    0
	    0
	    0
	    0
	    0
	    0
	    0
	    0
 3328	    3	 33.2	 32.0	 23.4	  4.6	 89.5	 47.3	0	    0
	    0
	    0
	    0
	    0
	    0
	    0
	    0
	    0
	    0
	    0
	    0
	    0
	    0
	    0
	    0
	    0
	    0
	    0
	    0
	    0
	    0
	    0
	    0
	    0
	    0
	    0
	    0
	    0
	    0
	    0
 3359	    3	 33.0	 32.2	 23.5	  4.5	 96.8	 79.0	0	    0
	    0
	    0
	    0
	    0
	    0
	    0
	    0
	    0
	    0
	    0
	    0
	    0
	    0
	    0
	    0
	    0
	    0
	    0
 3378	    5	 46.8	 28.0	 14.4	 10.1	 46.3	  0.5	0	    0
	    0
	    0
	    0
	    0
	    0
	    0
	    0
	    0
	    0
	    0
	    0
	    0
	    0
	    0
	    0
	    0
	    0
	    0
	    0
	    0
	    0
	    0
	    0
	    0
	    0
	    0
	    0
 3406	    5	 46.3	 27.9	 14.3	 10.0	  1.4	  1.6	0	    0
 3407	    5	 45.6	 28.1	 14.4	  9.8	 54.9	 15.3	0	    0
	    0
 3409	    3	 33.9	 32.5	 23.8	  4.6	 83.8	 12.2	0	    0
	    0
	    0
	    0
	    0
	    0
	    0
	    0
	    0
	    0
	    0
	    0
	    0
	    0
	    0
	    0
	    0
 3426	    5	 44.3	 27.8	 14.2	  9.7	 37.9	 79.6	0	    0
	    0
	    0
	    0
	    0
	    0
	    0
	    0
	    0
	    0
	    0
	    0
	    0
	    0
	    0
 3441	    3	 34.0	 32.1	 23.4	  4.7	 11.8	 71.8	0	    0
	    0
	    0
	    0
	    0
	    0
	    0
	    0
	    0
	    0
	    0
	    0
	    0
	    0
	    0
	    0
	    0
	    0
	    0
	    0
	    0
	    0
	    0
	    0
	    0
	    0
	    0
	    0
	    0
	    0
	    0
	    0
	    0
	    0
	    0
	    0
	    0
	    0
	    0
	    0
	    0
	    0
	    0
	    0
	    0
	    0
	    0
	    0
 3489	    5	 47.2	 28.5	 14.7	 10.0	 64.1	 19.5	0	    0
	    0
	    0
	    0
	    0
	    0
	    0
	    0
	    0
	    0
	    0
	    0
	    0
	    0
	    0
	    0
	    0
	    0
	    0
	    0
	    0
	    0
	    0
	    0
	    0
	    0
	    0
	    0
	    0
	    0
	    0
	    0
	    0
	    0
	    0
	    0
	    0
	    0
	    0
	    0
	    0
	    0
	    0
	    0
	    0
	    0
	    0
	    0
	    0
	    0
	    0
	    0
	    0
	    0
	    0
	    0
	    0
	    0
	    0
	    0
	    0
	    0
	    0
	    0
	    0
	    0
	    0
 3556	    3	 32.7	 32.2	 23.6	  4.5	 35.3	 60.1	0	    0
	    0
	    0
	    0
	    0
	    0
	    0
	    0
	    0
	    0
	    0
	    0
	    0
	    0
	    0
	    0
	    0
	    0
	    0
 3575	    5	 41.1	 27.1	 13.9	  9.2	 43.4	 54.9	1	    0
	    0
	    0
	    0
	    0
	    0
	    0
	    0
	    0
	    0
 3585	    5	 48.6	 28.6	 14.7	 10.3	 79.7	 97.3	0	    0
 3586	    5	 46.9	 27.9	 14.3	 10.1	 70.4	 92.8	0	    0
	    0
	    0
	    0
	    0
	    0
	    0
	    0
	    0
	    0
	    0
	    0
	    0
	    0
	    0
 3601	    3	 31.9	 32.1	 23.5	  4.4	 54.3	 24.3	0	    0
	    0
	    0
	    0
	    0
	    0
	    0
	    0
	    0
	    0
	    0
	    0
	    0
	    0
	    0
	    0
	    0
	    0
	    0
	    0
	    0
	    0
	    0
	    0
	    0
	    0
	    0
	    0
	    0
	    0
	    0
	    0
	    0
	    0
	    0
	    0
	    0
	    0
	    0
	    0
	    0
	    0
	    0
	    0
	    0
	    0
	    0
	    0
	    0
	    0
	    0
	    0
	    0
	    0
	    0
	    0
	    0
	    0
	    0
	    0
	    0
	    0
	    0
	    0
	    0
	    0
	    0
	    0
	    0
	    0
	    0
	    0
	    0
	    0
	    0
	    0
	    0
	    0
	    0
	    0
	    0
	    0
	    0
	    0
	    0
	    0
	    0
	    0
 3689	    3	 33.2	 32.3	 23.7	  4.6	 98.7	 78.5	0	    0
	    0
	    0
	    0
	    0
	    0
	    0
	    0
	    0
	    0
	    0
	    0
	    0
	    0
	    0
	    0
	    0
	    0
	    0
	    0
 3709	    5	 41.9	 27.3	 14.0	  9.3	 70.1	 36.4	0	    0
	    0
	    0
	    0
	    0
	    0
	    0
 3716	    3	 33.3	 32.5	 23.8	  4.6	 95.2	 69.8	0	    0
	    0
	    0
	    0
	    0
	    0
	    0
	    0
	    0
	    0
	    0
 3727	    3	 30.4	 30.7	 22.3	  4.3	 54.5	 34.8	0	    0
	    0
	    0
	    0
	    0
	    0
	    0
 3734	    5	 45.0	 27.9	 14.3	  9.8	 83.1	  1.3	1	    0
	    0
	    0
 3737	    3	 33.6	 31.6	 23.0	  4.6	 67.7	 65.7	0	    0
	    0
	    0
	    0
 3741	    3	 35.9	 33.1	 24.3	  4.8	 43.4	 23.6	0	    0
	    0
	    0
	    0
	    0
	    0
	    0
 3748	    3	 32.9	 32.4	 23.8	  4.5	  3.6	 75.2	0	    0
	    0
	    0
	    0
 3752	    3	 34.1	 32.5	 23.8	  4.6	 94.0	 99.1	0	    0
	    0
	    0
	    0
	    0
	    0
	    0
	    0
	    0
	    0
	    0
	    0
 3764	    3	 34.1	 32.7	 24.0	  4.6	 27.6	 95.5	0	    0
	    0
	    0
 3767	    3	 34.3	 32.0	 23.3	  4.7	 84.8	 21.6	0	    0
	    0
	    0
 3770	    3	 33.9	 32.7	 24.0	  4.6	 27.6	 30.0	0	    0
	    0
	    0
	    0
	    0
	    0
	    0
	    0
	    0
	    0
	    0
	    0
	    0
	    0
	    0
	    0
	    0
	    0
	    0
	    0
	    0
	    0
	    0
	    0
	    0
	    0
	    0
	    0
	    0
	    0
	    0
	    0
	    0
	    0
	    0
	    0
	    0
	    0
 3808	    5	 40.9	 27.6	 14.1	  9.1	 86.6	 66.1	0	    0
	    0
	    0
	    0
	    0
	    0
	    0
	    0
	    0
	    0
	    0
	    0
	    0
	    0
	    0
	    0
	    0
	    0
	    0
	    0
	    0
	    0
	    0
	    0
	    0
	    0
	    0
	    0
	    0
	    0
	    0
	    0
	    0
	    0
	    0
	    0
	    0
	    0
	    0
	    0
	    0
	    0
	    0
 3851	    3	 33.3	 32.0	 23.4	  4.6	 46.5	 87.2	0	    0
	    0
	    0
	    0
	    0
	    0
	    0
	    0
	    0
	    0
	    0
	    0
 3863	    3	 34.8	 32.6	 23.9	  4.7	 93.1	 94.0	0	    0
	    0
	    0
	    0
	    0
	    0
	    0
	    0
	    0
	    0
	    0
	    0
	    0
	    0
	    0
	    0
	    0
	    0
	    0
 3882	    5	 42.9	 27.5	 14.1	  9.5	 40.5	 46.1	0	    0
	    0
	    0
	    0
	    0
	    0
	    0
	    0
 3890	    5	 45.3	 27.8	 14.3	  9.8	 29.9	 71.0	0	    0
	    0
	    0
	    0
	    0
	    0
	    0
	    0
	    0
	    0
	    0
	    0
	    0
	    0
	    0
	    0
	    0
	    0
 3908	    5	 43.0	 27.8	 14.3	  9.5	  1.1	 60.6	0	    0
	    0
	    0
	    0
	    0
	    0
	    0
	    0
	    0
	    0
	    0
	    0
 3920	    3	 35.2	 33.0	 24.3	  4.7	 11.9	 49.8	0	    0
	    0
	    0
	    0
	    0
	    0
	    0
	    0
	    0
	    0
 3930	    3	 34.1	 32.7	 24.0	  4.6	 77.4	 83.5	0	    0
	    0
	    0
	    0
	    0
	    0
	    0
 3937	    5	 45.4	 27.7	 14.2	  9.9	 71.2	 19.6	1	    0
	    0
	    0
	    0
	    0
	    0
	    0
	    0
	    0
	    0
	    0
	    0
	    0
	    0
	    0
	    0
	    0
	    0
	    0
	    0
	    0
	    0
	    0
	    0
	    0
	    0
	    0
	    0
	    0
	    0
	    0
	    0
	    0
	    0
	    0
	    0
	    0
	    0
 3975	    3	 33.5	 32.5	 23.8	  4.6	  2.6	 67.4	0	    0
	    0
	    0
	    0
	    0
	    0
	    0
	    0
	    0
	    0
	    0
	    0
	    0
	    0
	    0
	    0
	    0
	    0
	    0
	    0
	    0
	    0
	    0
	    0
	    0
	    0
	    0
	    0
 4003	    3	 35.7	 32.9	 24.2	  4.8	 36.8	 69.4	0	    0
	    0
	    0
	    0
 4007	    3	 35.7	 33.2	 24.4	  4.8	 19.0	 65.9	0	    0
	    0
	    0
	    0
	    0
	    0
 4013	    3	 32.7	 31.4	 22.8	  4.6	 47.1	 39.4	0	    0
	    0
	    0
	    0
	    0
	    0
	    0
	    0
	    0
	    0
	    0
	    0
	    0
	    0
	    0
	    0
	    0
	    0
	    0
	    0
	    0
	    0
	    0
	    0
	    0
	    0
	    0
	    0
	    0
	    0
	    0
	    0
	    0
	    0
	    0
	    0
	    0
	    0
	    0
	    0
	    0
	    0
	    0
	    0
	    0
	    0
	    0
	    0
	    0
	    0
 4063	    3	 34.4	 32.6	 23.9	  4.7	 31.2	 46.1	0	    0
	    0
 4065	    5	 41.8	 27.8	 14.2	  9.3	 11.7	 73.2	0	    0
	    0
 4067	    5	 41.2	 27.4	 14.0	  9.2	 17.9	 12.5	1	    0
	    0
	    0
	    0
 4071	    5	 45.5	 28.1	 14.4	  9.8	 21.5	  2.9	1	    0
	    0
	    0
	    0
	    0
	    0
 4077	    5	 42.1	 27.5	 14.0	  9.4	  2.3	 25.2	0	    0
	    0
	    0
	    0
	    0
	    0
	    0
	    0
	    0
	    0
	    0
	    0
 4089	    3	 36.0	 33.2	 24.4	  4.8	 65.3	 64.0	0	    0
	    0
 4091	    5	 47.6	 28.2	 14.5	 10.1	 31.5	 81.3	0	    0
	    0
	    0
	    0
	    0
	    0
	    0
	    0
	    0
	    0
	    0
	    0
	    0
	    0
	    0
	    0
	    0
 4108	    5	 41.8	 27.6	 14.1	  9.3	 48.4	 46.3	0	    0
	    0
 4110	    5	 42.2	 27.2	 13.9	  9.4	 95.6	 16.6	0	    0
	    0
	    0
 4113	    3	 30.7	 31.1	 22.6	  4.3	 14.9	 46.0	0	    0
	    0
	    0
	    0
	    0
	    0
	    0
 4120	    5	 45.2	 28.0	 14.4	  9.8	 46.6	 58.7	0	    0
	    0
	    0
 4123	    3	 32.1	 31.8	 23.2	  4.5	 70.8	 18.0	0	    0
	    0
 4125	    5	 38.2	 27.1	 13.8	  8.7	  1.0	 32.1	0	    0
	    0
	    0
	    0
	    0
	    0
	    0
	    0
	    0
	    0
	    0
	    0
 4137	    5	 46.2	 28.2	 14.5	  9.9	 70.8	 66.9	0	    0
	    0
	    0
	    0
	    0
	    0
	    0
	    0
	    0
	    0
	    0
	    0
 4149	    3	 35.1	 32.6	 23.9	  4.8	 14.2	 17.8	0	    0
	    0
	    0
	    0
	    0
	    0
	    0
	    0
	    0
 4158	    3	 35.1	 32.9	 24.2	  4.7	 66.5	 45.2	0	    0
	    0
	    0
	    0
	    0
	    0
	    0
	    0
	    0
	    0
	    0
	    0
	    0
	    0
	    0
	    0
	    0
	    0
	    0
 4177	    3	 32.7	 32.0	 23.4	  4.5	 97.2	 97.1	0	    0
	    0
 4179	    3	 35.7	 33.2	 24.4	  4.8	 15.5	 28.3	0	    0
	    0
	    0
	    0
	    0
	    0
	    0
	    0
	    0
	    0
	    0
	    0
	    0
	    0
	    0
	    0
	    0
	    0
	    0
	    0
	    0
 4200	    3	 36.0	 33.0	 24.2	  4.8	 40.7	  8.0	0	    0
	    0
	    0
	    0
	    0
	    0
 4206	    3	 33.7	 32.8	 24.1	  4.6	 76.9	 77.5	0	    0
	    0
	    0
	    0
	    0
	    0
	    0
	    0
 4214	    3	 34.4	 32.8	 24.1	  4.7	 84.9	 53.0	0	    0
	    0
	    0
	    0
	    0
	    0
	    0
 4221	    5	 37.0	 26.7	 13.6	  8.6	 59.9	  8.2	0	    0
 4222	    3	 36.5	 33.5	 24.7	  4.9	 19.6	  7.9	0	    0
 4223	    3	 37.1	 32.3	 23.5	  5.0	 84.6	 60.2	0	    0
	    0
	    0
	    0
	    0
	    0
	    0
	    0
 4231	    5	 48.8	 28.5	 14.7	 10.3	 69.4	 28.4	1	    0
	    0
	    0
	    0
	    0
	    0
	    0
	    0
 4239	    3	 33.1	 32.4	 23.7	  4.5	 16.6	 41.0	0	    0
	    0
	    0
	    0
	    0
	    0
 4245	    5	 47.6	 28.4	 14.6	 10.1	 19.3	 87.6	0	    0
	    0
	    0
	    0
	    0
	    0
	    0
 4252	    3	 33.1	 32.0	 23.3	  4.6	 49.6	 87.2	0	    0
	    0
	    0
 4255	    3	 33.0	 32.4	 23.8	  4.5	 91.3	 81.2	0	    0
	    0
	    0
	    0
	    0
	    0
	    0
	    0
 4263	    3	 31.4	 31.3	 22.8	  4.4	 35.0	 79.2	1	    0
	    0
	    0
	    0
	    0
	    0
	    0
 4270	    5	 47.3	 28.2	 14.5	 10.1	 85.9	 73.1	0	    0
	    0
	    0
	    0
	    0
	    0
	    0
	    0
	    0
	    0
	    0
	    0
	    0
	    0
	    0
	    0
	    0
	    0
	    0
	    0
	    0
	    0
	    0
	    0
	    0
	    0
	    0
	    0
	    0
	    0
	    0
	    0
	    0
	    0
	    0
	    0
	    0
	    0
	    0
	    0
	    0
	    0
	    0
	    0
	    0
	    0
 4316	    3	 33.9	 32.3	 23.6	  4.6	 47.8	  1.8	0	    0
	    0
	    0
	    0
	    0
	    0
	    0
	    0
	    0
	    0
	    0
	    0
	    0
	    0
	    0
	    0
	    0
	    0
 4334	    3	 32.5	 31.8	 23.2	  4.5	 12.2	  0.9	0	    0
	    0
	    0
	    0
	    0
	    0
	    0
	    0
 4342	    5	 40.7	 27.6	 14.1	  9.1	 12.9	 76.5	0	    0
	    0
	    0
	    0
	    0
	    0
	    0
	    0
	    0
	    0
 4352	    5	 48.6	 28.3	 14.5	 10.3	 60.1	 37.8	0	    0
	    0
	    0
	    0
	    0
	    0
	    0
	    0
	    0
	    0
	    0
	    0
	    0
	    0
	    0
	    0
	    0
	    0
	    0
	    0
	    0
	    0
	    0
	    0
 4376	    5	 46.4	 28.1	 14.4	 10.0	 53.1	 35.6	0	    0
	    0
	    0
	    0
	    0
	    0
	    0
	    0
	    0
	    0
	    0
	    0
	    0
	    0
	    0
	    0
	    0
	    0
	    0
	    0
 4396	    3	 33.1	 31.9	 23.3	  4.6	 77.1	  9.5	0	    0
	    0
	    0
	    0
	    0
 4401	    5	 42.5	 27.2	 13.9	  9.5	 43.7	 99.7	1	    0
	    0
	    0
	    0
	    0
	    0
	    0
	    0
	    0
	    0
	    0
	    0
	    0
	    0
	    0
	    0
	    0
	    0
	    0
 4420	    3	 38.5	 33.8	 24.9	  5.1	 41.3	 97.8	0	    0
	    0
 4422	    3	 36.5	 33.4	 24.6	  4.9	 13.7	  8.0	0	    0
	    0
 4424	    5	 36.8	 26.7	 13.6	  8.6	  7.9	  7.7	0	    0
	    0
	    0
	    0
	    0
	    0
	    0
	    0
	    0
	    0
	    0
	    0
	    0
	    0
	    0
	    0
	    0
	    0
	    0
	    0
	    0
	    0
	    0
	    0
	    0
	    0
	    0
	    0
	    0
	    0
	    0
	    0
	    0
	    0
	    0
	    0
	    0
 4461	    3	 33.9	 32.3	 23.6	  4.6	 33.9	 46.4	0	    0
	    0
	    0
	    0
	    0
	    0
	    0
	    0
	    0
	    0
	    0
	    0
	    0
	    0
	    0
	    0
	    0
	    0
	    0
	    0
	    0
	    0
	    0
	    0
	    0
	    0
	    0
	    0
	    0
	    0
	    0
 4492	    5	 42.8	 27.8	 14.2	  9.4	 32.7	  7.6	0	    0
	    0
	    0
	    0
	    0
	    0
	    0
	    0
	    0
	    0
	    0
	    0
	    0
	    0
	    0
	    0
	    0
	    0
	    0
	    0
	    0
	    0
	    0
	    0
	    0
	    0
	    0
	    0
 4520	    3	 34.0	 32.6	 23.9	  4.6	 75.3	 48.1	0	    0
	    0
 4522	    3	 36.8	 33.4	 24.6	  4.9	 57.2	 26.5	0	    0
	    0
 4524	    3	 34.0	 32.7	 24.0	  4.6	 53.3	  3.4	0	    0
	    0
	    0
	    0
	    0
	    0
	    0
	    0
	    0
	    0
	    0
	    0
	    0
	    0
	    0
	    0
	    0
	    0
	    0
	    0
	    0
	    0
	    0
	    0
	    0
	    0
	    0
	    0
	    0
	    0
	    0
 4555	    5	 41.2	 27.6	 14.1	  9.2	 78.8	 10.9	0	    0
	    0
	    0
	    0
	    0
	    0
	    0
	    0
	    0
	    0
 4565	    3	 36.7	 33.4	 24.6	  4.9	 56.4	 47.5	0	    0
 4566	    3	 36.1	 33.2	 24.4	  4.8	 98.3	 82.8	0	    0
	    0
	    0
	    0
	    0
	    0
	    0
	    0
	    0
	    0
	    0
	    0
	    0
	    0
	    0
	    0
	    0
	    0
	    0
	    0
	    0
	    0
	    0
	    0
	    0
	    0
	    0
 4593	    3	 35.2	 32.9	 24.1	  4.8	 69.6	 76.9	0	    0
	    0
	    0
	    0
	    0
	    0
	    0
	    0
	    0
	    0
	    0
	    0
	    0
	    0
	    0
	    0
	    0
	    0
	    0
	    0
	    0
	    0
	    0
	    0
 4617	    5	 47.2	 28.4	 14.6	 10.1	 63.6	 29.4	0	    0
	    0
	    0
	    0
	    0
 4622	    3	 34.3	 32.8	 24.1	  4.7	  3.6	 78.3	0	    0
	    0
	    0
	    0
	    0
	    0
	    0
	    0
	    0
	    0
	    0
	    0
	    0
	    0
	    0
	    0
	    0
	    0
	    0
	    0
 4642	    3	 34.9	 33.0	 24.3	  4.7	  5.4	 76.9	0	    0
	    0
	    0
	    0
	    0
	    0
	    0
	    0
	    0
	    0
	    0
	    0
	    0
 4655	    3	 35.3	 33.0	 24.2	  4.8	  5.3	 89.9	0	    0
	    0
	    0
	    0
	    0
	    0
 4661	    3	 34.9	 33.0	 24.2	  4.7	 33.6	 21.0	0	    0
	    0
	    0
	    0
	    0
	    0
	    0
	    0
 4669	    5	 36.5	 26.8	 13.7	  8.5	 82.8	 13.4	0	    0
	    0
	    0
	    0
	    0
	    0
	    0
	    0
	    0
	    0
	    0
	    0
	    0
	    0
 4683	    3	 33.5	 32.5	 23.8	  4.6	 87.1	 23.4	0	    0
	    0
	    0
	    0
	    0
	    0
	    0
	    0
	    0
	    0
	    0
	    0
	    0
	    0
	    0
	    0
	    0
	    0
	    0
	    0
	    0
	    0
	    0
	    0
	    0
	    0
	    0
	    0
	    0
	    0
	    0
	    0
	    0
	    0
	    0
	    0
	    0
	    0
	    0
	    0
	    0
	    0
 4725	    3	 36.2	 33.3	 24.5	  4.8	 89.7	 69.7	0	    0
	    0
	    0
	    0
	    0
	    0
	    0
	    0
	    0
	    0
	    0
	    0
	    0
	    0
	    0
	    0
	    0
	    0
	    0
	    0
	    0
	    0
	    0
	    0
	    0
	    0
	    0
	    0
	    0
	    0
	    0
 4756	    3	 32.4	 31.8	 23.2	  4.5	 99.5	 22.2	0	    0
	    0
	    0
	    0
	    0
	    0
	    0
	    0
	    0
	    0
	    0
	    0
	    0
	    0
	    0
	    0
	    0
	    0
	    0
	    0
	    0
	    0
	    0
	    0
	    0
	    0
	    0
	    0
	    0
	    0
 4786	    5	 47.3	 28.7	 14.8	 10.0	 11.3	 32.5	0	    0
	    0
	    0
 4789	    5	 42.0	 27.7	 14.2	  9.3	  7.9	  5.4	0	    0
	    0
 4791	    5	 41.3	 27.1	 13.8	  9.3	 92.3	 26.1	1	    0
	    0
	    0
	    0
	    0
	    0
	    0
	    0
	    0
	    0
	    0
	    0
	    0
	    0
	    0
	    0
	    0
	    0
	    0
	    0
	    0
	    0
	    0
	    0
	    0
	    0
	    0
	    0
	    0
	    0
	    0
	    0
	    0
	    0
	    0
	    0
	    0
	    0
	    0
	    0
 4831	    5	 42.1	 27.6	 14.1	  9.3	  4.5	 42.3	0	    0
	    0
	    0
	    0
	    0
	    0
	    0
	    0
	    0
	    0
	    0
	    0
	    0
	    0
	    0
	    0
	    0
	    0
	    0
	    0
	    0
	    0
	    0
	    0
	    0
	    0
	    0
	    0
	    0
	    0
	    0
	    0
	    0
	    0
 4865	    5	 45.8	 28.3	 14.5	  9.9	 42.1	 75.9	0	    0
	    0
 4867	    3	 34.1	 32.7	 24.0	  4.6	 36.2	 34.6	0	    0
	    0
	    0
	    0
	    0
	    0
	    0
	    0
 4875	    5	 43.8	 27.6	 14.1	  9.6	 76.7	 15.0	1	    0
	    0
	    0
	    0
	    0
	    0
	    0
	    0
 4883	    3	 35.5	 33.2	 24.4	  4.8	 99.5	 44.5	0	    0
	    0
	    0
	    0
	    0
	    0
	    0
	    0
 4891	    3	 33.5	 32.6	 23.9	  4.6	  2.2	 44.3	1	    0
	    0
	    0
	    0
	    0
	    0
	    0
	    0
	    0
	    0
	    0
	    0
 4903	    5	 39.5	 27.0	 13.8	  9.0	 39.4	 86.3	0	    0
	    0
	    0
 4906	    5	 45.2	 27.9	 14.3	  9.8	  3.2	 30.6	0	    0
	    0
	    0
	    0
	    0
	    0
	    0
	    0
	    0
 4915	    3	 32.5	 30.7	 22.1	  4.6	 13.6	 62.8	0	    0
	    0
	    0
	    0
	    0
	    0
	    0
 4922	    3	 34.8	 32.8	 24.0	  4.7	 32.1	 15.5	0	    0
	    0
	    0
	    0
	    0
 4927	    5	 45.3	 28.1	 14.4	  9.8	  8.5	 22.2	1	    0
	    0
	    0
	    0
	    0
	    0
	    0
	    0
	    0
	    0
	    0
	    0
	    0
	    0
	    0
	    0
	    0
	    0
	    0
	    0
	    0
	    0
	    0
	    0
	    0
	    0
	    0
 4954	    3	 35.0	 32.7	 24.0	  4.7	 38.8	 72.1	0	    0
	    0
	    0
	    0
	    0
	    0
	    0
	    0
	    0
	    0
	    0
	    0
	    0
	    0
	    0
	    0
	    0
	    0
	    0
	    0
	    0
	    0
	    0
	    0
	    0
 4979	    5	 44.8	 27.7	 14.2	  9.8	 75.5	 35.6	0	    0
 4980	    5	 48.4	 28.2	 14.5	 10.3	 48.1	 69.2	0	    0
	    0
	    0
	    0
	    0
	    0
	    0
	    0
	    0
	    0
	    0
	    0
	    0
	    0
	    0
	    0
	    0
	    0
	    0
 4999	    3	 34.1	 32.6	 23.9	  4.7	 86.2	  2.2	0	    0
	    0
